,dataset_name,subset_name,prompt_id,template_name,dataset_key,input,output
0,id_hatespeech,id_hatespeech_nusantara_text,1cb4fa88-22af-4eb1-ab78-943a211e10a8,hate_or_noHate_zs_noopt_contains,train,"Dalam konteks ini, apakah teks yang mengandung kata-kata seperti: RT @spardaxyz: Fadli Zon Minta Mendagri Segera Menonaktifkan Ahok Jadi Gubernur DKI https:\/\/t.co\/KH5vIRwPdO, termasuk dalam kategori hatespeech?",tidak
1,id_hatespeech,id_hatespeech_nusantara_text,1cb4fa88-22af-4eb1-ab78-943a211e10a8,hate_or_noHate_zs_noopt_contains,train,"Dalam konteks ini, apakah teks yang mengandung kata-kata seperti: RT @baguscondromowo: Mereka terus melukai aksi dalam rangka memenjarakan Ahok atau Ahok gagal dalam Pilkada., termasuk dalam kategori hatespeech?",tidak
2,id_hatespeech,id_hatespeech_nusantara_text,1cb4fa88-22af-4eb1-ab78-943a211e10a8,hate_or_noHate_zs_noopt_contains,train,"Dalam konteks ini, apakah teks yang mengandung kata-kata seperti: Sylvi: bagaimana gurbernur melakukan kekerasan perempuan? Buktinya banyak ibu2 mau foto bareng #DebatFinalPilkadaJKT, termasuk dalam kategori hatespeech?",tidak
3,id_hatespeech,id_hatespeech_nusantara_text,1cb4fa88-22af-4eb1-ab78-943a211e10a8,hate_or_noHate_zs_noopt_contains,train,"Dalam konteks ini, apakah teks yang mengandung kata-kata seperti: Ahmad Dhani Tak Puas Debat Pilkada, Masalah Jalan di Bekasi Belum Sempat Terungkap https:\/\/t.co\/m3HopPLUID\u2026, termasuk dalam kategori hatespeech?",tidak
4,id_hatespeech,id_hatespeech_nusantara_text,1cb4fa88-22af-4eb1-ab78-943a211e10a8,hate_or_noHate_zs_noopt_contains,train,"Dalam konteks ini, apakah teks yang mengandung kata-kata seperti: RT @lisdaulay28: Waspada KTP palsu.....kawal PILKADA https:\/\/t.co\/OOoERQV4SM, termasuk dalam kategori hatespeech?",tidak
5,id_hatespeech,id_hatespeech_nusantara_text,1cb4fa88-22af-4eb1-ab78-943a211e10a8,hate_or_noHate_zs_noopt_contains,train,"Dalam konteks ini, apakah teks yang mengandung kata-kata seperti: @felixsiauw masih bnyak hal agamis yg bisa dibahas, kenapa ke pilkada terus, apa tingkat keimanan anda cuma sebatas pilkada????, termasuk dalam kategori hatespeech?",tidak
6,id_hatespeech,id_hatespeech_nusantara_text,1cb4fa88-22af-4eb1-ab78-943a211e10a8,hate_or_noHate_zs_noopt_contains,train,"Dalam konteks ini, apakah teks yang mengandung kata-kata seperti: @saidaqil apa maksud pernyataan. Anda? Apa anda mengaminkan kriminalisasi Ahok?? Hati2 jg dg mulutmu pak! https:\/\/t.co\/H4ODVaY0Md, termasuk dalam kategori hatespeech?",tidak
7,id_hatespeech,id_hatespeech_nusantara_text,1cb4fa88-22af-4eb1-ab78-943a211e10a8,hate_or_noHate_zs_noopt_contains,train,"Dalam konteks ini, apakah teks yang mengandung kata-kata seperti: Ahok Akan Integrasikan Transportasi Publik dengan Sistem Single Ticketing\u2026 https:\/\/t.co\/42PH7pqV0b #infoTribun, termasuk dalam kategori hatespeech?",tidak
8,id_hatespeech,id_hatespeech_nusantara_text,1cb4fa88-22af-4eb1-ab78-943a211e10a8,hate_or_noHate_zs_noopt_contains,train,"Dalam konteks ini, apakah teks yang mengandung kata-kata seperti: Ahok mampu melawan korupsi di ibukota, bangun infrastruktur, mencoba memperbaiki dengan berbagai trobosan dan works well., termasuk dalam kategori hatespeech?",tidak
9,id_hatespeech,id_hatespeech_nusantara_text,1cb4fa88-22af-4eb1-ab78-943a211e10a8,hate_or_noHate_zs_noopt_contains,train,"Dalam konteks ini, apakah teks yang mengandung kata-kata seperti: Awasi Kecurangan Pilkada, Agus - Sylvi Pakai Aplikasi Ini https:\/\/t.co\/xWZW4nUFIU, termasuk dalam kategori hatespeech?",tidak
10,id_hatespeech,id_hatespeech_nusantara_text,1cb4fa88-22af-4eb1-ab78-943a211e10a8,hate_or_noHate_zs_noopt_contains,train,"Dalam konteks ini, apakah teks yang mengandung kata-kata seperti: Bisa gak kita seperti Jokowi dan Ahok? Aku kalem, kamu tegas saling melengkapi. :'), termasuk dalam kategori hatespeech?",tidak
11,id_hatespeech,id_hatespeech_nusantara_text,1cb4fa88-22af-4eb1-ab78-943a211e10a8,hate_or_noHate_zs_noopt_contains,train,"Dalam konteks ini, apakah teks yang mengandung kata-kata seperti: Bos mau makan di istana ga, Di undang noh makan di istana Gebang tapinya https:\/\/t.co\/ns6cUYCpUj, termasuk dalam kategori hatespeech?",tidak
12,id_hatespeech,id_hatespeech_nusantara_text,1cb4fa88-22af-4eb1-ab78-943a211e10a8,hate_or_noHate_zs_noopt_contains,train,"Dalam konteks ini, apakah teks yang mengandung kata-kata seperti: Cuti Habis Ahok Jadi Gubernur DKI Lagi? Pengamat: Jangan Mengada-ada | Republika Online https:\/\/t.co\/T3kzvq9E4e, termasuk dalam kategori hatespeech?",tidak
13,id_hatespeech,id_hatespeech_nusantara_text,1cb4fa88-22af-4eb1-ab78-943a211e10a8,hate_or_noHate_zs_noopt_contains,train,"Dalam konteks ini, apakah teks yang mengandung kata-kata seperti: Debat terakhir Pilkada DKI Jakarta digelar Jumat malam. https:\/\/t.co\/e9ixz6Jllr, termasuk dalam kategori hatespeech?",tidak
14,id_hatespeech,id_hatespeech_nusantara_text,1cb4fa88-22af-4eb1-ab78-943a211e10a8,hate_or_noHate_zs_noopt_contains,train,"Dalam konteks ini, apakah teks yang mengandung kata-kata seperti: Demonstran FPD Malteng Desak Bawaslu Hentikan Sementara Tahapan Pilkada Maluku Tengah, termasuk dalam kategori hatespeech?",tidak
15,id_hatespeech,id_hatespeech_nusantara_text,1cb4fa88-22af-4eb1-ab78-943a211e10a8,hate_or_noHate_zs_noopt_contains,train,"Dalam konteks ini, apakah teks yang mengandung kata-kata seperti: Dulu Didesak Berhentikan Ahok Ngeles Usai Masa Cuti Pilkada, Sekarang Kampanye Mau Habis Kemendagri Ragu-ragu https:\/\/t.co\/92ss4trDcX, termasuk dalam kategori hatespeech?",tidak
16,id_hatespeech,id_hatespeech_nusantara_text,1cb4fa88-22af-4eb1-ab78-943a211e10a8,hate_or_noHate_zs_noopt_contains,train,"Dalam konteks ini, apakah teks yang mengandung kata-kata seperti: Gila gara2 pilkada, beberapa tokoh menampakkan watak aslinya., termasuk dalam kategori hatespeech?",tidak
17,id_hatespeech,id_hatespeech_nusantara_text,1cb4fa88-22af-4eb1-ab78-943a211e10a8,hate_or_noHate_zs_noopt_contains,train,"Dalam konteks ini, apakah teks yang mengandung kata-kata seperti: Gontor Izinkan Santrinya Pulang Kampung Nyoblos Pilkada DKI | Republika Online https:\/\/t.co\/JhNOT8ecNz, termasuk dalam kategori hatespeech?",tidak
18,id_hatespeech,id_hatespeech_nusantara_text,1cb4fa88-22af-4eb1-ab78-943a211e10a8,hate_or_noHate_zs_noopt_contains,train,"Dalam konteks ini, apakah teks yang mengandung kata-kata seperti: Gubernur non-aktif DKI Jakarta, Basuki Tjahaja Purnama atau Ahok, berencana merombak struktur jabatan pegawai... https:\/\/t.co\/cdKEZxF9xO, termasuk dalam kategori hatespeech?",tidak
19,id_hatespeech,id_hatespeech_nusantara_text,1cb4fa88-22af-4eb1-ab78-943a211e10a8,hate_or_noHate_zs_noopt_contains,train,"Dalam konteks ini, apakah teks yang mengandung kata-kata seperti: HEBAT .. !!! Imam Besar Masjid Istiqlal : Kalimat Ahok 100% Tidak Ada Penistaan AGAMA .. !! SEBARKAN, termasuk dalam kategori hatespeech?",tidak
20,id_hatespeech,id_hatespeech_nusantara_text,1cb4fa88-22af-4eb1-ab78-943a211e10a8,hate_or_noHate_zs_noopt_contains,train,"Dalam konteks ini, apakah teks yang mengandung kata-kata seperti: Ibu2 aja, kalo beli telor pake milih2 sblm ditimbang. Pdh telor kan mirip2. Ibu2 itu tahu, telor ada yg busuk, termasuk dalam kategori hatespeech?",tidak
21,id_hatespeech,id_hatespeech_nusantara_text,1cb4fa88-22af-4eb1-ab78-943a211e10a8,hate_or_noHate_zs_noopt_contains,train,"Dalam konteks ini, apakah teks yang mengandung kata-kata seperti: Ini Jawaban Ahok Saat Ditanya Terkait Persiapan Debat Pilgub Terakhir Besok https:\/\/t.co\/S6rlsAR7Y9, termasuk dalam kategori hatespeech?",tidak
22,id_hatespeech,id_hatespeech_nusantara_text,1cb4fa88-22af-4eb1-ab78-943a211e10a8,hate_or_noHate_zs_noopt_contains,train,"Dalam konteks ini, apakah teks yang mengandung kata-kata seperti: Ini Pesan Ahok di Hari Pers Nasional #KitaPastiPernah https:\/\/t.co\/h0L6mrjM3R, termasuk dalam kategori hatespeech?",tidak
23,id_hatespeech,id_hatespeech_nusantara_text,1cb4fa88-22af-4eb1-ab78-943a211e10a8,hate_or_noHate_zs_noopt_contains,train,"Dalam konteks ini, apakah teks yang mengandung kata-kata seperti: Istighotsah Bersama Ahok Catut Logo NU https:\/\/t.co\/U2rPY3C25R, termasuk dalam kategori hatespeech?",tidak
24,id_hatespeech,id_hatespeech_nusantara_text,1cb4fa88-22af-4eb1-ab78-943a211e10a8,hate_or_noHate_zs_noopt_contains,train,"Dalam konteks ini, apakah teks yang mengandung kata-kata seperti: Itu yang ngomong jangan pilih Ahok Djarot pernah ngerasain banjir ga sih? :(, termasuk dalam kategori hatespeech?",tidak
25,id_hatespeech,id_hatespeech_nusantara_text,1cb4fa88-22af-4eb1-ab78-943a211e10a8,hate_or_noHate_zs_noopt_contains,train,"Dalam konteks ini, apakah teks yang mengandung kata-kata seperti: Iya aja deh dripada hoax..., termasuk dalam kategori hatespeech?",tidak
26,id_hatespeech,id_hatespeech_nusantara_text,1cb4fa88-22af-4eb1-ab78-943a211e10a8,hate_or_noHate_zs_noopt_contains,train,"Dalam konteks ini, apakah teks yang mengandung kata-kata seperti: Jadi teringat para pelacur.belia yg dijual orang tuanya.sendiri di pantura.demi sesuap nasi https:\/\/t.co\/X5DdR7m693, termasuk dalam kategori hatespeech?",tidak
27,id_hatespeech,id_hatespeech_nusantara_text,1cb4fa88-22af-4eb1-ab78-943a211e10a8,hate_or_noHate_zs_noopt_contains,train,"Dalam konteks ini, apakah teks yang mengandung kata-kata seperti: jadi yg nyebar hoax ketahuan dong ada akun twitter nya lho, termasuk dalam kategori hatespeech?",tidak
28,id_hatespeech,id_hatespeech_nusantara_text,1cb4fa88-22af-4eb1-ab78-943a211e10a8,hate_or_noHate_zs_noopt_contains,train,"Dalam konteks ini, apakah teks yang mengandung kata-kata seperti: Mpok @sylviana_murni-nya tolong Mas @AgusYudhoyono, termasuk dalam kategori hatespeech?",tidak
29,id_hatespeech,id_hatespeech_nusantara_text,1cb4fa88-22af-4eb1-ab78-943a211e10a8,hate_or_noHate_zs_noopt_contains,train,"Dalam konteks ini, apakah teks yang mengandung kata-kata seperti: Ke Bidara beli mangga. Pulang nye liwat Slipi. Jangan lupa ingetin tetangga. Untuk milih Agus sylvi. #7HariLagiMilihAHY #AgusBersamaUlama, termasuk dalam kategori hatespeech?",tidak
30,id_hatespeech,id_hatespeech_nusantara_text,1cb4fa88-22af-4eb1-ab78-943a211e10a8,hate_or_noHate_zs_noopt_contains,train,"Dalam konteks ini, apakah teks yang mengandung kata-kata seperti: Serius tapi ada selipan hiburannya \ud83d\ude06\ud83d\ude06\ud83d\ude06 #pilkadadki2017 #DebatFinalPilkadaJKT, termasuk dalam kategori hatespeech?",tidak
31,id_hatespeech,id_hatespeech_nusantara_text,1cb4fa88-22af-4eb1-ab78-943a211e10a8,hate_or_noHate_zs_noopt_contains,train,"Dalam konteks ini, apakah teks yang mengandung kata-kata seperti: Sylvie sukses blunder bikin paslon 1 drop elektabilitasnya dengan fitnah dan spin salah pilih kader #DebatFinalPilkadaJKT, termasuk dalam kategori hatespeech?",tidak
32,id_hatespeech,id_hatespeech_nusantara_text,1cb4fa88-22af-4eb1-ab78-943a211e10a8,hate_or_noHate_zs_noopt_contains,train,"Dalam konteks ini, apakah teks yang mengandung kata-kata seperti: Ahok: mari berlomba program #DebatFinalPilkadaJKT, termasuk dalam kategori hatespeech?",tidak
33,id_hatespeech,id_hatespeech_nusantara_text,1cb4fa88-22af-4eb1-ab78-943a211e10a8,hate_or_noHate_zs_noopt_contains,train,"Dalam konteks ini, apakah teks yang mengandung kata-kata seperti: #DebatFinalPilkadaJKT aduh... Kecewa pertanyaan paslon 1...., termasuk dalam kategori hatespeech?",tidak
34,id_hatespeech,id_hatespeech_nusantara_text,1cb4fa88-22af-4eb1-ab78-943a211e10a8,hate_or_noHate_zs_noopt_contains,train,"Dalam konteks ini, apakah teks yang mengandung kata-kata seperti: RT @agusdansylvi: #DebatFinalPilkadaJKT Saya pilih nomor 1. Sektor informal akan dimajukan mas Agus dan Mpok Sylvi., termasuk dalam kategori hatespeech?",tidak
35,id_hatespeech,id_hatespeech_nusantara_text,1cb4fa88-22af-4eb1-ab78-943a211e10a8,hate_or_noHate_zs_noopt_contains,train,"Dalam konteks ini, apakah teks yang mengandung kata-kata seperti: RT @JTmor: Ahok pilihan terbaik untuk Jakarta, termasuk dalam kategori hatespeech?",tidak
36,id_hatespeech,id_hatespeech_nusantara_text,1cb4fa88-22af-4eb1-ab78-943a211e10a8,hate_or_noHate_zs_noopt_contains,train,"Dalam konteks ini, apakah teks yang mengandung kata-kata seperti: RT @augustfrankto: #DebatFinalPilkadaJKT Bu Silvy curhat karena pernah dimarahi sama Pak Ahok...hehe.., termasuk dalam kategori hatespeech?",tidak
37,id_hatespeech,id_hatespeech_nusantara_text,1cb4fa88-22af-4eb1-ab78-943a211e10a8,hate_or_noHate_zs_noopt_contains,train,"Dalam konteks ini, apakah teks yang mengandung kata-kata seperti: Mantap pak AHOK #DebatFinalPilkadaJKT, termasuk dalam kategori hatespeech?",tidak
38,id_hatespeech,id_hatespeech_nusantara_text,1cb4fa88-22af-4eb1-ab78-943a211e10a8,hate_or_noHate_zs_noopt_contains,train,"Dalam konteks ini, apakah teks yang mengandung kata-kata seperti: Ahok gagah kaya gatot kaca! #DebatFinalPilkadaJKT, termasuk dalam kategori hatespeech?",tidak
39,id_hatespeech,id_hatespeech_nusantara_text,1cb4fa88-22af-4eb1-ab78-943a211e10a8,hate_or_noHate_zs_noopt_contains,train,"Dalam konteks ini, apakah teks yang mengandung kata-kata seperti: Telaaaakkk nomer satuuuu. Nghahahaha #DebatFinalPilkadaJKT, termasuk dalam kategori hatespeech?",tidak
40,id_hatespeech,id_hatespeech_nusantara_text,1cb4fa88-22af-4eb1-ab78-943a211e10a8,hate_or_noHate_zs_noopt_contains,train,"Dalam konteks ini, apakah teks yang mengandung kata-kata seperti: Lomba adu program #DebatFinalPilkadaJKT #SkakSilvi, termasuk dalam kategori hatespeech?",tidak
41,id_hatespeech,id_hatespeech_nusantara_text,1cb4fa88-22af-4eb1-ab78-943a211e10a8,hate_or_noHate_zs_noopt_contains,train,"Dalam konteks ini, apakah teks yang mengandung kata-kata seperti: #DebatFinalPilkadaJKT Denger banyak program dan janji dan sering tau pas jadi ga dijalankan rasanya males aja sih., termasuk dalam kategori hatespeech?",tidak
42,id_hatespeech,id_hatespeech_nusantara_text,1cb4fa88-22af-4eb1-ab78-943a211e10a8,hate_or_noHate_zs_noopt_contains,train,"Dalam konteks ini, apakah teks yang mengandung kata-kata seperti: DEBAT CAGUB DKI ke 3 - 10 Februari 2017 - Segmen 3 Mantap Ahok SKAK Sylviana Murni\n\n#DebatFinalPilkadaJKT, termasuk dalam kategori hatespeech?",tidak
43,id_hatespeech,id_hatespeech_nusantara_text,1cb4fa88-22af-4eb1-ab78-943a211e10a8,hate_or_noHate_zs_noopt_contains,train,"Dalam konteks ini, apakah teks yang mengandung kata-kata seperti: Pertanyaan Ibu Silvy rada maksa.. #DebatFinalPilkadaJKT, termasuk dalam kategori hatespeech?",tidak
44,id_hatespeech,id_hatespeech_nusantara_text,1cb4fa88-22af-4eb1-ab78-943a211e10a8,hate_or_noHate_zs_noopt_contains,train,"Dalam konteks ini, apakah teks yang mengandung kata-kata seperti: Tanggal 15, pas pilkada nanti sy gak akan milih siapa-siapa ah!, termasuk dalam kategori hatespeech?",tidak
45,id_hatespeech,id_hatespeech_nusantara_text,1cb4fa88-22af-4eb1-ab78-943a211e10a8,hate_or_noHate_zs_noopt_contains,train,"Dalam konteks ini, apakah teks yang mengandung kata-kata seperti: Saya pribadi bakal prefer kok muslim dengan kapabilitas, tetapi lihat kondisinya Ahok menjadi pilihan plg realistis buat kemajuan DKI, termasuk dalam kategori hatespeech?",tidak
46,id_hatespeech,id_hatespeech_nusantara_text,1cb4fa88-22af-4eb1-ab78-943a211e10a8,hate_or_noHate_zs_noopt_contains,train,"Dalam konteks ini, apakah teks yang mengandung kata-kata seperti: Yang mendukung Mas Anies bukan berarti anti Pak Ahok, begitu Pula sebaliknya, termasuk dalam kategori hatespeech?",tidak
47,id_hatespeech,id_hatespeech_nusantara_text,1cb4fa88-22af-4eb1-ab78-943a211e10a8,hate_or_noHate_zs_noopt_contains,train,"Dalam konteks ini, apakah teks yang mengandung kata-kata seperti: Spanduk Tolak Salatkan Pembela Penista Agama juga Muncul di Kalibata https:\/\/t.co\/Sr1PbYtigN, termasuk dalam kategori hatespeech?",tidak
48,id_hatespeech,id_hatespeech_nusantara_text,1cb4fa88-22af-4eb1-ab78-943a211e10a8,hate_or_noHate_zs_noopt_contains,train,"Dalam konteks ini, apakah teks yang mengandung kata-kata seperti: #DebatFinalPilkadaJKT Telak banget anjir ngakak!, termasuk dalam kategori hatespeech?",tidak
49,id_hatespeech,id_hatespeech_nusantara_text,1cb4fa88-22af-4eb1-ab78-943a211e10a8,hate_or_noHate_zs_noopt_contains,train,"Dalam konteks ini, apakah teks yang mengandung kata-kata seperti: Ayo berlomba program jangan fitnah2 #DebatFinalPilkadaJKT, termasuk dalam kategori hatespeech?",tidak
50,id_hatespeech,id_hatespeech_nusantara_text,1cb4fa88-22af-4eb1-ab78-943a211e10a8,hate_or_noHate_zs_noopt_contains,train,"Dalam konteks ini, apakah teks yang mengandung kata-kata seperti: RT @deelestari: Akhirnya nggak ngantuk lagi! Yeay! #DebatFinalPilkadaJKT, termasuk dalam kategori hatespeech?",tidak
51,id_hatespeech,id_hatespeech_nusantara_text,1cb4fa88-22af-4eb1-ab78-943a211e10a8,hate_or_noHate_zs_noopt_contains,train,"Dalam konteks ini, apakah teks yang mengandung kata-kata seperti: Duh dibilang ga punya program paslon 1... kesian kesian kesian ... #debatfinalpilkadajkt, termasuk dalam kategori hatespeech?",tidak
52,id_hatespeech,id_hatespeech_nusantara_text,1cb4fa88-22af-4eb1-ab78-943a211e10a8,hate_or_noHate_zs_noopt_contains,train,"Dalam konteks ini, apakah teks yang mengandung kata-kata seperti: Tuntut Keadilan Bagi Penista Agama, Puluhan Jawara Betawi Ikuti Aksi 212 Jilid II https:\/\/t.co\/HWVuoZyYov, termasuk dalam kategori hatespeech?",tidak
53,id_hatespeech,id_hatespeech_nusantara_text,1cb4fa88-22af-4eb1-ab78-943a211e10a8,hate_or_noHate_zs_noopt_contains,train,"Dalam konteks ini, apakah teks yang mengandung kata-kata seperti: Keras nih ahok #DebatFinalPilkadaJKT, termasuk dalam kategori hatespeech?",tidak
54,id_hatespeech,id_hatespeech_nusantara_text,1cb4fa88-22af-4eb1-ab78-943a211e10a8,hate_or_noHate_zs_noopt_contains,train,"Dalam konteks ini, apakah teks yang mengandung kata-kata seperti: Paslon 3 Anies Sandiaga Uno 15 Feb 2017 Utk Jakarta Indonesia Raya OK OCE, termasuk dalam kategori hatespeech?",tidak
55,id_hatespeech,id_hatespeech_nusantara_text,1cb4fa88-22af-4eb1-ab78-943a211e10a8,hate_or_noHate_zs_noopt_contains,train,"Dalam konteks ini, apakah teks yang mengandung kata-kata seperti: Sesuai namanya: RONDE FINAL\n\n#DebatFinalPilkadaJKT, termasuk dalam kategori hatespeech?",tidak
56,id_hatespeech,id_hatespeech_nusantara_text,1cb4fa88-22af-4eb1-ab78-943a211e10a8,hate_or_noHate_zs_noopt_contains,train,"Dalam konteks ini, apakah teks yang mengandung kata-kata seperti: Mendagri Tambah Pusing, Ketika MA Emoh Keluarkan Fatwa Status Gubernur Penista Agama https:\/\/t.co\/J34aMQiMNi, termasuk dalam kategori hatespeech?",tidak
57,id_hatespeech,id_hatespeech_nusantara_text,1cb4fa88-22af-4eb1-ab78-943a211e10a8,hate_or_noHate_zs_noopt_contains,train,"Dalam konteks ini, apakah teks yang mengandung kata-kata seperti: Tolong adu program, termasuk dalam kategori hatespeech?",tidak
58,id_hatespeech,id_hatespeech_nusantara_text,1cb4fa88-22af-4eb1-ab78-943a211e10a8,hate_or_noHate_zs_noopt_contains,train,"Dalam konteks ini, apakah teks yang mengandung kata-kata seperti: Genderang perang makin kencang #DebatFinalPilkadaJKT, termasuk dalam kategori hatespeech?",tidak
59,id_hatespeech,id_hatespeech_nusantara_text,1cb4fa88-22af-4eb1-ab78-943a211e10a8,hate_or_noHate_zs_noopt_contains,train,"Dalam konteks ini, apakah teks yang mengandung kata-kata seperti: Mpok sylvi udah mulai emosi \ud83d\ude02\n #DebatFinalPilkadaJKT, termasuk dalam kategori hatespeech?",tidak
60,id_hatespeech,id_hatespeech_nusantara_text,1cb4fa88-22af-4eb1-ab78-943a211e10a8,hate_or_noHate_zs_noopt_contains,train,"Dalam konteks ini, apakah teks yang mengandung kata-kata seperti: Some people gabisa bedain kasar sama tegas. #DebatFinalPilkadaJKT, termasuk dalam kategori hatespeech?",tidak
61,id_hatespeech,id_hatespeech_nusantara_text,1cb4fa88-22af-4eb1-ab78-943a211e10a8,hate_or_noHate_zs_noopt_contains,train,"Dalam konteks ini, apakah teks yang mengandung kata-kata seperti: Beliau para pemimpin hebat Indonesia! Kita bangga https:\/\/t.co\/NAWbps9Xpt https:\/\/t.co\/5cC2U9AIEv, termasuk dalam kategori hatespeech?",tidak
62,id_hatespeech,id_hatespeech_nusantara_text,1cb4fa88-22af-4eb1-ab78-943a211e10a8,hate_or_noHate_zs_noopt_contains,train,"Dalam konteks ini, apakah teks yang mengandung kata-kata seperti: @InformasiDKI mungkin bu silvy jg pengen foto sama pak ahok hihihi #DebatFinalPilkadaJKT, termasuk dalam kategori hatespeech?",tidak
63,id_hatespeech,id_hatespeech_nusantara_text,1cb4fa88-22af-4eb1-ab78-943a211e10a8,hate_or_noHate_zs_noopt_contains,train,"Dalam konteks ini, apakah teks yang mengandung kata-kata seperti: #DebatFinalPilkadaJKT Mulai saling serang deh, termasuk dalam kategori hatespeech?",tidak
64,id_hatespeech,id_hatespeech_nusantara_text,1cb4fa88-22af-4eb1-ab78-943a211e10a8,hate_or_noHate_zs_noopt_contains,train,"Dalam konteks ini, apakah teks yang mengandung kata-kata seperti: RT @InaKinoy: baca ini dulu lah biar mendinginkan suasana #DebatFinalPilkadaJKT https:\/\/t.co\/Em9GCKc4qe, termasuk dalam kategori hatespeech?",tidak
65,id_hatespeech,id_hatespeech_nusantara_text,1cb4fa88-22af-4eb1-ab78-943a211e10a8,hate_or_noHate_zs_noopt_contains,train,"Dalam konteks ini, apakah teks yang mengandung kata-kata seperti: ayo berlomba program jgn pitnah doank.. #DebatFinalPilkadaJKT #BadjaPastimenang, termasuk dalam kategori hatespeech?",tidak
66,id_hatespeech,id_hatespeech_nusantara_text,1cb4fa88-22af-4eb1-ab78-943a211e10a8,hate_or_noHate_zs_noopt_contains,train,"Dalam konteks ini, apakah teks yang mengandung kata-kata seperti: RT @qronoz: Pokoknya kalo Ahok udah ngomong: Aduuuuuuh KELAR. #DebatFinalPilkadaJKT, termasuk dalam kategori hatespeech?",tidak
67,id_hatespeech,id_hatespeech_nusantara_text,1cb4fa88-22af-4eb1-ab78-943a211e10a8,hate_or_noHate_zs_noopt_contains,train,"Dalam konteks ini, apakah teks yang mengandung kata-kata seperti: Senjata makan tuan #DebatFinalPilkadaJKT #DebatFinalDKI, termasuk dalam kategori hatespeech?",tidak
68,id_hatespeech,id_hatespeech_nusantara_text,1cb4fa88-22af-4eb1-ab78-943a211e10a8,hate_or_noHate_zs_noopt_contains,train,"Dalam konteks ini, apakah teks yang mengandung kata-kata seperti: Ahok kekerasan verbal? Masa koruptor dielus2 #DebatFinalPilkadaJKT, termasuk dalam kategori hatespeech?",tidak
69,id_hatespeech,id_hatespeech_nusantara_text,1cb4fa88-22af-4eb1-ab78-943a211e10a8,hate_or_noHate_zs_noopt_contains,train,"Dalam konteks ini, apakah teks yang mengandung kata-kata seperti: RT @qronoz: Gak ada program yang mau diserang yang diserang karakternya. AHaY! \ud83d\ude02 #DebatFinalPilkadaJKT, termasuk dalam kategori hatespeech?",tidak
70,id_hatespeech,id_hatespeech_nusantara_text,1cb4fa88-22af-4eb1-ab78-943a211e10a8,hate_or_noHate_zs_noopt_contains,train,"Dalam konteks ini, apakah teks yang mengandung kata-kata seperti: Terkait Jakarta tak Ramah anak apa tanggapan Pak @aniesbaswedan https:\/\/t.co\/ufA55UWBcI, termasuk dalam kategori hatespeech?",tidak
71,id_hatespeech,id_hatespeech_nusantara_text,1cb4fa88-22af-4eb1-ab78-943a211e10a8,hate_or_noHate_zs_noopt_contains,train,"Dalam konteks ini, apakah teks yang mengandung kata-kata seperti: emang OK OCE anies dan sandi dalam mengatasi urbanisasi dan lapangan kerja #DebatFinalPilkadaJKT https:\/\/t.co\/BrCeCZSkux, termasuk dalam kategori hatespeech?",tidak
72,id_hatespeech,id_hatespeech_nusantara_text,1cb4fa88-22af-4eb1-ab78-943a211e10a8,hate_or_noHate_zs_noopt_contains,train,"Dalam konteks ini, apakah teks yang mengandung kata-kata seperti: Suporternya mulai kampungan paslon masih ngomong jg ...... #DebatFinalPilkadaJKT, termasuk dalam kategori hatespeech?",tidak
73,id_hatespeech,id_hatespeech_nusantara_text,1cb4fa88-22af-4eb1-ab78-943a211e10a8,hate_or_noHate_zs_noopt_contains,train,"Dalam konteks ini, apakah teks yang mengandung kata-kata seperti: Mulai seru ni #DebatFinalPilkadaJKT, termasuk dalam kategori hatespeech?",tidak
74,id_hatespeech,id_hatespeech_nusantara_text,1cb4fa88-22af-4eb1-ab78-943a211e10a8,hate_or_noHate_zs_noopt_contains,train,"Dalam konteks ini, apakah teks yang mengandung kata-kata seperti: #DebatFinalPilkadaJKT nangis nangis ketonjok lagi, termasuk dalam kategori hatespeech?",tidak
75,id_hatespeech,id_hatespeech_nusantara_text,1cb4fa88-22af-4eb1-ab78-943a211e10a8,hate_or_noHate_zs_noopt_contains,train,"Dalam konteks ini, apakah teks yang mengandung kata-kata seperti: RT @Kafyonaa: JADI DEBAT TERAKHIR NANTI MALAM PILIHANMU JATUH KE PASLON YANG MANA? #DebatFinalPilkadaJKT #Debat3PilkadaDKI, termasuk dalam kategori hatespeech?",tidak
76,id_hatespeech,id_hatespeech_nusantara_text,1cb4fa88-22af-4eb1-ab78-943a211e10a8,hate_or_noHate_zs_noopt_contains,train,"Dalam konteks ini, apakah teks yang mengandung kata-kata seperti: RT @magendajuang: Wkwkwk udah dah pilih Anies Sandi aja :) #DebatFinalPilkadaJKT https:\/\/t.co\/hMXhjyHBnJ, termasuk dalam kategori hatespeech?",tidak
77,id_hatespeech,id_hatespeech_nusantara_text,1cb4fa88-22af-4eb1-ab78-943a211e10a8,hate_or_noHate_zs_noopt_contains,train,"Dalam konteks ini, apakah teks yang mengandung kata-kata seperti: fitnah lebih kejam loh dari pembunuhan #DebatFinalPilkadaJKT, termasuk dalam kategori hatespeech?",tidak
78,id_hatespeech,id_hatespeech_nusantara_text,1cb4fa88-22af-4eb1-ab78-943a211e10a8,hate_or_noHate_zs_noopt_contains,train,"Dalam konteks ini, apakah teks yang mengandung kata-kata seperti: mari #debatsehat. jangan coba pakai #datasesat. #DebatFinalPilkadaJKT #DebatFinalDiKompasTV, termasuk dalam kategori hatespeech?",tidak
79,id_hatespeech,id_hatespeech_nusantara_text,1cb4fa88-22af-4eb1-ab78-943a211e10a8,hate_or_noHate_zs_noopt_contains,train,"Dalam konteks ini, apakah teks yang mengandung kata-kata seperti: RT @prastow: Apapun itu, keberanian Ahok membongkar mafia anggaran menjadi tonggak penting menuju APBD yg kredibel dan akuntabel., termasuk dalam kategori hatespeech?",tidak
80,id_hatespeech,id_hatespeech_nusantara_text,1cb4fa88-22af-4eb1-ab78-943a211e10a8,hate_or_noHate_zs_noopt_contains,train,"Dalam konteks ini, apakah teks yang mengandung kata-kata seperti: RT @SydSalesman: inilah wujud nasional-is-me dagangannya @pandji ... hebat! https:\/\/t.co\/0fYIG6c2xl, termasuk dalam kategori hatespeech?",tidak
81,id_hatespeech,id_hatespeech_nusantara_text,1cb4fa88-22af-4eb1-ab78-943a211e10a8,hate_or_noHate_zs_noopt_contains,train,"Dalam konteks ini, apakah teks yang mengandung kata-kata seperti: Pak dosen makin keliatan aslinya :(, termasuk dalam kategori hatespeech?",tidak
82,id_hatespeech,id_hatespeech_nusantara_text,1cb4fa88-22af-4eb1-ab78-943a211e10a8,hate_or_noHate_zs_noopt_contains,train,"Dalam konteks ini, apakah teks yang mengandung kata-kata seperti: RT @gabriellaanDini: Dulu di awal kampanye bukannya uda deklarasi anti SARA??? Tadinya gw pikir no.3 lebih mending dari no.1, termasuk dalam kategori hatespeech?",tidak
83,id_hatespeech,id_hatespeech_nusantara_text,1cb4fa88-22af-4eb1-ab78-943a211e10a8,hate_or_noHate_zs_noopt_contains,train,"Dalam konteks ini, apakah teks yang mengandung kata-kata seperti: #DebatFinalPilkadaJKT mateng mpok Silvy di bombardir Pak Ahok... jawaban cerdas Pak Ahok.., termasuk dalam kategori hatespeech?",tidak
84,id_hatespeech,id_hatespeech_nusantara_text,1cb4fa88-22af-4eb1-ab78-943a211e10a8,hate_or_noHate_zs_noopt_contains,train,"Dalam konteks ini, apakah teks yang mengandung kata-kata seperti: #DebatFinalPilkadaJKT mohon tenang, termasuk dalam kategori hatespeech?",tidak
85,id_hatespeech,id_hatespeech_nusantara_text,1cb4fa88-22af-4eb1-ab78-943a211e10a8,hate_or_noHate_zs_noopt_contains,train,"Dalam konteks ini, apakah teks yang mengandung kata-kata seperti: Yg no.1 nih ngomongin hal yg di luar program mulu ya. Ngga ada bhan ya bwt serang lawan.. Cape dehh! #DebatFinalDKI #DebatFinalPilkadaJKT, termasuk dalam kategori hatespeech?",tidak
86,id_hatespeech,id_hatespeech_nusantara_text,1cb4fa88-22af-4eb1-ab78-943a211e10a8,hate_or_noHate_zs_noopt_contains,train,"Dalam konteks ini, apakah teks yang mengandung kata-kata seperti: Cinta pak Ahok pokoknya #DebatFinalPilkadaJKT, termasuk dalam kategori hatespeech?",tidak
87,id_hatespeech,id_hatespeech_nusantara_text,1cb4fa88-22af-4eb1-ab78-943a211e10a8,hate_or_noHate_zs_noopt_contains,train,"Dalam konteks ini, apakah teks yang mengandung kata-kata seperti: #DebatFinalPilkadaJKT nggak cuma ibu2 yang pengen foto sama Ahok bapak2 juga lho, termasuk dalam kategori hatespeech?",tidak
88,id_hatespeech,id_hatespeech_nusantara_text,1cb4fa88-22af-4eb1-ab78-943a211e10a8,hate_or_noHate_zs_noopt_contains,train,"Dalam konteks ini, apakah teks yang mengandung kata-kata seperti: Mas Agus saya akui malam ini....rambut kamu bagus! #DebatFinalPilkadaJKT, termasuk dalam kategori hatespeech?",tidak
89,id_hatespeech,id_hatespeech_nusantara_text,1cb4fa88-22af-4eb1-ab78-943a211e10a8,hate_or_noHate_zs_noopt_contains,train,"Dalam konteks ini, apakah teks yang mengandung kata-kata seperti: RT @republikaonline: Ahok Janji Berani Tutup Tempat Hiburan Malam yang Jual Narkoba, termasuk dalam kategori hatespeech?",tidak
90,id_hatespeech,id_hatespeech_nusantara_text,1cb4fa88-22af-4eb1-ab78-943a211e10a8,hate_or_noHate_zs_noopt_contains,train,"Dalam konteks ini, apakah teks yang mengandung kata-kata seperti: Agus-Sylvi sisipkan bahasa jawa saat debat https:\/\/t.co\/fGTfXgaINx, termasuk dalam kategori hatespeech?",tidak
91,id_hatespeech,id_hatespeech_nusantara_text,1cb4fa88-22af-4eb1-ab78-943a211e10a8,hate_or_noHate_zs_noopt_contains,train,"Dalam konteks ini, apakah teks yang mengandung kata-kata seperti: RT @hariadhi: Ahok udah perhatikan penyandang disabilitas, jauuuh sebelum kandidat lain berjanji #NobarAhokDjarot #BadjaPastiJuara, termasuk dalam kategori hatespeech?",tidak
92,id_hatespeech,id_hatespeech_nusantara_text,1cb4fa88-22af-4eb1-ab78-943a211e10a8,hate_or_noHate_zs_noopt_contains,train,"Dalam konteks ini, apakah teks yang mengandung kata-kata seperti: Ahok keren!!! #DebatFinalPilkadaJKT, termasuk dalam kategori hatespeech?",tidak
93,id_hatespeech,id_hatespeech_nusantara_text,1cb4fa88-22af-4eb1-ab78-943a211e10a8,hate_or_noHate_zs_noopt_contains,train,"Dalam konteks ini, apakah teks yang mengandung kata-kata seperti: Gimana ya Tim Ahok kok makin disudutkan(?) Mungkin karena ini final kali y, termasuk dalam kategori hatespeech?",tidak
94,id_hatespeech,id_hatespeech_nusantara_text,1cb4fa88-22af-4eb1-ab78-943a211e10a8,hate_or_noHate_zs_noopt_contains,train,"Dalam konteks ini, apakah teks yang mengandung kata-kata seperti: Nih fakta buat yg asbun. #BadjaPastimenang #DebatFinalPilkadaJKT, termasuk dalam kategori hatespeech?",tidak
95,id_hatespeech,id_hatespeech_nusantara_text,1cb4fa88-22af-4eb1-ab78-943a211e10a8,hate_or_noHate_zs_noopt_contains,train,"Dalam konteks ini, apakah teks yang mengandung kata-kata seperti: Siap-siap meme CCTV. #DebatFinalPilkadaJKT #Debat3PilkadaDKI #DebatFinalDKI, termasuk dalam kategori hatespeech?",tidak
96,id_hatespeech,id_hatespeech_nusantara_text,1cb4fa88-22af-4eb1-ab78-943a211e10a8,hate_or_noHate_zs_noopt_contains,train,"Dalam konteks ini, apakah teks yang mengandung kata-kata seperti: Nyinyir tingkat nasional #DebatFinalPilkadaJKT, termasuk dalam kategori hatespeech?",tidak
97,id_hatespeech,id_hatespeech_nusantara_text,1cb4fa88-22af-4eb1-ab78-943a211e10a8,hate_or_noHate_zs_noopt_contains,train,"Dalam konteks ini, apakah teks yang mengandung kata-kata seperti: Drama bgt itu :(( #DebatFinalPilkadaJKT, termasuk dalam kategori hatespeech?",tidak
98,id_hatespeech,id_hatespeech_nusantara_text,1cb4fa88-22af-4eb1-ab78-943a211e10a8,hate_or_noHate_zs_noopt_contains,train,"Dalam konteks ini, apakah teks yang mengandung kata-kata seperti: Ini judulnya Debat atau nyerang paslon 2 ?????? #DebatFinalPilkadaJKT, termasuk dalam kategori hatespeech?",tidak
99,id_hatespeech,id_hatespeech_nusantara_text,1cb4fa88-22af-4eb1-ab78-943a211e10a8,hate_or_noHate_zs_noopt_contains,train,"Dalam konteks ini, apakah teks yang mengandung kata-kata seperti: Lha kok menyerang gitu ya #DebatFinalPilkadaJKT, termasuk dalam kategori hatespeech?",tidak
100,id_hatespeech,id_hatespeech_nusantara_text,1cb4fa88-22af-4eb1-ab78-943a211e10a8,hate_or_noHate_zs_noopt_contains,train,"Dalam konteks ini, apakah teks yang mengandung kata-kata seperti: Debat sama berantem beda tipis #DebatFinalPilkadaJKT, termasuk dalam kategori hatespeech?",tidak
101,id_hatespeech,id_hatespeech_nusantara_text,1cb4fa88-22af-4eb1-ab78-943a211e10a8,hate_or_noHate_zs_noopt_contains,train,"Dalam konteks ini, apakah teks yang mengandung kata-kata seperti: Orang tegas dibilang maki-maki orang -_- #DebatFinalPilkadaJKT, termasuk dalam kategori hatespeech?",tidak
102,id_hatespeech,id_hatespeech_nusantara_text,1cb4fa88-22af-4eb1-ab78-943a211e10a8,hate_or_noHate_zs_noopt_contains,train,"Dalam konteks ini, apakah teks yang mengandung kata-kata seperti: 1 atau 2 perempuan berbeda dengan kaum perempuan #DebatFinalPilkadaJK, termasuk dalam kategori hatespeech?",tidak
103,id_hatespeech,id_hatespeech_nusantara_text,1cb4fa88-22af-4eb1-ab78-943a211e10a8,hate_or_noHate_zs_noopt_contains,train,"Dalam konteks ini, apakah teks yang mengandung kata-kata seperti: mantap OK OCE anies sandi dalam mengatasi urbanisasi dan lapangan kerja, termasuk dalam kategori hatespeech?",tidak
104,id_hatespeech,id_hatespeech_nusantara_text,1cb4fa88-22af-4eb1-ab78-943a211e10a8,hate_or_noHate_zs_noopt_contains,train,"Dalam konteks ini, apakah teks yang mengandung kata-kata seperti: RT @WisnuDewobroto: Ga seru nih. selalu mengungkit masa lalu :). kekerasan Verbal semua pernah lakukan manusia biasa. #DebatFinalPilkadaJKT, termasuk dalam kategori hatespeech?",tidak
105,id_hatespeech,id_hatespeech_nusantara_text,1cb4fa88-22af-4eb1-ab78-943a211e10a8,hate_or_noHate_zs_noopt_contains,train,"Dalam konteks ini, apakah teks yang mengandung kata-kata seperti: satu perempuan bukan semua perempuan #DebatFinalPilkadaJKT, termasuk dalam kategori hatespeech?",tidak
106,id_hatespeech,id_hatespeech_nusantara_text,1cb4fa88-22af-4eb1-ab78-943a211e10a8,hate_or_noHate_zs_noopt_contains,train,"Dalam konteks ini, apakah teks yang mengandung kata-kata seperti: #DebatFinalPilkadaJKT Pertanyaan paslon 1 dpt dikategorikan sbg kekerasan dalam debat., termasuk dalam kategori hatespeech?",tidak
107,id_hatespeech,id_hatespeech_nusantara_text,1cb4fa88-22af-4eb1-ab78-943a211e10a8,hate_or_noHate_zs_noopt_contains,train,"Dalam konteks ini, apakah teks yang mengandung kata-kata seperti: @jokowi pak maafkan saya. Biarkan malam ini saja saya memposting ujaran kebencian. Hanya malam ini saja pak xoxo #DebatFinalPilkadaJKT, termasuk dalam kategori hatespeech?",tidak
108,id_hatespeech,id_hatespeech_nusantara_text,1cb4fa88-22af-4eb1-ab78-943a211e10a8,hate_or_noHate_zs_noopt_contains,train,"Dalam konteks ini, apakah teks yang mengandung kata-kata seperti: Semoga Allah memenangkan pak Anies-sandi https:\/\/t.co\/sns0rXRw3f, termasuk dalam kategori hatespeech?",tidak
109,id_hatespeech,id_hatespeech_nusantara_text,1cb4fa88-22af-4eb1-ab78-943a211e10a8,hate_or_noHate_zs_noopt_contains,train,"Dalam konteks ini, apakah teks yang mengandung kata-kata seperti: #DebatFinalPilkadaJKT non muslim coblos Ahok muslim coblos Djarot. Bagaimana?, termasuk dalam kategori hatespeech?",tidak
110,id_hatespeech,id_hatespeech_nusantara_text,1cb4fa88-22af-4eb1-ab78-943a211e10a8,hate_or_noHate_zs_noopt_contains,train,"Dalam konteks ini, apakah teks yang mengandung kata-kata seperti: #DebatFinalPilkadaJKT *pemimpin harus dapat ciptakan suasana damai tentram dan bukan adu domba atau hasutan, termasuk dalam kategori hatespeech?",tidak
111,id_hatespeech,id_hatespeech_nusantara_text,1cb4fa88-22af-4eb1-ab78-943a211e10a8,hate_or_noHate_zs_noopt_contains,train,"Dalam konteks ini, apakah teks yang mengandung kata-kata seperti: Saya bertanya kepada Bapak Presiden dan Kapolri OK OCE tuh apaan? #DebatFinalPilkadaJKT, termasuk dalam kategori hatespeech?",tidak
112,id_hatespeech,id_hatespeech_nusantara_text,1cb4fa88-22af-4eb1-ab78-943a211e10a8,hate_or_noHate_zs_noopt_contains,train,"Dalam konteks ini, apakah teks yang mengandung kata-kata seperti: Keliatan banget keberpihakan media #DebatFinalPilkadaJKT, termasuk dalam kategori hatespeech?",tidak
113,id_hatespeech,id_hatespeech_nusantara_text,1cb4fa88-22af-4eb1-ab78-943a211e10a8,hate_or_noHate_zs_noopt_contains,train,"Dalam konteks ini, apakah teks yang mengandung kata-kata seperti: RT @di_HatiKecil: Bagus nih ilustrasinya #DebatFinalPilkadaJKT https:\/\/t.co\/zAQLqrBiUF, termasuk dalam kategori hatespeech?",tidak
114,id_hatespeech,id_hatespeech_nusantara_text,1cb4fa88-22af-4eb1-ab78-943a211e10a8,hate_or_noHate_zs_noopt_contains,train,"Dalam konteks ini, apakah teks yang mengandung kata-kata seperti: RT @rezaoktovian: Ahok terlalu keren :'), termasuk dalam kategori hatespeech?",tidak
115,id_hatespeech,id_hatespeech_nusantara_text,1cb4fa88-22af-4eb1-ab78-943a211e10a8,hate_or_noHate_zs_noopt_contains,train,"Dalam konteks ini, apakah teks yang mengandung kata-kata seperti: isinya timeline twitter cm pilkada.. membosankan sekali.., termasuk dalam kategori hatespeech?",tidak
116,id_hatespeech,id_hatespeech_nusantara_text,1cb4fa88-22af-4eb1-ab78-943a211e10a8,hate_or_noHate_zs_noopt_contains,train,"Dalam konteks ini, apakah teks yang mengandung kata-kata seperti: Mohon tenang mohon tenang #DebatFinalPilkadaJKT, termasuk dalam kategori hatespeech?",tidak
117,id_hatespeech,id_hatespeech_nusantara_text,1cb4fa88-22af-4eb1-ab78-943a211e10a8,hate_or_noHate_zs_noopt_contains,train,"Dalam konteks ini, apakah teks yang mengandung kata-kata seperti: ah diulang. Jawabannya bisa beda kan? #DebatFinalPilkadaJKT, termasuk dalam kategori hatespeech?",tidak
118,id_hatespeech,id_hatespeech_nusantara_text,1cb4fa88-22af-4eb1-ab78-943a211e10a8,hate_or_noHate_zs_noopt_contains,train,"Dalam konteks ini, apakah teks yang mengandung kata-kata seperti: Perasaan bukan pertanyaan itu deh yg td dijawab om @aniesbaswedan audionya ga keluar atau ia ya? #DebatFinalPilkadaJKT, termasuk dalam kategori hatespeech?",tidak
119,id_hatespeech,id_hatespeech_nusantara_text,1cb4fa88-22af-4eb1-ab78-943a211e10a8,hate_or_noHate_zs_noopt_contains,train,"Dalam konteks ini, apakah teks yang mengandung kata-kata seperti: Boleh tinggal di pinggir kali meski bukan tanahnya boleh jualan di pinggir jalan, termasuk dalam kategori hatespeech?",tidak
120,id_hatespeech,id_hatespeech_nusantara_text,1cb4fa88-22af-4eb1-ab78-943a211e10a8,hate_or_noHate_zs_noopt_contains,train,"Dalam konteks ini, apakah teks yang mengandung kata-kata seperti: RT @rigenz123: Sehatkan Warga DKI Melalui #JakartaBerlari Barulah Pembangunan Dapat Sejahterakan Warganya. #DebatFinalPilkadaJKT, termasuk dalam kategori hatespeech?",tidak
121,id_hatespeech,id_hatespeech_nusantara_text,1cb4fa88-22af-4eb1-ab78-943a211e10a8,hate_or_noHate_zs_noopt_contains,train,"Dalam konteks ini, apakah teks yang mengandung kata-kata seperti: kalau kamu diputuskan pacar tanpa sebab mungkin program OKE OCE bisa jadi solusi nya #DebatFinalPilkadaJKT, termasuk dalam kategori hatespeech?",tidak
122,id_hatespeech,id_hatespeech_nusantara_text,1cb4fa88-22af-4eb1-ab78-943a211e10a8,hate_or_noHate_zs_noopt_contains,train,"Dalam konteks ini, apakah teks yang mengandung kata-kata seperti: Melibatkan yang paham pada bidangnya untuk duduk bersama memecahkan solusi. Cara kepemimpinan yg cerdas ! #DebatFinalPilkadaJKT, termasuk dalam kategori hatespeech?",tidak
123,id_hatespeech,id_hatespeech_nusantara_text,1cb4fa88-22af-4eb1-ab78-943a211e10a8,hate_or_noHate_zs_noopt_contains,train,"Dalam konteks ini, apakah teks yang mengandung kata-kata seperti: Justru laki-laki lah yang sering mengalami kekerasan verbal. Berapa kali dirimu dimarahi istrimu..? Ayo ngaku., termasuk dalam kategori hatespeech?",tidak
124,id_hatespeech,id_hatespeech_nusantara_text,1cb4fa88-22af-4eb1-ab78-943a211e10a8,hate_or_noHate_zs_noopt_contains,train,"Dalam konteks ini, apakah teks yang mengandung kata-kata seperti: RT @TirtoID: Soal gerakan-gerakan ala @aniesbaswedan #PeriksaData #DebatFinalPilkadaJKT, termasuk dalam kategori hatespeech?",tidak
125,id_hatespeech,id_hatespeech_nusantara_text,1cb4fa88-22af-4eb1-ab78-943a211e10a8,hate_or_noHate_zs_noopt_contains,train,"Dalam konteks ini, apakah teks yang mengandung kata-kata seperti: Mayoritas warga Jakarta ingin dipimpin Gubernur baru. Emang iya? #DebatFinalPilkadaJKT, termasuk dalam kategori hatespeech?",tidak
126,id_hatespeech,id_hatespeech_nusantara_text,1cb4fa88-22af-4eb1-ab78-943a211e10a8,hate_or_noHate_zs_noopt_contains,train,"Dalam konteks ini, apakah teks yang mengandung kata-kata seperti: Paslon 1 selalu nyerang paslon 2 ni #DebatFinalPilkadaJKT, termasuk dalam kategori hatespeech?",tidak
127,id_hatespeech,id_hatespeech_nusantara_text,1cb4fa88-22af-4eb1-ab78-943a211e10a8,hate_or_noHate_zs_noopt_contains,train,"Dalam konteks ini, apakah teks yang mengandung kata-kata seperti: RT @JktMajuBersama: Upaya Anies-Sandi untuk mendukung perempuan menjadi pelaku UKM :) #DebatFinalPilkadaJKT, termasuk dalam kategori hatespeech?",tidak
128,id_hatespeech,id_hatespeech_nusantara_text,1cb4fa88-22af-4eb1-ab78-943a211e10a8,hate_or_noHate_zs_noopt_contains,train,"Dalam konteks ini, apakah teks yang mengandung kata-kata seperti: Salah satu indikator meningkatnya kualitas hidup warga Jkt adl terus bisa tersenyum seperti Pak Djarot malam ini, termasuk dalam kategori hatespeech?",tidak
129,id_hatespeech,id_hatespeech_nusantara_text,1cb4fa88-22af-4eb1-ab78-943a211e10a8,hate_or_noHate_zs_noopt_contains,train,"Dalam konteks ini, apakah teks yang mengandung kata-kata seperti: Tontonan yg wajib ditunggu sehabis #DebatFinalPilkadaJKT, termasuk dalam kategori hatespeech?",tidak
130,id_hatespeech,id_hatespeech_nusantara_text,1cb4fa88-22af-4eb1-ab78-943a211e10a8,hate_or_noHate_zs_noopt_contains,train,"Dalam konteks ini, apakah teks yang mengandung kata-kata seperti: RT @ainouun: Pak Ahok : penyandang disabilitas bukan hanya mereka, suatu saat kita juga bisa jadi. #DebatFinalPilkadaJKT, termasuk dalam kategori hatespeech?",tidak
131,id_hatespeech,id_hatespeech_nusantara_text,1cb4fa88-22af-4eb1-ab78-943a211e10a8,hate_or_noHate_zs_noopt_contains,train,"Dalam konteks ini, apakah teks yang mengandung kata-kata seperti: RT @tribunjateng: Saat Jeda, Ahok dan Djarot Sapa Ganjar Pranowo dari Atas Panggung, termasuk dalam kategori hatespeech?",tidak
132,id_hatespeech,id_hatespeech_nusantara_text,1cb4fa88-22af-4eb1-ab78-943a211e10a8,hate_or_noHate_zs_noopt_contains,train,"Dalam konteks ini, apakah teks yang mengandung kata-kata seperti: @Boojaee sayang hyung cuma pencitraan :* wkwk, termasuk dalam kategori hatespeech?",tidak
133,id_hatespeech,id_hatespeech_nusantara_text,1cb4fa88-22af-4eb1-ab78-943a211e10a8,hate_or_noHate_zs_noopt_contains,train,"Dalam konteks ini, apakah teks yang mengandung kata-kata seperti: @kurawa Msh inget sm ibu penjual kue di balaikota, cm Pak Ahok yg tau klo si ibu sakit, ibu itu langsung diurus ke rs. Ini bukan pencitraan., termasuk dalam kategori hatespeech?",tidak
134,id_hatespeech,id_hatespeech_nusantara_text,1cb4fa88-22af-4eb1-ab78-943a211e10a8,hate_or_noHate_zs_noopt_contains,train,"Dalam konteks ini, apakah teks yang mengandung kata-kata seperti: Biar jajan naik sejuta https://t.co/veZ5PXxDfr, termasuk dalam kategori hatespeech?",tidak
135,id_hatespeech,id_hatespeech_nusantara_text,1cb4fa88-22af-4eb1-ab78-943a211e10a8,hate_or_noHate_zs_noopt_contains,train,"Dalam konteks ini, apakah teks yang mengandung kata-kata seperti: bio gw belum diganti astagfirullah rusak pencitraan cewe cantik, termasuk dalam kategori hatespeech?",tidak
136,id_hatespeech,id_hatespeech_nusantara_text,1cb4fa88-22af-4eb1-ab78-943a211e10a8,hate_or_noHate_zs_noopt_contains,train,"Dalam konteks ini, apakah teks yang mengandung kata-kata seperti: #MataNajwaDebatJakarta Ya ampun udh closing statement msh aja commentnya ky gitu ya, termasuk dalam kategori hatespeech?",tidak
137,id_hatespeech,id_hatespeech_nusantara_text,1cb4fa88-22af-4eb1-ab78-943a211e10a8,hate_or_noHate_zs_noopt_contains,train,"Dalam konteks ini, apakah teks yang mengandung kata-kata seperti: Hah uda closing statement?? Cepet bener?? #DebatFinalPilkadaJKT, termasuk dalam kategori hatespeech?",tidak
138,id_hatespeech,id_hatespeech_nusantara_text,1cb4fa88-22af-4eb1-ab78-943a211e10a8,hate_or_noHate_zs_noopt_contains,train,"Dalam konteks ini, apakah teks yang mengandung kata-kata seperti: RT @digembok: #DebatFinalPilkadaJKT kali ini keren.Biasanya ada sesi tanya-jawab Kali ini ada SESI CURHAT, termasuk dalam kategori hatespeech?",tidak
139,id_hatespeech,id_hatespeech_nusantara_text,1cb4fa88-22af-4eb1-ab78-943a211e10a8,hate_or_noHate_zs_noopt_contains,train,"Dalam konteks ini, apakah teks yang mengandung kata-kata seperti: Ketiga paslon gagal menjawab pertanyaan yang jawabannya harus memuji kebaikan paslon lain, termasuk dalam kategori hatespeech?",tidak
140,id_hatespeech,id_hatespeech_nusantara_text,1cb4fa88-22af-4eb1-ab78-943a211e10a8,hate_or_noHate_zs_noopt_contains,train,"Dalam konteks ini, apakah teks yang mengandung kata-kata seperti: Mari berjuang bersama SBYudhoyono utk memenangkan #SaduddinDhani di #PilkadaKabBekasi2017 #BekasiSAH #BekasiBerjaya, termasuk dalam kategori hatespeech?",tidak
141,id_hatespeech,id_hatespeech_nusantara_text,1cb4fa88-22af-4eb1-ab78-943a211e10a8,hate_or_noHate_zs_noopt_contains,train,"Dalam konteks ini, apakah teks yang mengandung kata-kata seperti: Jikapun aparatur bisa dibeli, kyai dan santri oplosan dibeli. Masih ada yng ASLI, siap MELAWAN KETIDAKADILAN https://t.co/riloAH9gAd, termasuk dalam kategori hatespeech?",tidak
142,id_hatespeech,id_hatespeech_nusantara_text,1cb4fa88-22af-4eb1-ab78-943a211e10a8,hate_or_noHate_zs_noopt_contains,train,"Dalam konteks ini, apakah teks yang mengandung kata-kata seperti: Pasangan mana yang unggul dalam debat kandidat Gubernur-Wagub DKI Jakarta Malam Ini?, termasuk dalam kategori hatespeech?",tidak
143,id_hatespeech,id_hatespeech_nusantara_text,1cb4fa88-22af-4eb1-ab78-943a211e10a8,hate_or_noHate_zs_noopt_contains,train,"Dalam konteks ini, apakah teks yang mengandung kata-kata seperti: Keberagaman itu datang dr hati terdalam, bukan dr pencitraan #Tetap3 #JKTBeragam, termasuk dalam kategori hatespeech?",tidak
144,id_hatespeech,id_hatespeech_nusantara_text,1cb4fa88-22af-4eb1-ab78-943a211e10a8,hate_or_noHate_zs_noopt_contains,train,"Dalam konteks ini, apakah teks yang mengandung kata-kata seperti: Membangun bangsa dan negara ini engga cukup dengan metoda pencitraan saja ,tanpa teruji lewat rekam jejak dan integritas tokohnya, termasuk dalam kategori hatespeech?",tidak
145,id_hatespeech,id_hatespeech_nusantara_text,1cb4fa88-22af-4eb1-ab78-943a211e10a8,hate_or_noHate_zs_noopt_contains,train,"Dalam konteks ini, apakah teks yang mengandung kata-kata seperti: RT @adelladellaide: Bersikap baik dan menjaga prilaku di depan umum bukan berarti pencitraan, bukan pula ""menjadi orang lain""., termasuk dalam kategori hatespeech?",tidak
146,id_hatespeech,id_hatespeech_nusantara_text,1cb4fa88-22af-4eb1-ab78-943a211e10a8,hate_or_noHate_zs_noopt_contains,train,"Dalam konteks ini, apakah teks yang mengandung kata-kata seperti: RT @FiersaBesari: Saat jujur, ada yg curiga. Saat berbuat baik, ada yg menuduh pencitraan. Saat bahagia, ada yg iri. Abaikan., termasuk dalam kategori hatespeech?",tidak
147,id_hatespeech,id_hatespeech_nusantara_text,1cb4fa88-22af-4eb1-ab78-943a211e10a8,hate_or_noHate_zs_noopt_contains,train,"Dalam konteks ini, apakah teks yang mengandung kata-kata seperti: Umat Islam yg peduli agama mrk, tentu tdk akan tergoda dg trik2 konyol seperti ini, InshaAllah umat Islam sdh sadar https://t.co/PFH1MPsKFO, termasuk dalam kategori hatespeech?",tidak
148,id_hatespeech,id_hatespeech_nusantara_text,1cb4fa88-22af-4eb1-ab78-943a211e10a8,hate_or_noHate_zs_noopt_contains,train,"Dalam konteks ini, apakah teks yang mengandung kata-kata seperti: #AniesIntoleran \nAnies Baswedan, tak lagi memiliki integritas dan kredibilitas sebagai seorang pemimpin. https://t.co/rv053Gt4j8, termasuk dalam kategori hatespeech?",tidak
149,id_hatespeech,id_hatespeech_nusantara_text,1cb4fa88-22af-4eb1-ab78-943a211e10a8,hate_or_noHate_zs_noopt_contains,train,"Dalam konteks ini, apakah teks yang mengandung kata-kata seperti: @agusriyadi12345 Apakah perlu semua berita ahok harus menggunakan penista agama. Misalnya Penista agama sedang kampanye di Jakarta pusat., termasuk dalam kategori hatespeech?",tidak
150,id_hatespeech,id_hatespeech_nusantara_text,1cb4fa88-22af-4eb1-ab78-943a211e10a8,hate_or_noHate_zs_noopt_contains,train,"Dalam konteks ini, apakah teks yang mengandung kata-kata seperti: @agusriyadi12345 Apakah tidak sadis, jika semua berita tentang ahok, judulnya diawali degan Terdakwa penista agama bukan menggunakan nama?, termasuk dalam kategori hatespeech?",tidak
151,id_hatespeech,id_hatespeech_nusantara_text,1cb4fa88-22af-4eb1-ab78-943a211e10a8,hate_or_noHate_zs_noopt_contains,train,"Dalam konteks ini, apakah teks yang mengandung kata-kata seperti: @Altefalken kemarin kan ada berita tentang penyakit mengingitis dari Babi, mksd gw apa nyambungnya sama ahok?, termasuk dalam kategori hatespeech?",tidak
152,id_hatespeech,id_hatespeech_nusantara_text,1cb4fa88-22af-4eb1-ab78-943a211e10a8,hate_or_noHate_zs_noopt_contains,train,"Dalam konteks ini, apakah teks yang mengandung kata-kata seperti: @ISejunnie @AHMADDHANIPRAST artis korea bisa world tour ahmad dhani bisa ?, termasuk dalam kategori hatespeech?",tidak
153,id_hatespeech,id_hatespeech_nusantara_text,1cb4fa88-22af-4eb1-ab78-943a211e10a8,hate_or_noHate_zs_noopt_contains,train,"Dalam konteks ini, apakah teks yang mengandung kata-kata seperti: @HaqueMarissa ,, ahok di jakarta , daging babi di bali apa hubungan nya ya??, termasuk dalam kategori hatespeech?",tidak
154,id_hatespeech,id_hatespeech_nusantara_text,1cb4fa88-22af-4eb1-ab78-943a211e10a8,hate_or_noHate_zs_noopt_contains,train,"Dalam konteks ini, apakah teks yang mengandung kata-kata seperti: Ahmad Dhani Bangkrut Ditagih Utang Melalui Video, Mantan Istrinya Jadi Janda Kaya Raya: Hampir setahun berlalu, https://t.co/22InRwRR26, termasuk dalam kategori hatespeech?",tidak
155,id_hatespeech,id_hatespeech_nusantara_text,1cb4fa88-22af-4eb1-ab78-943a211e10a8,hate_or_noHate_zs_noopt_contains,train,"Dalam konteks ini, apakah teks yang mengandung kata-kata seperti: Ahmad Dhani Sentil AHOK, eh Sandiaga Uno cengar cengir.!: https://t.co/vhDAAa3ShI melalui @YouTube, termasuk dalam kategori hatespeech?",tidak
156,id_hatespeech,id_hatespeech_nusantara_text,1cb4fa88-22af-4eb1-ab78-943a211e10a8,hate_or_noHate_zs_noopt_contains,train,"Dalam konteks ini, apakah teks yang mengandung kata-kata seperti: Hehhee.. Makanya jangan mengagumi sesorng berlebihan.. Kecuali kepada Rasulullah.. https://t.co/ZXVB2DiRMg, termasuk dalam kategori hatespeech?",tidak
157,id_hatespeech,id_hatespeech_nusantara_text,1cb4fa88-22af-4eb1-ab78-943a211e10a8,hate_or_noHate_zs_noopt_contains,train,"Dalam konteks ini, apakah teks yang mengandung kata-kata seperti: #MataNajwaDebatJakarta acara uda abis menurut kalian debat sapa yang betul-betul memaparkan prog dan solusi?, termasuk dalam kategori hatespeech?",tidak
158,id_hatespeech,id_hatespeech_nusantara_text,1cb4fa88-22af-4eb1-ab78-943a211e10a8,hate_or_noHate_zs_noopt_contains,train,"Dalam konteks ini, apakah teks yang mengandung kata-kata seperti: Mereka (koruptor) meletakkan kitab suci ditempat paling rendah...tapi masih sok jadi pemilik kapling surga... https://t.co/oj5YN3WBeI, termasuk dalam kategori hatespeech?",tidak
159,id_hatespeech,id_hatespeech_nusantara_text,1cb4fa88-22af-4eb1-ab78-943a211e10a8,hate_or_noHate_zs_noopt_contains,train,"Dalam konteks ini, apakah teks yang mengandung kata-kata seperti: RT @99Ohhani: Woww dukungan Rakyat Palestina ke Ahok yg dituduhSbg penista Agama ?? mrk Mengelu2kan Ahok !!!Ahok is The Best https://t.co/, termasuk dalam kategori hatespeech?",tidak
160,id_hatespeech,id_hatespeech_nusantara_text,1cb4fa88-22af-4eb1-ab78-943a211e10a8,hate_or_noHate_zs_noopt_contains,train,"Dalam konteks ini, apakah teks yang mengandung kata-kata seperti: Pencitraan di socmed itu boleh-boleh aja. Tapi harus bisa tanggung jawab sama citra yang udh dibikin. Jangan sampe jadi malu-maluin. Kasian., termasuk dalam kategori hatespeech?",tidak
161,id_hatespeech,id_hatespeech_nusantara_text,1cb4fa88-22af-4eb1-ab78-943a211e10a8,hate_or_noHate_zs_noopt_contains,train,"Dalam konteks ini, apakah teks yang mengandung kata-kata seperti: RT @kompascom: Kasus Kicauan Ahmad Dhani Dilimpahkan ke Polres Metro Jakarta Selatan. https://t.co/uJ0m7JernN, termasuk dalam kategori hatespeech?",tidak
162,id_hatespeech,id_hatespeech_nusantara_text,1cb4fa88-22af-4eb1-ab78-943a211e10a8,hate_or_noHate_zs_noopt_contains,train,"Dalam konteks ini, apakah teks yang mengandung kata-kata seperti: RT @kv_kahfi: Komplit bgt yaaaa..... Heran nya msh aja yg percaya dan idolain dia https://t.co/PNTYRAnaJO, termasuk dalam kategori hatespeech?",tidak
163,id_hatespeech,id_hatespeech_nusantara_text,1cb4fa88-22af-4eb1-ab78-943a211e10a8,hate_or_noHate_zs_noopt_contains,train,"Dalam konteks ini, apakah teks yang mengandung kata-kata seperti: RT @m0th3rb04rd__: bagaimana keadilan bisa tercipta jika si penista agama belum di vonis penjara\n #BerjamaahTolakReklamasi, termasuk dalam kategori hatespeech?",tidak
164,id_hatespeech,id_hatespeech_nusantara_text,1cb4fa88-22af-4eb1-ab78-943a211e10a8,hate_or_noHate_zs_noopt_contains,train,"Dalam konteks ini, apakah teks yang mengandung kata-kata seperti: RT @TeddyGusnaidi: Bro.. Kalau yg dimaksud Fatwa Penista agama, MUI gak pernah mengeluarkan Fatwa. https://t.co/x9uXhqJKCa, termasuk dalam kategori hatespeech?",tidak
165,id_hatespeech,id_hatespeech_nusantara_text,1cb4fa88-22af-4eb1-ab78-943a211e10a8,hate_or_noHate_zs_noopt_contains,train,"Dalam konteks ini, apakah teks yang mengandung kata-kata seperti: RT @TeddyGusnaidi: Sidang hari ini makin menguatkan bahwa Ahok bukan penista agama.. Ada yang bisa bantah?? \nhttps://t.co/2Ksj4snR1t, termasuk dalam kategori hatespeech?",tidak
166,id_hatespeech,id_hatespeech_nusantara_text,1cb4fa88-22af-4eb1-ab78-943a211e10a8,hate_or_noHate_zs_noopt_contains,train,"Dalam konteks ini, apakah teks yang mengandung kata-kata seperti: Sebut Ahok Bukan Akademisi, Ahmad Dhani: Secara Intelektual, Lebih Intelek Bang Anies https://t.co/YrzfmMV1LG, termasuk dalam kategori hatespeech?",tidak
167,id_hatespeech,id_hatespeech_nusantara_text,1cb4fa88-22af-4eb1-ab78-943a211e10a8,hate_or_noHate_zs_noopt_contains,train,"Dalam konteks ini, apakah teks yang mengandung kata-kata seperti: Yg melakukan Penista Agama sesungguhnya, agama yg suci digunakan alat untuk mengejar jabatan (kekuasaan) https://t.co/hKvZIpm8ZS, termasuk dalam kategori hatespeech?",tidak
168,id_hatespeech,id_hatespeech_nusantara_text,1cb4fa88-22af-4eb1-ab78-943a211e10a8,hate_or_noHate_zs_noopt_contains,train,"Dalam konteks ini, apakah teks yang mengandung kata-kata seperti: Kalah di Pilkada Bekasi, Ahmad Dhani Jadi Juru Kampanye Pasangan Anies-Sandi https://t.co/oIZpN8hYnd #NenengYes https://t.co/FGOhKhXWxt, termasuk dalam kategori hatespeech?",tidak
169,id_hatespeech,id_hatespeech_nusantara_text,1cb4fa88-22af-4eb1-ab78-943a211e10a8,hate_or_noHate_zs_noopt_contains,train,"Dalam konteks ini, apakah teks yang mengandung kata-kata seperti: #MataNajwaDebatJakarta Bravo closing statement Anies malam ini.kalau nggak ada debat saya nggak mungkin nonton mata najwa sdh lama tdk suka., termasuk dalam kategori hatespeech?",tidak
170,id_hatespeech,id_hatespeech_nusantara_text,1cb4fa88-22af-4eb1-ab78-943a211e10a8,hate_or_noHate_zs_noopt_contains,train,"Dalam konteks ini, apakah teks yang mengandung kata-kata seperti: #MataNajwaDebatJakarta jawaban terakhir Anis jadi bikin ingat jawaban dia pas debat kemarin, ""jawaban anda menarik tapi tidak nyambung"", termasuk dalam kategori hatespeech?",tidak
171,id_hatespeech,id_hatespeech_nusantara_text,1cb4fa88-22af-4eb1-ab78-943a211e10a8,hate_or_noHate_zs_noopt_contains,train,"Dalam konteks ini, apakah teks yang mengandung kata-kata seperti: #MataNajwaDebatJakarta buzzer ahok lagi kerja keras nih,.ayo kerja2 tar gajian ga turun, termasuk dalam kategori hatespeech?",tidak
172,id_hatespeech,id_hatespeech_nusantara_text,1cb4fa88-22af-4eb1-ab78-943a211e10a8,hate_or_noHate_zs_noopt_contains,train,"Dalam konteks ini, apakah teks yang mengandung kata-kata seperti: #MataNajwaDebatJakarta kerendahan hati dan lawan kerendahan hati kelihatan banget.., termasuk dalam kategori hatespeech?",tidak
173,id_hatespeech,id_hatespeech_nusantara_text,1cb4fa88-22af-4eb1-ab78-943a211e10a8,hate_or_noHate_zs_noopt_contains,train,"Dalam konteks ini, apakah teks yang mengandung kata-kata seperti: #MataNajwaDebatJakarta kok gaya pak @aniesbaswedan kayak SBY ya?, termasuk dalam kategori hatespeech?",tidak
174,id_hatespeech,id_hatespeech_nusantara_text,1cb4fa88-22af-4eb1-ab78-943a211e10a8,hate_or_noHate_zs_noopt_contains,train,"Dalam konteks ini, apakah teks yang mengandung kata-kata seperti: #MataNajwaDebatJakarta kenyataannya si anis nyaman bgt dgn isu sara kok , kan nguntungin anis , pura2 sok bijak pdhl menikmati isu sara ,, termasuk dalam kategori hatespeech?",tidak
175,id_hatespeech,id_hatespeech_nusantara_text,1cb4fa88-22af-4eb1-ab78-943a211e10a8,hate_or_noHate_zs_noopt_contains,train,"Dalam konteks ini, apakah teks yang mengandung kata-kata seperti: #MataNajwaDebatJakarta nyesel liat debat tidak bermutu cuma bisa mencela.., termasuk dalam kategori hatespeech?",tidak
176,id_hatespeech,id_hatespeech_nusantara_text,1cb4fa88-22af-4eb1-ab78-943a211e10a8,hate_or_noHate_zs_noopt_contains,train,"Dalam konteks ini, apakah teks yang mengandung kata-kata seperti: #MataNajwaDebatJakarta.kesimpulan: Saya tdk rela punya Gub seorg Anies dan sy percaya Ahok akan menang. Salam 2 jari., termasuk dalam kategori hatespeech?",tidak
177,id_hatespeech,id_hatespeech_nusantara_text,1cb4fa88-22af-4eb1-ab78-943a211e10a8,hate_or_noHate_zs_noopt_contains,train,"Dalam konteks ini, apakah teks yang mengandung kata-kata seperti: @ibnusungeb ahoker panas dingin ahok kalah debat Sama Anis. #MataNajwaDebatJakarta, termasuk dalam kategori hatespeech?",tidak
178,id_hatespeech,id_hatespeech_nusantara_text,1cb4fa88-22af-4eb1-ab78-943a211e10a8,hate_or_noHate_zs_noopt_contains,train,"Dalam konteks ini, apakah teks yang mengandung kata-kata seperti: Ada yg tahu ga backsound penutup mata najwa ini siapa musisinya dan apa judulnya? #MataNajwaDebatJakarta, termasuk dalam kategori hatespeech?",tidak
179,id_hatespeech,id_hatespeech_nusantara_text,1cb4fa88-22af-4eb1-ab78-943a211e10a8,hate_or_noHate_zs_noopt_contains,train,"Dalam konteks ini, apakah teks yang mengandung kata-kata seperti: #MataNajwaDebatJakarta p ahok apapun hanya Utk rakyat, p anies tkt dicurangi... Ngerti bedanya.., termasuk dalam kategori hatespeech?",tidak
180,id_hatespeech,id_hatespeech_nusantara_text,1cb4fa88-22af-4eb1-ab78-943a211e10a8,hate_or_noHate_zs_noopt_contains,train,"Dalam konteks ini, apakah teks yang mengandung kata-kata seperti: @MataNajwa mantapppp Mata Najwa diskusi lebih hidup dan mendidik,,, jauh berkualitas di banding debat yg selenggarakan KPU, termasuk dalam kategori hatespeech?",tidak
181,id_hatespeech,id_hatespeech_nusantara_text,1cb4fa88-22af-4eb1-ab78-943a211e10a8,hate_or_noHate_zs_noopt_contains,train,"Dalam konteks ini, apakah teks yang mengandung kata-kata seperti: @MataNajwa mbak najwa..ayo ""ketengah"" lagi sedikit..jgn terlihat ke kiri, dgn meminta terus pak anies cpt2 menyelesaikan kalimat2nya.., termasuk dalam kategori hatespeech?",tidak
182,id_hatespeech,id_hatespeech_nusantara_text,1cb4fa88-22af-4eb1-ab78-943a211e10a8,hate_or_noHate_zs_noopt_contains,train,"Dalam konteks ini, apakah teks yang mengandung kata-kata seperti: Dan soal soal ribut-ribut pribumi vs non pribumi yang ramai di beranda saya itu, sebenarnya maksudnya apa? ikut..., termasuk dalam kategori hatespeech?",tidak
183,id_hatespeech,id_hatespeech_nusantara_text,1cb4fa88-22af-4eb1-ab78-943a211e10a8,hate_or_noHate_zs_noopt_contains,train,"Dalam konteks ini, apakah teks yang mengandung kata-kata seperti: Sedih liat pak anies saat ini, tokoh yang dulu saya kagumi kenapa jadi seperti ini ;') #MataNajwaDebatJakarta, termasuk dalam kategori hatespeech?",tidak
184,id_hatespeech,id_hatespeech_nusantara_text,1cb4fa88-22af-4eb1-ab78-943a211e10a8,hate_or_noHate_zs_noopt_contains,train,"Dalam konteks ini, apakah teks yang mengandung kata-kata seperti: Awal sp akhir @aniesbaswedan bisanya cm serang pribadi @basuki_btp gak ada program yg perlu dibanggakan #MataNajwaDebatJakarta, termasuk dalam kategori hatespeech?",tidak
185,id_hatespeech,id_hatespeech_nusantara_text,1cb4fa88-22af-4eb1-ab78-943a211e10a8,hate_or_noHate_zs_noopt_contains,train,"Dalam konteks ini, apakah teks yang mengandung kata-kata seperti: Gimana nih om @pandji pasti ikut gedeg juga kan dengerin retorika ga ada wawasan. Tapi gimana udah terlanjur ya. #matanajwadebatjakarta, termasuk dalam kategori hatespeech?",tidak
186,id_hatespeech,id_hatespeech_nusantara_text,1cb4fa88-22af-4eb1-ab78-943a211e10a8,hate_or_noHate_zs_noopt_contains,train,"Dalam konteks ini, apakah teks yang mengandung kata-kata seperti: Haduhhhh Pak Anies.. Terus pendukung anda yang didatengin ke Jakarta itu dari mana pak? Dari luar jakarta kan #MataNajwaDebatJakarta, termasuk dalam kategori hatespeech?",tidak
187,id_hatespeech,id_hatespeech_nusantara_text,1cb4fa88-22af-4eb1-ab78-943a211e10a8,hate_or_noHate_zs_noopt_contains,train,"Dalam konteks ini, apakah teks yang mengandung kata-kata seperti: Haha anies pendemo2 dr jawa barat kok ga ngomen. Takut kalah ya haha #MataNajwaDebatJakarta, termasuk dalam kategori hatespeech?",tidak
188,id_hatespeech,id_hatespeech_nusantara_text,1cb4fa88-22af-4eb1-ab78-943a211e10a8,hate_or_noHate_zs_noopt_contains,train,"Dalam konteks ini, apakah teks yang mengandung kata-kata seperti: #MataNajwaDebatJakarta pak uno habis 62M istrinya ga marah ya pak? Saya mo beli sepatu 300rb aja istri saya marah2 pak, termasuk dalam kategori hatespeech?",tidak
189,id_hatespeech,id_hatespeech_nusantara_text,1cb4fa88-22af-4eb1-ab78-943a211e10a8,hate_or_noHate_zs_noopt_contains,train,"Dalam konteks ini, apakah teks yang mengandung kata-kata seperti: #MataNajwaDebatJakarta jangan suka menyerang, ini bukan perang,. mengapa ingin ibadah harus menyerang orang.., termasuk dalam kategori hatespeech?",tidak
190,id_hatespeech,id_hatespeech_nusantara_text,1cb4fa88-22af-4eb1-ab78-943a211e10a8,hate_or_noHate_zs_noopt_contains,train,"Dalam konteks ini, apakah teks yang mengandung kata-kata seperti: #MataNajwaDebatJakarta Paslon 3 serang terus dengan membawa2 hal2 yg biasa menyerang, tp Paslon 2 tenang menjawabnya, termasuk dalam kategori hatespeech?",tidak
191,id_hatespeech,id_hatespeech_nusantara_text,1cb4fa88-22af-4eb1-ab78-943a211e10a8,hate_or_noHate_zs_noopt_contains,train,"Dalam konteks ini, apakah teks yang mengandung kata-kata seperti: Aahhh akuh sedih, akuh org depok ternyata ngga boleh ke jakarta pak mANIES jahattttt #MataNajwaDebatJakarta, termasuk dalam kategori hatespeech?",tidak
192,id_hatespeech,id_hatespeech_nusantara_text,1cb4fa88-22af-4eb1-ab78-943a211e10a8,hate_or_noHate_zs_noopt_contains,train,"Dalam konteks ini, apakah teks yang mengandung kata-kata seperti: #MataNajwaDebatJakarta saludd utk mata najwa, berbobot sekali perdebatan malam ini.., termasuk dalam kategori hatespeech?",tidak
193,id_hatespeech,id_hatespeech_nusantara_text,1cb4fa88-22af-4eb1-ab78-943a211e10a8,hate_or_noHate_zs_noopt_contains,train,"Dalam konteks ini, apakah teks yang mengandung kata-kata seperti: Jadilah orang yang bertanggung jawab atas segala tindakan anda. dengan demikian anda akan menuai hal yang positif. #SidangAhok, termasuk dalam kategori hatespeech?",tidak
194,id_hatespeech,id_hatespeech_nusantara_text,1cb4fa88-22af-4eb1-ab78-943a211e10a8,hate_or_noHate_zs_noopt_contains,train,"Dalam konteks ini, apakah teks yang mengandung kata-kata seperti: Menurut Anda, apakah #SidangAhok Dugaan Penistaan Agama dgn Terdakwa @basuki_btp murni isyu Pilkada DKI Jakarta atau murni demi Islam???, termasuk dalam kategori hatespeech?",tidak
195,id_hatespeech,id_hatespeech_nusantara_text,1cb4fa88-22af-4eb1-ab78-943a211e10a8,hate_or_noHate_zs_noopt_contains,train,"Dalam konteks ini, apakah teks yang mengandung kata-kata seperti: Semua kejujuran akan mendapatkan pahala dari surga. Sabar ya Pak Basuki #FreeAhok https://t.co/NlgbEcj4Jc, termasuk dalam kategori hatespeech?",tidak
196,id_hatespeech,id_hatespeech_nusantara_text,1cb4fa88-22af-4eb1-ab78-943a211e10a8,hate_or_noHate_zs_noopt_contains,train,"Dalam konteks ini, apakah teks yang mengandung kata-kata seperti: Jadilah orang yang bertanggung jawab atas segala tindakan anda. dengan demikian anda akan menuai hal yang positif. #SidangAhok, termasuk dalam kategori hatespeech?",tidak
197,id_hatespeech,id_hatespeech_nusantara_text,1cb4fa88-22af-4eb1-ab78-943a211e10a8,hate_or_noHate_zs_noopt_contains,train,"Dalam konteks ini, apakah teks yang mengandung kata-kata seperti: #MataNajwaDebatJakarta terima kasih telah memberikan pendidikan demokrasi pada rakyat Indonesia, khususnya Jakarta., termasuk dalam kategori hatespeech?",tidak
198,id_hatespeech,id_hatespeech_nusantara_text,1cb4fa88-22af-4eb1-ab78-943a211e10a8,hate_or_noHate_zs_noopt_contains,train,"Dalam konteks ini, apakah teks yang mengandung kata-kata seperti: Keberagaman itu datang dr hati terdalam, bukan dr pencitraan #Tetap3 #JKTBeragam, termasuk dalam kategori hatespeech?",tidak
199,id_hatespeech,id_hatespeech_nusantara_text,1cb4fa88-22af-4eb1-ab78-943a211e10a8,hate_or_noHate_zs_noopt_contains,train,"Dalam konteks ini, apakah teks yang mengandung kata-kata seperti: Membangun bangsa dan negara ini engga cukup dengan metoda pencitraan saja ,tanpa teruji lewat rekam jejak dan integritas tokohnya, termasuk dalam kategori hatespeech?",tidak
200,id_hatespeech,id_hatespeech_nusantara_text,1cb4fa88-22af-4eb1-ab78-943a211e10a8,hate_or_noHate_zs_noopt_contains,train,"Dalam konteks ini, apakah teks yang mengandung kata-kata seperti: jangan ada keberpihakan dalam badan hukum karena itu akan merusak demokrasi #important #MataNajwaDebatJakarta, termasuk dalam kategori hatespeech?",tidak
201,id_hatespeech,id_hatespeech_nusantara_text,1cb4fa88-22af-4eb1-ab78-943a211e10a8,hate_or_noHate_zs_noopt_contains,train,"Dalam konteks ini, apakah teks yang mengandung kata-kata seperti: Jika lo bisa menceritakan kembali kalimat2 yg dilontarkan Anies di @MataNajwa dgn bahasa lo sendiri, lo luar biasa. #MataNajwaDebatJakarta, termasuk dalam kategori hatespeech?",tidak
202,id_hatespeech,id_hatespeech_nusantara_text,1cb4fa88-22af-4eb1-ab78-943a211e10a8,hate_or_noHate_zs_noopt_contains,train,"Dalam konteks ini, apakah teks yang mengandung kata-kata seperti: kalau liat sosmed, Pak Ahok menang telak. Namun sayang, hanya kata-kata manis lah yg diserap bbrp warga kecil. #matanajwadebatjakarta, termasuk dalam kategori hatespeech?",tidak
203,id_hatespeech,id_hatespeech_nusantara_text,1cb4fa88-22af-4eb1-ab78-943a211e10a8,hate_or_noHate_zs_noopt_contains,train,"Dalam konteks ini, apakah teks yang mengandung kata-kata seperti: Seharusnya mah basuki sudah bebas ya kan? #FreeAhok https://t.co/Mw3k0vYweF, termasuk dalam kategori hatespeech?",tidak
204,id_hatespeech,id_hatespeech_nusantara_text,1cb4fa88-22af-4eb1-ab78-943a211e10a8,hate_or_noHate_zs_noopt_contains,train,"Dalam konteks ini, apakah teks yang mengandung kata-kata seperti: Kenapa debat @MataNajwa ini, Ahok makin keliatan diatas angin ya. Kliatan dia sangat menguasai problem solusi tata kelola Jakarta., termasuk dalam kategori hatespeech?",tidak
205,id_hatespeech,id_hatespeech_nusantara_text,1cb4fa88-22af-4eb1-ab78-943a211e10a8,hate_or_noHate_zs_noopt_contains,train,"Dalam konteks ini, apakah teks yang mengandung kata-kata seperti: Kalau lihat Ahok itu kayak lihat power rangers merah, termasuk dalam kategori hatespeech?",tidak
206,id_hatespeech,id_hatespeech_nusantara_text,1cb4fa88-22af-4eb1-ab78-943a211e10a8,hate_or_noHate_zs_noopt_contains,train,"Dalam konteks ini, apakah teks yang mengandung kata-kata seperti: Kesimpulan. Ahok spt biasa fokus detail ke program. Anies terlalu fokus menjatuhkan lawan #MataNajwaDebatJakarta, termasuk dalam kategori hatespeech?",tidak
207,id_hatespeech,id_hatespeech_nusantara_text,1cb4fa88-22af-4eb1-ab78-943a211e10a8,hate_or_noHate_zs_noopt_contains,train,"Dalam konteks ini, apakah teks yang mengandung kata-kata seperti: pertunjukan yang sangat membuat saya serius dan gak mau diganggu, selamat untuk pak @aniesbaswedan buat gagasan nya #MataNajwaDebatJakarta, termasuk dalam kategori hatespeech?",tidak
208,id_hatespeech,id_hatespeech_nusantara_text,1cb4fa88-22af-4eb1-ab78-943a211e10a8,hate_or_noHate_zs_noopt_contains,train,"Dalam konteks ini, apakah teks yang mengandung kata-kata seperti: Jangan berpihak...melayani rakyat dengan sepenuh hati..Tuhan yang memberi kekuasaan.. Tuhan yang mengambil..-ahok#MataNajwaDebatJakarta, termasuk dalam kategori hatespeech?",tidak
209,id_hatespeech,id_hatespeech_nusantara_text,1cb4fa88-22af-4eb1-ab78-943a211e10a8,hate_or_noHate_zs_noopt_contains,train,"Dalam konteks ini, apakah teks yang mengandung kata-kata seperti: Pak Ahok jangan blunder dong Pak..dari tadi udah bagus. Pertanyaannya komitmen menerima hasil kontestasi. #MataNajwaDebatJakarta, termasuk dalam kategori hatespeech?",tidak
210,id_hatespeech,id_hatespeech_nusantara_text,1cb4fa88-22af-4eb1-ab78-943a211e10a8,hate_or_noHate_zs_noopt_contains,train,"Dalam konteks ini, apakah teks yang mengandung kata-kata seperti: jangan ada keberpihakan dalam badan hukum karena itu akan merusak demokrasi #important #MataNajwaDebatJakarta, termasuk dalam kategori hatespeech?",tidak
211,id_hatespeech,id_hatespeech_nusantara_text,1cb4fa88-22af-4eb1-ab78-943a211e10a8,hate_or_noHate_zs_noopt_contains,train,"Dalam konteks ini, apakah teks yang mengandung kata-kata seperti: Jika lo bisa menceritakan kembali kalimat2 yg dilontarkan Anies di @MataNajwa dgn bahasa lo sendiri, lo luar biasa. #MataNajwaDebatJakarta, termasuk dalam kategori hatespeech?",tidak
212,id_hatespeech,id_hatespeech_nusantara_text,1cb4fa88-22af-4eb1-ab78-943a211e10a8,hate_or_noHate_zs_noopt_contains,train,"Dalam konteks ini, apakah teks yang mengandung kata-kata seperti: Kenapa debat @MataNajwa ini, Ahok makin keliatan diatas angin ya. Kliatan dia sangat menguasai problem solusi tata kelola Jakarta., termasuk dalam kategori hatespeech?",tidak
213,id_hatespeech,id_hatespeech_nusantara_text,1cb4fa88-22af-4eb1-ab78-943a211e10a8,hate_or_noHate_zs_noopt_contains,train,"Dalam konteks ini, apakah teks yang mengandung kata-kata seperti: Kiranya Jakarta semakin baik. Selamat berjuang buat Pak Ahok dan Pak Anies ! #MataNajwaDebatJakarta, termasuk dalam kategori hatespeech?",tidak
214,id_hatespeech,id_hatespeech_nusantara_text,1cb4fa88-22af-4eb1-ab78-943a211e10a8,hate_or_noHate_zs_noopt_contains,train,"Dalam konteks ini, apakah teks yang mengandung kata-kata seperti: Masihkah Ahoker debat soal program? Jlebb.. KO kena uppercut Anies soal KJP. Pergubnya blm di rubah.. @roemahdjoeang @NetizenTofa @cepot234, termasuk dalam kategori hatespeech?",tidak
215,id_hatespeech,id_hatespeech_nusantara_text,1cb4fa88-22af-4eb1-ab78-943a211e10a8,hate_or_noHate_zs_noopt_contains,train,"Dalam konteks ini, apakah teks yang mengandung kata-kata seperti: RT @alysap_: Semua penganut agama harus dapet hak yang sama - Ahok #MataNajwaDebatJakarta, termasuk dalam kategori hatespeech?",tidak
216,id_hatespeech,id_hatespeech_nusantara_text,1cb4fa88-22af-4eb1-ab78-943a211e10a8,hate_or_noHate_zs_noopt_contains,train,"Dalam konteks ini, apakah teks yang mengandung kata-kata seperti: Aku heran kenapa ilklan kampanye #AhokDjarot yg terbaru itu begitu, ini aku loh yang bingung bkn akuang,asiang, atau aming #IklanAhokJahat, termasuk dalam kategori hatespeech?",tidak
217,id_hatespeech,id_hatespeech_nusantara_text,1cb4fa88-22af-4eb1-ab78-943a211e10a8,hate_or_noHate_zs_noopt_contains,train,"Dalam konteks ini, apakah teks yang mengandung kata-kata seperti: Abis nyoblos streaming video perkembangan Pilkada 2017 pake #SisaKuotaGakHangus dari @IM3Ooredoo kuota ga habis deh, termasuk dalam kategori hatespeech?",tidak
218,id_hatespeech,id_hatespeech_nusantara_text,1cb4fa88-22af-4eb1-ab78-943a211e10a8,hate_or_noHate_zs_noopt_contains,train,"Dalam konteks ini, apakah teks yang mengandung kata-kata seperti: muslim sedang diuji di negara yg mayoritas Islam..semoga kita smua bisa bersabar dan menahan utk tidak berbicara kasar sbg balasan, termasuk dalam kategori hatespeech?",tidak
219,id_hatespeech,id_hatespeech_nusantara_text,1cb4fa88-22af-4eb1-ab78-943a211e10a8,hate_or_noHate_zs_noopt_contains,train,"Dalam konteks ini, apakah teks yang mengandung kata-kata seperti: Kiranya Jakarta semakin baik. Selamat berjuang buat Pak Ahok dan Pak Anies ! #MataNajwaDebatJakarta, termasuk dalam kategori hatespeech?",tidak
220,id_hatespeech,id_hatespeech_nusantara_text,1cb4fa88-22af-4eb1-ab78-943a211e10a8,hate_or_noHate_zs_noopt_contains,train,"Dalam konteks ini, apakah teks yang mengandung kata-kata seperti: RT @grcllafrn: Pak Anies, inget, apa yg kau tabur itu yang akan kau tuai nanti... jadi takut sendiri :"") #MataNajwaDebatJakarta, termasuk dalam kategori hatespeech?",tidak
221,id_hatespeech,id_hatespeech_nusantara_text,1cb4fa88-22af-4eb1-ab78-943a211e10a8,hate_or_noHate_zs_noopt_contains,train,"Dalam konteks ini, apakah teks yang mengandung kata-kata seperti: RT @kompascom: Bagaimana metode penarikan sampel hitung cepat yg dilakukan Litbang Kompas dlm Pilkada DKI Jakarta 2017? Simak disini, termasuk dalam kategori hatespeech?",tidak
222,id_hatespeech,id_hatespeech_nusantara_text,1cb4fa88-22af-4eb1-ab78-943a211e10a8,hate_or_noHate_zs_noopt_contains,train,"Dalam konteks ini, apakah teks yang mengandung kata-kata seperti: mnding diem aja pak @basuki_btp semua pergerakanmu pasti disalahkan, klo wktunya menang ntar jga menang.... #IklanAhokJahat, termasuk dalam kategori hatespeech?",tidak
223,id_hatespeech,id_hatespeech_nusantara_text,1cb4fa88-22af-4eb1-ab78-943a211e10a8,hate_or_noHate_zs_noopt_contains,train,"Dalam konteks ini, apakah teks yang mengandung kata-kata seperti: RT @netmediatama: Perbincangan menarik di Quick Count Pilkada 2017 bersama @irakoesno. #NETPilkada https:\/\/t.co\/odbVw4uWMr, termasuk dalam kategori hatespeech?",tidak
224,id_hatespeech,id_hatespeech_nusantara_text,1cb4fa88-22af-4eb1-ab78-943a211e10a8,hate_or_noHate_zs_noopt_contains,train,"Dalam konteks ini, apakah teks yang mengandung kata-kata seperti: Bersyukur menutup kampanye hari ini dengan berdoa agar PILKADA DKI Jakarta pada 15 Februari 2017 berjalan dengan lancar, termasuk dalam kategori hatespeech?",tidak
225,id_hatespeech,id_hatespeech_nusantara_text,1cb4fa88-22af-4eb1-ab78-943a211e10a8,hate_or_noHate_zs_noopt_contains,train,"Dalam konteks ini, apakah teks yang mengandung kata-kata seperti: Julia Perez Kecewa Gagal Nyoblos Pilkada DKI 2017 di TPS 15 RSCM https:\/\/t.co\/vajPLioiek, termasuk dalam kategori hatespeech?",tidak
226,id_hatespeech,id_hatespeech_nusantara_text,1cb4fa88-22af-4eb1-ab78-943a211e10a8,hate_or_noHate_zs_noopt_contains,train,"Dalam konteks ini, apakah teks yang mengandung kata-kata seperti: Disediakan Ambulans untuk Pasien Mencoblos pada Pilkada DKI 2017, termasuk dalam kategori hatespeech?",tidak
227,id_hatespeech,id_hatespeech_nusantara_text,1cb4fa88-22af-4eb1-ab78-943a211e10a8,hate_or_noHate_zs_noopt_contains,train,"Dalam konteks ini, apakah teks yang mengandung kata-kata seperti: RT @miekarinayam: Saya bertanya apakah saya memang tak boleh ikut Pilkada 2017? Apakah saya kehilangan hak saya yg dijamin konstitusi?, termasuk dalam kategori hatespeech?",tidak
228,id_hatespeech,id_hatespeech_nusantara_text,1cb4fa88-22af-4eb1-ab78-943a211e10a8,hate_or_noHate_zs_noopt_contains,train,"Dalam konteks ini, apakah teks yang mengandung kata-kata seperti: Ya Allah! Anis dan Sandi bakal jadi Gubernur DKI Jakarta terpilih di tahun ini, termasuk dalam kategori hatespeech?",tidak
229,id_hatespeech,id_hatespeech_nusantara_text,1cb4fa88-22af-4eb1-ab78-943a211e10a8,hate_or_noHate_zs_noopt_contains,train,"Dalam konteks ini, apakah teks yang mengandung kata-kata seperti: Domisili gue di Jakpus bela-belain ke TPS yg berlokasi di Jakbar dgn bermodal e-KTP buat ikutan Pilkada 2017., termasuk dalam kategori hatespeech?",tidak
230,id_hatespeech,id_hatespeech_nusantara_text,1cb4fa88-22af-4eb1-ab78-943a211e10a8,hate_or_noHate_zs_noopt_contains,train,"Dalam konteks ini, apakah teks yang mengandung kata-kata seperti: RT @netmediatama: Presiden @jokowi menggunakan hak suaranya untuk Pilkada DKI Jakarta 2017 di TPS 4 Gambir Jakarta Pusat. #NETPilkada, termasuk dalam kategori hatespeech?",tidak
231,id_hatespeech,id_hatespeech_nusantara_text,1cb4fa88-22af-4eb1-ab78-943a211e10a8,hate_or_noHate_zs_noopt_contains,train,"Dalam konteks ini, apakah teks yang mengandung kata-kata seperti: RT @boelatboelat: agree pak @basuki_btp kekuasaan itu Tuhan yang kasih, walau dijatuhkan, Tuhan akan menaikkan :) #MataNajwaDebatJakarta, termasuk dalam kategori hatespeech?",tidak
232,id_hatespeech,id_hatespeech_nusantara_text,1cb4fa88-22af-4eb1-ab78-943a211e10a8,hate_or_noHate_zs_noopt_contains,train,"Dalam konteks ini, apakah teks yang mengandung kata-kata seperti: RT @AzzamBarbarossa: Akibat Nila Setitik Rusak Susu Sebelangga, Akibat Mulut Oknum Tak terdidik Rusak Juga Persatuan Bangsa. #IklanAhokJahat, termasuk dalam kategori hatespeech?",tidak
233,id_hatespeech,id_hatespeech_nusantara_text,1cb4fa88-22af-4eb1-ab78-943a211e10a8,hate_or_noHate_zs_noopt_contains,train,"Dalam konteks ini, apakah teks yang mengandung kata-kata seperti: Mudah-mudahan Novel baswedan tidak alami kebutaan pada matanya. Kalau sampai buta, saya siap mendonorkan mata saya untuk dia., termasuk dalam kategori hatespeech?",tidak
234,id_hatespeech,id_hatespeech_nusantara_text,1cb4fa88-22af-4eb1-ab78-943a211e10a8,hate_or_noHate_zs_noopt_contains,train,"Dalam konteks ini, apakah teks yang mengandung kata-kata seperti: Mengapa mereka melakukan ini, apakah bisa merubah keadaan bagi para pemilih nanti ? #IklanAhokJahat, termasuk dalam kategori hatespeech?",tidak
235,id_hatespeech,id_hatespeech_nusantara_text,1cb4fa88-22af-4eb1-ab78-943a211e10a8,hate_or_noHate_zs_noopt_contains,train,"Dalam konteks ini, apakah teks yang mengandung kata-kata seperti: RT @hariadhi: Siapa yg salah? Ahok? Iklannya? Bukan.. yang perlu diprotes adalah orang yg benar2 pake spanduk itu #IklanAhokJahat https://t, termasuk dalam kategori hatespeech?",tidak
236,id_hatespeech,id_hatespeech_nusantara_text,1cb4fa88-22af-4eb1-ab78-943a211e10a8,hate_or_noHate_zs_noopt_contains,train,"Dalam konteks ini, apakah teks yang mengandung kata-kata seperti: Sampe sekarang gue blm ngerti dp rumah 0% itu gmn skemanya. Trs emg ada ya perbankan yg mau ngasih kredit rumah gak pakai dp? #debatfinalpilkadadki, termasuk dalam kategori hatespeech?",tidak
237,id_hatespeech,id_hatespeech_nusantara_text,1cb4fa88-22af-4eb1-ab78-943a211e10a8,hate_or_noHate_zs_noopt_contains,train,"Dalam konteks ini, apakah teks yang mengandung kata-kata seperti: #debatfinalpilkadadki Bagi Anies gubernur adalah pemimpin, bukan administratur / pelayan masyarkt. Padahal melayani mencerminkan integritas., termasuk dalam kategori hatespeech?",tidak
238,id_hatespeech,id_hatespeech_nusantara_text,1cb4fa88-22af-4eb1-ab78-943a211e10a8,hate_or_noHate_zs_noopt_contains,train,"Dalam konteks ini, apakah teks yang mengandung kata-kata seperti: Kalimat Penutup Anies Ambisius, Ahok Minta Maaf, Karakter Tidak Bisa Bohong. #DebatPilkadaDKI #DebatFinalPilkadaDKI, termasuk dalam kategori hatespeech?",tidak
239,id_hatespeech,id_hatespeech_nusantara_text,1cb4fa88-22af-4eb1-ab78-943a211e10a8,hate_or_noHate_zs_noopt_contains,train,"Dalam konteks ini, apakah teks yang mengandung kata-kata seperti: pertunjukan yang sangat membuat saya serius dan gak mau diganggu, selamat untuk pak @aniesbaswedan buat gagasan nya #MataNajwaDebatJakarta, termasuk dalam kategori hatespeech?",tidak
240,id_hatespeech,id_hatespeech_nusantara_text,1cb4fa88-22af-4eb1-ab78-943a211e10a8,hate_or_noHate_zs_noopt_contains,train,"Dalam konteks ini, apakah teks yang mengandung kata-kata seperti: RT @BelaQuran: Kami tdk akan terprovokasi dgn sentimen dan jualan SARA mu itu, karena kami cinta Indonesia #IklanAhokJahat, termasuk dalam kategori hatespeech?",tidak
241,id_hatespeech,id_hatespeech_nusantara_text,1cb4fa88-22af-4eb1-ab78-943a211e10a8,hate_or_noHate_zs_noopt_contains,train,"Dalam konteks ini, apakah teks yang mengandung kata-kata seperti: Semakin umat di suguhkan #IklanAhokJahat maka akan semakin terlihat siapa yang menebar kebencian terhadap kerukunan antar umat beragama, termasuk dalam kategori hatespeech?",tidak
242,id_hatespeech,id_hatespeech_nusantara_text,1cb4fa88-22af-4eb1-ab78-943a211e10a8,hate_or_noHate_zs_noopt_contains,train,"Dalam konteks ini, apakah teks yang mengandung kata-kata seperti: Hampir semua polling Anies - Sandi yang menang. Semoga hari H nya juga demikian. #AniesSandi, termasuk dalam kategori hatespeech?",tidak
243,id_hatespeech,id_hatespeech_nusantara_text,1cb4fa88-22af-4eb1-ab78-943a211e10a8,hate_or_noHate_zs_noopt_contains,train,"Dalam konteks ini, apakah teks yang mengandung kata-kata seperti: RT @anjisudirman: @fahiraidris Yg iklankan kampanye ahox adalah yg sama sebarin spanduk syariah dan brosur black campaign. #IklanAhokJahat, termasuk dalam kategori hatespeech?",tidak
244,id_hatespeech,id_hatespeech_nusantara_text,1cb4fa88-22af-4eb1-ab78-943a211e10a8,hate_or_noHate_zs_noopt_contains,train,"Dalam konteks ini, apakah teks yang mengandung kata-kata seperti: Oke Oce akan menjadi brand dimana, semuanya menjadi OKe Oce, bahkan nanti ada kampung Oke Oce #debatfinalpilkadadki, termasuk dalam kategori hatespeech?",tidak
245,id_hatespeech,id_hatespeech_nusantara_text,1cb4fa88-22af-4eb1-ab78-943a211e10a8,hate_or_noHate_zs_noopt_contains,train,"Dalam konteks ini, apakah teks yang mengandung kata-kata seperti: RT @BelaQuran: Sungguh sgt mengherankan, mengkampanyekan kebhinekaan tp dengan menyebarkan Islamophobia, kebhinekaan yg mana yg dimaksud?, termasuk dalam kategori hatespeech?",tidak
246,id_hatespeech,id_hatespeech_nusantara_text,1cb4fa88-22af-4eb1-ab78-943a211e10a8,hate_or_noHate_zs_noopt_contains,train,"Dalam konteks ini, apakah teks yang mengandung kata-kata seperti: Debat Final Pilkada DKI Jakarta, Siapa yang Gagap, dan Siapa yang Tepat Menjawab - Adjat Sudradjat, termasuk dalam kategori hatespeech?",tidak
247,id_hatespeech,id_hatespeech_nusantara_text,1cb4fa88-22af-4eb1-ab78-943a211e10a8,hate_or_noHate_zs_noopt_contains,train,"Dalam konteks ini, apakah teks yang mengandung kata-kata seperti: Jika persoalan pemimpin hanya dikaitkan dengan lisan, maka apa bedanya gubernur dengan anak-anak? #MataNajwaDebatJakarta, termasuk dalam kategori hatespeech?",tidak
248,id_hatespeech,id_hatespeech_nusantara_text,1cb4fa88-22af-4eb1-ab78-943a211e10a8,hate_or_noHate_zs_noopt_contains,train,"Dalam konteks ini, apakah teks yang mengandung kata-kata seperti: Cerita Djarot ini diharapkan membuat para pendukung tetap berdamai. #debatfinalpilkadadki #temanahok #AniesSandi, termasuk dalam kategori hatespeech?",tidak
249,id_hatespeech,id_hatespeech_nusantara_text,1cb4fa88-22af-4eb1-ab78-943a211e10a8,hate_or_noHate_zs_noopt_contains,train,"Dalam konteks ini, apakah teks yang mengandung kata-kata seperti: Cuman mau bilang sama yang serius banget ngetweet pakai hastag #IklanAhokJahat ""Gitu aja baper""., termasuk dalam kategori hatespeech?",tidak
250,id_hatespeech,id_hatespeech_nusantara_text,1cb4fa88-22af-4eb1-ab78-943a211e10a8,hate_or_noHate_zs_noopt_contains,train,"Dalam konteks ini, apakah teks yang mengandung kata-kata seperti: Ira Koesno Didekati Anies-Sandi Lalu Marahi Pendukung Paslon Saat Debat Pilkada DKI, termasuk dalam kategori hatespeech?",tidak
251,id_hatespeech,id_hatespeech_nusantara_text,1cb4fa88-22af-4eb1-ab78-943a211e10a8,hate_or_noHate_zs_noopt_contains,train,"Dalam konteks ini, apakah teks yang mengandung kata-kata seperti: Alhamdulillah ya Allah SWT Semoga jakarta punya gubernur baru yg lebih bersahaja, bersahabat utk semuanya #AniesSandi, termasuk dalam kategori hatespeech?",tidak
252,id_hatespeech,id_hatespeech_nusantara_text,1cb4fa88-22af-4eb1-ab78-943a211e10a8,hate_or_noHate_zs_noopt_contains,train,"Dalam konteks ini, apakah teks yang mengandung kata-kata seperti: Jelang larut semalam. Diskusi dengan aktifis Golkar tingkat kelurahan. Siap bergabung dalam pemenangan #AniesSandi, termasuk dalam kategori hatespeech?",tidak
253,id_hatespeech,id_hatespeech_nusantara_text,1cb4fa88-22af-4eb1-ab78-943a211e10a8,hate_or_noHate_zs_noopt_contains,train,"Dalam konteks ini, apakah teks yang mengandung kata-kata seperti: RT @alayyubichoir: Sosok Anies Sandi harus diakui sgt mengayomi. Sangat kompeten utk membangun kerukukan & kebhinekaan di Jakarta, termasuk dalam kategori hatespeech?",tidak
254,id_hatespeech,id_hatespeech_nusantara_text,1cb4fa88-22af-4eb1-ab78-943a211e10a8,hate_or_noHate_zs_noopt_contains,train,"Dalam konteks ini, apakah teks yang mengandung kata-kata seperti: RT @nielchen99: Ngomong manis memang gampang giliran kerja bingung #MataNajwaDebatJakarta, termasuk dalam kategori hatespeech?",tidak
255,id_hatespeech,id_hatespeech_nusantara_text,1cb4fa88-22af-4eb1-ab78-943a211e10a8,hate_or_noHate_zs_noopt_contains,train,"Dalam konteks ini, apakah teks yang mengandung kata-kata seperti: 19 April adalah saat yang penting bagi warga Jakarta untuk menentukan masa depan Ibukota, termasuk dalam kategori hatespeech?",tidak
256,id_hatespeech,id_hatespeech_nusantara_text,1cb4fa88-22af-4eb1-ab78-943a211e10a8,hate_or_noHate_zs_noopt_contains,train,"Dalam konteks ini, apakah teks yang mengandung kata-kata seperti: RT @maharanisinta70: terimakasih Pak Anies pemaparantentang DP 0 ,memberi solusi bagi warga jakarta yang ingin punya rumah dan tidak nyewa terus., termasuk dalam kategori hatespeech?",tidak
257,id_hatespeech,id_hatespeech_nusantara_text,1cb4fa88-22af-4eb1-ab78-943a211e10a8,hate_or_noHate_zs_noopt_contains,train,"Dalam konteks ini, apakah teks yang mengandung kata-kata seperti: Yang aku perhatikan, Tim Mas @aniesbaswedan sibuk ngoceh tentang @basuki_btp dan programnya. Kenapa gak ngurus diri sendiri?, termasuk dalam kategori hatespeech?",tidak
258,id_hatespeech,id_hatespeech_nusantara_text,1cb4fa88-22af-4eb1-ab78-943a211e10a8,hate_or_noHate_zs_noopt_contains,train,"Dalam konteks ini, apakah teks yang mengandung kata-kata seperti: kalo pilih gubernur yg jujur, kerja nyata,anti korupsi,tegas,pinter,mlyani rakyat iklas & peduli pilih ahok djarot,.., termasuk dalam kategori hatespeech?",tidak
259,id_hatespeech,id_hatespeech_nusantara_text,1cb4fa88-22af-4eb1-ab78-943a211e10a8,hate_or_noHate_zs_noopt_contains,train,"Dalam konteks ini, apakah teks yang mengandung kata-kata seperti: RT @anies_sandi: Bisa merangkul dan menegakkan hukum. Kepemimpinan itu hadir dengan memberikan contoh & perbuatan - @aniesbaswedan, termasuk dalam kategori hatespeech?",tidak
260,id_hatespeech,id_hatespeech_nusantara_text,1cb4fa88-22af-4eb1-ab78-943a211e10a8,hate_or_noHate_zs_noopt_contains,train,"Dalam konteks ini, apakah teks yang mengandung kata-kata seperti: Hasil kerja Ahok Djarot sungai di Jakarta kembali normal, bersih dan enak dipandang, termasuk dalam kategori hatespeech?",tidak
261,id_hatespeech,id_hatespeech_nusantara_text,1cb4fa88-22af-4eb1-ab78-943a211e10a8,hate_or_noHate_zs_noopt_contains,train,"Dalam konteks ini, apakah teks yang mengandung kata-kata seperti: Ahok & Anies sama baiknya kok, sama bagusnya, sama okenya. Siapa yg kepilih yg menang tetap rakyat jakarta, termasuk dalam kategori hatespeech?",tidak
262,id_hatespeech,id_hatespeech_nusantara_text,1cb4fa88-22af-4eb1-ab78-943a211e10a8,hate_or_noHate_zs_noopt_contains,train,"Dalam konteks ini, apakah teks yang mengandung kata-kata seperti: Semoga pak basuki bisa jadi presiden,agar Indonesia lebih maju., termasuk dalam kategori hatespeech?",tidak
263,id_hatespeech,id_hatespeech_nusantara_text,1cb4fa88-22af-4eb1-ab78-943a211e10a8,hate_or_noHate_zs_noopt_contains,train,"Dalam konteks ini, apakah teks yang mengandung kata-kata seperti: Allah SWT tdk butuh anda. Tapi Anda yang butuh Allah,Rezeki, hidup matimu. Allah yg tentukan. Mau khianati Allah? yakin gak nyesel? #SidangAhok, termasuk dalam kategori hatespeech?",tidak
264,id_hatespeech,id_hatespeech_nusantara_text,1cb4fa88-22af-4eb1-ab78-943a211e10a8,hate_or_noHate_zs_noopt_contains,train,"Dalam konteks ini, apakah teks yang mengandung kata-kata seperti: #SidangAhok dilanjutkan dengan rekaman yang memuat kampanye Ahok di DPP Nasdem dan juga Pulau Seribu. | @adrieedu https://t.co/8P5P4DUcFG, termasuk dalam kategori hatespeech?",tidak
265,id_hatespeech,id_hatespeech_nusantara_text,1cb4fa88-22af-4eb1-ab78-943a211e10a8,hate_or_noHate_zs_noopt_contains,train,"Dalam konteks ini, apakah teks yang mengandung kata-kata seperti: RT @JanurOmank2626: Ahok harus bebas demi hukum demi keadilan demi kelanjutan perbaikan DKI. Semoga hakim mmpunyai sense of justice, termasuk dalam kategori hatespeech?",tidak
266,id_hatespeech,id_hatespeech_nusantara_text,1cb4fa88-22af-4eb1-ab78-943a211e10a8,hate_or_noHate_zs_noopt_contains,train,"Dalam konteks ini, apakah teks yang mengandung kata-kata seperti: Pembangkit Listrik Tenaga Panas Bumi Terbesar Dunia.. #CitiPeka #SidangAhok #Tebak2anHajiDjarot https://t.co/KtXdXZsh8H, termasuk dalam kategori hatespeech?",tidak
267,id_hatespeech,id_hatespeech_nusantara_text,1cb4fa88-22af-4eb1-ab78-943a211e10a8,hate_or_noHate_zs_noopt_contains,train,"Dalam konteks ini, apakah teks yang mengandung kata-kata seperti: RT @findririn: Dan toleransi itu, ketika muslim bisa menjalankan perintah agamanya, dan non muslim juga bisa menjalankan agamanya., termasuk dalam kategori hatespeech?",tidak
268,id_hatespeech,id_hatespeech_nusantara_text,1cb4fa88-22af-4eb1-ab78-943a211e10a8,hate_or_noHate_zs_noopt_contains,train,"Dalam konteks ini, apakah teks yang mengandung kata-kata seperti: RT @findririn: Walaupun artinya teman setia, seharusnya lebih dihindari kalau jd pemimpin, termasuk dalam kategori hatespeech?",tidak
269,id_hatespeech,id_hatespeech_nusantara_text,1cb4fa88-22af-4eb1-ab78-943a211e10a8,hate_or_noHate_zs_noopt_contains,train,"Dalam konteks ini, apakah teks yang mengandung kata-kata seperti: Semua kejujuran akan mendapatkan pahala dr surga #FreeAhok, termasuk dalam kategori hatespeech?",tidak
270,id_hatespeech,id_hatespeech_nusantara_text,1cb4fa88-22af-4eb1-ab78-943a211e10a8,hate_or_noHate_zs_noopt_contains,train,"Dalam konteks ini, apakah teks yang mengandung kata-kata seperti: Seharusnya mah basuki sudah bebas ya kan? #FreeAhok https://t.co/Mw3k0vYweF, termasuk dalam kategori hatespeech?",tidak
271,id_hatespeech,id_hatespeech_nusantara_text,1cb4fa88-22af-4eb1-ab78-943a211e10a8,hate_or_noHate_zs_noopt_contains,train,"Dalam konteks ini, apakah teks yang mengandung kata-kata seperti: RT @RuridaJihandari: Itu sidang apa drama korea sampe 20kali, lagi menunggu sidang ahok season 2 nih... Kayaknya goblin mah kalah pamornya, termasuk dalam kategori hatespeech?",tidak
272,id_hatespeech,id_hatespeech_nusantara_text,1cb4fa88-22af-4eb1-ab78-943a211e10a8,hate_or_noHate_zs_noopt_contains,train,"Dalam konteks ini, apakah teks yang mengandung kata-kata seperti: Menurut Anda, Transportasi Online manakah dikatakan ""tarif murah, aman & nyaman"" melayani ???, termasuk dalam kategori hatespeech?",tidak
273,id_hatespeech,id_hatespeech_nusantara_text,1cb4fa88-22af-4eb1-ab78-943a211e10a8,hate_or_noHate_zs_noopt_contains,train,"Dalam konteks ini, apakah teks yang mengandung kata-kata seperti: Nelayan Jakarta Sudah Disiapin Pulau Khusus oleh Pemda DKI #LunchBreak #SidangAhok, termasuk dalam kategori hatespeech?",tidak
274,id_hatespeech,id_hatespeech_nusantara_text,1cb4fa88-22af-4eb1-ab78-943a211e10a8,hate_or_noHate_zs_noopt_contains,train,"Dalam konteks ini, apakah teks yang mengandung kata-kata seperti: Adakah Potensi Radikalisme di Pilgub DKI Jakarta? #LunchBreak #SidangAhok, termasuk dalam kategori hatespeech?",tidak
275,id_hatespeech,id_hatespeech_nusantara_text,1cb4fa88-22af-4eb1-ab78-943a211e10a8,hate_or_noHate_zs_noopt_contains,train,"Dalam konteks ini, apakah teks yang mengandung kata-kata seperti: RT @NovenStjK: Siaran ulang #AhokDjarotDiRosi malam ini, saksikan yuk di @KompasTV #AhokDjarot #Temanahok, termasuk dalam kategori hatespeech?",tidak
276,id_hatespeech,id_hatespeech_nusantara_text,1cb4fa88-22af-4eb1-ab78-943a211e10a8,hate_or_noHate_zs_noopt_contains,train,"Dalam konteks ini, apakah teks yang mengandung kata-kata seperti: cuma org"" yg salah saja yg takut dgn doa itu,anda salah?? kenapa takut??? bertobatlah sebelum doa itu dinyatakan,, termasuk dalam kategori hatespeech?",tidak
277,id_hatespeech,id_hatespeech_nusantara_text,1cb4fa88-22af-4eb1-ab78-943a211e10a8,hate_or_noHate_zs_noopt_contains,train,"Dalam konteks ini, apakah teks yang mengandung kata-kata seperti: Selamat Pagi met aktifitas happy weekend Semoga kita jadi orang jujur biar hidup slalu mujur Aamiin #FreeAhok, termasuk dalam kategori hatespeech?",tidak
278,id_hatespeech,id_hatespeech_nusantara_text,1cb4fa88-22af-4eb1-ab78-943a211e10a8,hate_or_noHate_zs_noopt_contains,train,"Dalam konteks ini, apakah teks yang mengandung kata-kata seperti: Ahok dituntut 1 tahun penjara. Kemungkinan akan divonis bebas. Masalahnya, warga DKI terlanjur kehilangan pemimpin terbaik. #FreeAhok, termasuk dalam kategori hatespeech?",tidak
279,id_hatespeech,id_hatespeech_nusantara_text,1cb4fa88-22af-4eb1-ab78-943a211e10a8,hate_or_noHate_zs_noopt_contains,train,"Dalam konteks ini, apakah teks yang mengandung kata-kata seperti: Alhamdulillah tuntutan jaksa hanya 1 tahun masa percobaan 2 tahun yg artinya sbnrnya jaksa mengakui kalo Ahok itu tak bersalah #FreeAhok, termasuk dalam kategori hatespeech?",tidak
280,id_hatespeech,id_hatespeech_nusantara_text,1cb4fa88-22af-4eb1-ab78-943a211e10a8,hate_or_noHate_zs_noopt_contains,train,"Dalam konteks ini, apakah teks yang mengandung kata-kata seperti: Kalah atau menang #tetapahok. Terimakasih krn banyak ngasih pelajaran bagaimana kerja keras utk rakyat dgn bersih., termasuk dalam kategori hatespeech?",tidak
281,id_hatespeech,id_hatespeech_nusantara_text,1cb4fa88-22af-4eb1-ab78-943a211e10a8,hate_or_noHate_zs_noopt_contains,train,"Dalam konteks ini, apakah teks yang mengandung kata-kata seperti: Pilkada Serentak, Megawati Hanya Minta Jangan ada Intimidasi dan Politik Uang https:\/\/t.co\/zHhvJ4qrrY, termasuk dalam kategori hatespeech?",tidak
282,id_hatespeech,id_hatespeech_nusantara_text,1cb4fa88-22af-4eb1-ab78-943a211e10a8,hate_or_noHate_zs_noopt_contains,train,"Dalam konteks ini, apakah teks yang mengandung kata-kata seperti: #thw911 Saat Anies-Sandiaga Minta Doa Ustaz untuk Debat Pilkada https:\/\/t.co\/2odlrYteU1, termasuk dalam kategori hatespeech?",tidak
283,id_hatespeech,id_hatespeech_nusantara_text,1cb4fa88-22af-4eb1-ab78-943a211e10a8,hate_or_noHate_zs_noopt_contains,train,"Dalam konteks ini, apakah teks yang mengandung kata-kata seperti: Jangan pernah lelah mengabdi untuk Indonesia Pak @basuki_btp. #TetapAhok!, termasuk dalam kategori hatespeech?",tidak
284,id_hatespeech,id_hatespeech_nusantara_text,1cb4fa88-22af-4eb1-ab78-943a211e10a8,hate_or_noHate_zs_noopt_contains,train,"Dalam konteks ini, apakah teks yang mengandung kata-kata seperti: @LaitsSaja Jika Menang, Anies Siap Rangkul Paslon Lain Jika menang dalam kontestasi Pilkada https:\/\/t.co\/KG40YTelWX, termasuk dalam kategori hatespeech?",tidak
285,id_hatespeech,id_hatespeech_nusantara_text,1cb4fa88-22af-4eb1-ab78-943a211e10a8,hate_or_noHate_zs_noopt_contains,train,"Dalam konteks ini, apakah teks yang mengandung kata-kata seperti: @LaitsSaja TNI-Polri Bersinergi Jaga Keamanan Jelang Pilkada DKI TNI dan Polri terus bersin https:\/\/t.co\/HP77I9lffG, termasuk dalam kategori hatespeech?",tidak
286,id_hatespeech,id_hatespeech_nusantara_text,1cb4fa88-22af-4eb1-ab78-943a211e10a8,hate_or_noHate_zs_noopt_contains,train,"Dalam konteks ini, apakah teks yang mengandung kata-kata seperti: @novie_wednes72r Bismillah Inshaa ALLAH Agus Sylvi menang Pilkada DKI 1putaran dan jadi pemimpin yg amanah dan mencintai rakyat jakarta., termasuk dalam kategori hatespeech?",tidak
287,id_hatespeech,id_hatespeech_nusantara_text,1cb4fa88-22af-4eb1-ab78-943a211e10a8,hate_or_noHate_zs_noopt_contains,train,"Dalam konteks ini, apakah teks yang mengandung kata-kata seperti: Trima kasih pak uda bikin jakarta lebih baik selama bapak menjabat...., termasuk dalam kategori hatespeech?",tidak
288,id_hatespeech,id_hatespeech_nusantara_text,1cb4fa88-22af-4eb1-ab78-943a211e10a8,hate_or_noHate_zs_noopt_contains,train,"Dalam konteks ini, apakah teks yang mengandung kata-kata seperti: @nu_online sikap yang jelas dan tegas demi ketertiban dan keamanan ibu kota negara menjelang pilkada dki jakarta, termasuk dalam kategori hatespeech?",tidak
289,id_hatespeech,id_hatespeech_nusantara_text,1cb4fa88-22af-4eb1-ab78-943a211e10a8,hate_or_noHate_zs_noopt_contains,train,"Dalam konteks ini, apakah teks yang mengandung kata-kata seperti: Rencana Tuhan lebih baik dari rencana manusia. Mungkin Ahok bs bekerja kebih baik di posisi lain, termasuk dalam kategori hatespeech?",tidak
290,id_hatespeech,id_hatespeech_nusantara_text,1cb4fa88-22af-4eb1-ab78-943a211e10a8,hate_or_noHate_zs_noopt_contains,train,"Dalam konteks ini, apakah teks yang mengandung kata-kata seperti: walau kalah tp aku tetap merasa terhormat mendukung BADJA #TerimakasihAhok, termasuk dalam kategori hatespeech?",tidak
291,id_hatespeech,id_hatespeech_nusantara_text,1cb4fa88-22af-4eb1-ab78-943a211e10a8,hate_or_noHate_zs_noopt_contains,train,"Dalam konteks ini, apakah teks yang mengandung kata-kata seperti: Basuki TP Ahok Wawancara informal dengan wartawan Balaikota: https:\/\/t.co\/g7iB5H5RUL, termasuk dalam kategori hatespeech?",tidak
292,id_hatespeech,id_hatespeech_nusantara_text,1cb4fa88-22af-4eb1-ab78-943a211e10a8,hate_or_noHate_zs_noopt_contains,train,"Dalam konteks ini, apakah teks yang mengandung kata-kata seperti: Terimakasih Pak Ahok @basuki_btp #tetapahok karena kita memang siap kalah, dan selamat buat Gubernur baru, termasuk dalam kategori hatespeech?",tidak
293,id_hatespeech,id_hatespeech_nusantara_text,1cb4fa88-22af-4eb1-ab78-943a211e10a8,hate_or_noHate_zs_noopt_contains,train,"Dalam konteks ini, apakah teks yang mengandung kata-kata seperti: LUCU !! Yuk Melihat AHOK Promosikan Musik Dangdut Kepada Tamu Mancanegara, termasuk dalam kategori hatespeech?",tidak
294,id_hatespeech,id_hatespeech_nusantara_text,1cb4fa88-22af-4eb1-ab78-943a211e10a8,hate_or_noHate_zs_noopt_contains,train,"Dalam konteks ini, apakah teks yang mengandung kata-kata seperti: Minggu Tenang Pilkada, Ahok Fokus Kerja di Balai Kota: Peresmian-peresmian RPTRA CSR ditunda., termasuk dalam kategori hatespeech?",tidak
295,id_hatespeech,id_hatespeech_nusantara_text,1cb4fa88-22af-4eb1-ab78-943a211e10a8,hate_or_noHate_zs_noopt_contains,train,"Dalam konteks ini, apakah teks yang mengandung kata-kata seperti: MANTAB !! AHOK dan Pemprov DKI Jakarta Terjunkan Alat Berat Untuk Keruk Sampah di Waduk Pluit, termasuk dalam kategori hatespeech?",tidak
296,id_hatespeech,id_hatespeech_nusantara_text,1cb4fa88-22af-4eb1-ab78-943a211e10a8,hate_or_noHate_zs_noopt_contains,train,"Dalam konteks ini, apakah teks yang mengandung kata-kata seperti: Pagi Ini Polrestro Bekasi Gelar Pasukan Pilkada https:\/\/t.co\/ypRv5nNjSb, termasuk dalam kategori hatespeech?",tidak
297,id_hatespeech,id_hatespeech_nusantara_text,1cb4fa88-22af-4eb1-ab78-943a211e10a8,hate_or_noHate_zs_noopt_contains,train,"Dalam konteks ini, apakah teks yang mengandung kata-kata seperti: Pak @basuki_btp saya hanya bantu menyampaikan. Sbg orang2 di sekitar Pak Ahok bisa menyampaikan ke beliau. @kurawa. #BlusukanAhok #Gue2, termasuk dalam kategori hatespeech?",tidak
298,id_hatespeech,id_hatespeech_nusantara_text,1cb4fa88-22af-4eb1-ab78-943a211e10a8,hate_or_noHate_zs_noopt_contains,train,"Dalam konteks ini, apakah teks yang mengandung kata-kata seperti: pak ahok kalau anda jadi gubernur jangan lupa anda harus bangun provinsi Jambi buat lahan petani semua, dan jln kreta api jambi, riau, lampung, termasuk dalam kategori hatespeech?",tidak
299,id_hatespeech,id_hatespeech_nusantara_text,1cb4fa88-22af-4eb1-ab78-943a211e10a8,hate_or_noHate_zs_noopt_contains,train,"Dalam konteks ini, apakah teks yang mengandung kata-kata seperti: Partai Nasdem Optimis Menang di Pilkada Serentak 2017 https:\/\/t.co\/EOAzcxai94, termasuk dalam kategori hatespeech?",tidak
300,id_hatespeech,id_hatespeech_nusantara_text,1cb4fa88-22af-4eb1-ab78-943a211e10a8,hate_or_noHate_zs_noopt_contains,train,"Dalam konteks ini, apakah teks yang mengandung kata-kata seperti: biar kalah, tetap bangga. Sabar n iklas menerima nya. Masih bnyak jabatan lain untuk pak ahok. #TetapAhok, termasuk dalam kategori hatespeech?",tidak
301,id_hatespeech,id_hatespeech_nusantara_text,1cb4fa88-22af-4eb1-ab78-943a211e10a8,hate_or_noHate_zs_noopt_contains,train,"Dalam konteks ini, apakah teks yang mengandung kata-kata seperti: Sabar n iklas ya pak. Apa pun hasil nya. Kita tetap dukung. Di mna pun/jabatn apa pun yg bpk emban nanti. #TetapAhok, termasuk dalam kategori hatespeech?",tidak
302,id_hatespeech,id_hatespeech_nusantara_text,1cb4fa88-22af-4eb1-ab78-943a211e10a8,hate_or_noHate_zs_noopt_contains,train,"Dalam konteks ini, apakah teks yang mengandung kata-kata seperti: Wlaupun kita tak kenal,saya yakini slama ini kamu tlah bkerja kras tuk sebuah nilai yg diperjuangkan., termasuk dalam kategori hatespeech?",tidak
303,id_hatespeech,id_hatespeech_nusantara_text,1cb4fa88-22af-4eb1-ab78-943a211e10a8,hate_or_noHate_zs_noopt_contains,train,"Dalam konteks ini, apakah teks yang mengandung kata-kata seperti: RT @ahokdijegal: Kita mgk bs mendukung dia dlm hal kejujuran dan niat baik utk melayani warga, tapi gantiin dia dlm hal pekerjaan, termasuk dalam kategori hatespeech?",tidak
304,id_hatespeech,id_hatespeech_nusantara_text,1cb4fa88-22af-4eb1-ab78-943a211e10a8,hate_or_noHate_zs_noopt_contains,train,"Dalam konteks ini, apakah teks yang mengandung kata-kata seperti: Puluhan Personel Brimob Nunukan Diberangkatkan, Amankan Pilkada di Dua Provinsi, termasuk dalam kategori hatespeech?",tidak
305,id_hatespeech,id_hatespeech_nusantara_text,1cb4fa88-22af-4eb1-ab78-943a211e10a8,hate_or_noHate_zs_noopt_contains,train,"Dalam konteks ini, apakah teks yang mengandung kata-kata seperti: @basuki_btp sing sabar pak.. Simpen energi bapak untuk bagian lain Indonesia... Gusti Allah mboten sare pak..., termasuk dalam kategori hatespeech?",tidak
306,id_hatespeech,id_hatespeech_nusantara_text,1cb4fa88-22af-4eb1-ab78-943a211e10a8,hate_or_noHate_zs_noopt_contains,train,"Dalam konteks ini, apakah teks yang mengandung kata-kata seperti: Karena saya memilih dengan sehat maka saya kompensasikan dengan sarapan pagi yang, uhm, secara umum gak sehat. IMPAS, termasuk dalam kategori hatespeech?",tidak
307,id_hatespeech,id_hatespeech_nusantara_text,1cb4fa88-22af-4eb1-ab78-943a211e10a8,hate_or_noHate_zs_noopt_contains,train,"Dalam konteks ini, apakah teks yang mengandung kata-kata seperti: RT @Aktualco: Mahfud MD Heran, UU Pemda Sangat Jelas Tapi Mendagri Keukeuh Pertahankan Ahok, termasuk dalam kategori hatespeech?",tidak
308,id_hatespeech,id_hatespeech_nusantara_text,1cb4fa88-22af-4eb1-ab78-943a211e10a8,hate_or_noHate_zs_noopt_contains,train,"Dalam konteks ini, apakah teks yang mengandung kata-kata seperti: RT @AlissaWahid: Tuips, Ibu Sinta Nuriyah tidak pernah mengeluarkan pernyataan terkait pilkada DKI, termasuk dalam kategori hatespeech?",tidak
309,id_hatespeech,id_hatespeech_nusantara_text,1cb4fa88-22af-4eb1-ab78-943a211e10a8,hate_or_noHate_zs_noopt_contains,train,"Dalam konteks ini, apakah teks yang mengandung kata-kata seperti: RT @AmaliaAmelCute2: Lebih tambah jatuh hati deh jadinya Tak bisa berpaling ke pilihan yg lain Tetap ke pak ahok -Djarotlah yg terbaik, termasuk dalam kategori hatespeech?",tidak
310,id_hatespeech,id_hatespeech_nusantara_text,1cb4fa88-22af-4eb1-ab78-943a211e10a8,hate_or_noHate_zs_noopt_contains,train,"Dalam konteks ini, apakah teks yang mengandung kata-kata seperti: RT @AnakBaranusa: Yoi... Yang Jelas Pemenagnya itu hanya satu pasang calon, buka dua apa lagi tiga. 1, 2 dan 3 memiliki Peluang yg sama, termasuk dalam kategori hatespeech?",tidak
311,id_hatespeech,id_hatespeech_nusantara_text,1cb4fa88-22af-4eb1-ab78-943a211e10a8,hate_or_noHate_zs_noopt_contains,train,"Dalam konteks ini, apakah teks yang mengandung kata-kata seperti: RT @AT_AbdillahToha: Aksi 112 tampaknya akan diubah jadi zikir pilkada. Sejauh yg saya tahu, zikir adalah ibadah dekatkan diri ke Allah., termasuk dalam kategori hatespeech?",tidak
312,id_hatespeech,id_hatespeech_nusantara_text,1cb4fa88-22af-4eb1-ab78-943a211e10a8,hate_or_noHate_zs_noopt_contains,train,"Dalam konteks ini, apakah teks yang mengandung kata-kata seperti: RT @blogdokter: Janganlah karena pilkada dan kepentingan politik sesaat, persahabatan dan persaudaraan kita terputus | Kita adalah saudara., termasuk dalam kategori hatespeech?",tidak
313,id_hatespeech,id_hatespeech_nusantara_text,1cb4fa88-22af-4eb1-ab78-943a211e10a8,hate_or_noHate_zs_noopt_contains,train,"Dalam konteks ini, apakah teks yang mengandung kata-kata seperti: RT @Brani2000: Pilkada di Beltim di kampung sendiri ahok hanya 33% suara. Di Babel kalah telak. Pilkada di DKI? paling cuma 3% suara, termasuk dalam kategori hatespeech?",tidak
314,id_hatespeech,id_hatespeech_nusantara_text,1cb4fa88-22af-4eb1-ab78-943a211e10a8,hate_or_noHate_zs_noopt_contains,train,"Dalam konteks ini, apakah teks yang mengandung kata-kata seperti: RT @digembok: Ya allah... Beneran... Pak ahok akhirnya samperin si emak..., termasuk dalam kategori hatespeech?",tidak
315,id_hatespeech,id_hatespeech_nusantara_text,1cb4fa88-22af-4eb1-ab78-943a211e10a8,hate_or_noHate_zs_noopt_contains,train,"Dalam konteks ini, apakah teks yang mengandung kata-kata seperti: Terimakasih Pak @basukibtp untuk 5 tahunnya, 3 tahun sbg wakil gubernur & 2 tahun sbg gubernur!, termasuk dalam kategori hatespeech?",tidak
316,id_hatespeech,id_hatespeech_nusantara_text,1cb4fa88-22af-4eb1-ab78-943a211e10a8,hate_or_noHate_zs_noopt_contains,train,"Dalam konteks ini, apakah teks yang mengandung kata-kata seperti: RT @eliya_mkom: kesimpulannya tuips, mari kita menangkan Agus Sylvi SATU Putaran, gak perlu pakai 2 putaran segala, cuma habiskan waktu, termasuk dalam kategori hatespeech?",tidak
317,id_hatespeech,id_hatespeech_nusantara_text,1cb4fa88-22af-4eb1-ab78-943a211e10a8,hate_or_noHate_zs_noopt_contains,train,"Dalam konteks ini, apakah teks yang mengandung kata-kata seperti: Dan selamat atas kemenangannya untuk bapak Anies & Sandi. Semoga Jakarta bisa bersatu lagi, termasuk dalam kategori hatespeech?",tidak
318,id_hatespeech,id_hatespeech_nusantara_text,1cb4fa88-22af-4eb1-ab78-943a211e10a8,hate_or_noHate_zs_noopt_contains,train,"Dalam konteks ini, apakah teks yang mengandung kata-kata seperti: Bangga masih memiliki putra bangsa seperti pak Basuki dan pak Jarot., termasuk dalam kategori hatespeech?",tidak
319,id_hatespeech,id_hatespeech_nusantara_text,1cb4fa88-22af-4eb1-ab78-943a211e10a8,hate_or_noHate_zs_noopt_contains,train,"Dalam konteks ini, apakah teks yang mengandung kata-kata seperti: Temen-temen, apapun pilihannya, masih ada kehidupan setelah pilkada. Mari saling merangkul & saatnya Jakarta maju dan bahagia bersama., termasuk dalam kategori hatespeech?",tidak
320,id_hatespeech,id_hatespeech_nusantara_text,1cb4fa88-22af-4eb1-ab78-943a211e10a8,hate_or_noHate_zs_noopt_contains,train,"Dalam konteks ini, apakah teks yang mengandung kata-kata seperti: Selamat atas status barunya pak #Aniessandi, semangat ya pak, semoga semua sesuai dengan janjinya, termasuk dalam kategori hatespeech?",tidak
321,id_hatespeech,id_hatespeech_nusantara_text,1cb4fa88-22af-4eb1-ab78-943a211e10a8,hate_or_noHate_zs_noopt_contains,train,"Dalam konteks ini, apakah teks yang mengandung kata-kata seperti: Pak ahok @basukibtp tetep semangat yaaa, saya akan selalu menghargai kerja keras bapak dan saya ucapkan selamat atas kemenangan paslon nomor 3 yaitu #AniesSandi!, termasuk dalam kategori hatespeech?",tidak
322,id_hatespeech,id_hatespeech_nusantara_text,1cb4fa88-22af-4eb1-ab78-943a211e10a8,hate_or_noHate_zs_noopt_contains,train,"Dalam konteks ini, apakah teks yang mengandung kata-kata seperti: Terima kasih pak ahok pak djarot kami bangga perna di pimpin sama bapak berdua...tetap semangat...sukses terus pak, termasuk dalam kategori hatespeech?",tidak
323,id_hatespeech,id_hatespeech_nusantara_text,1cb4fa88-22af-4eb1-ab78-943a211e10a8,hate_or_noHate_zs_noopt_contains,train,"Dalam konteks ini, apakah teks yang mengandung kata-kata seperti: Terima kasih Pak Ahok-Djarot telah bersama kami beberapa tahun ini, termasuk dalam kategori hatespeech?",tidak
324,id_hatespeech,id_hatespeech_nusantara_text,1cb4fa88-22af-4eb1-ab78-943a211e10a8,hate_or_noHate_zs_noopt_contains,train,"Dalam konteks ini, apakah teks yang mengandung kata-kata seperti: RT @FerpuAdvocates: Sumarsono: Gaya Pak Ahok yg Kerja Keras Patut Dicontoh dan itu Bagus!!!, termasuk dalam kategori hatespeech?",tidak
325,id_hatespeech,id_hatespeech_nusantara_text,1cb4fa88-22af-4eb1-ab78-943a211e10a8,hate_or_noHate_zs_noopt_contains,train,"Dalam konteks ini, apakah teks yang mengandung kata-kata seperti: RT @Franstone888: Klo semua mau jujur dan pake hati nurani, Ahok adlh yg terbaik buat Jakarta. Gubernur yg jujur dan benar2 perhatian pd warga, termasuk dalam kategori hatespeech?",tidak
326,id_hatespeech,id_hatespeech_nusantara_text,1cb4fa88-22af-4eb1-ab78-943a211e10a8,hate_or_noHate_zs_noopt_contains,train,"Dalam konteks ini, apakah teks yang mengandung kata-kata seperti: Pak Ahok the best aku salut sama pak orang nya sabar dengan cobaan dari tuhan Pak Ahok is the best, termasuk dalam kategori hatespeech?",tidak
327,id_hatespeech,id_hatespeech_nusantara_text,1cb4fa88-22af-4eb1-ab78-943a211e10a8,hate_or_noHate_zs_noopt_contains,train,"Dalam konteks ini, apakah teks yang mengandung kata-kata seperti: RT @hariadhi: Makasih Pak Ahok, sudah ajarkan kami makna peduli sama rakyat. Andai di masa depan saya dpt kesempatan, termasuk dalam kategori hatespeech?",tidak
328,id_hatespeech,id_hatespeech_nusantara_text,1cb4fa88-22af-4eb1-ab78-943a211e10a8,hate_or_noHate_zs_noopt_contains,train,"Dalam konteks ini, apakah teks yang mengandung kata-kata seperti: RT @IpungLombok: Hadeuuuh.. Kenapa jadi gaduh gini Pilkada DKI ya... Padahal Pilkada serentak 2015 lalu aman aman saja?, termasuk dalam kategori hatespeech?",tidak
329,id_hatespeech,id_hatespeech_nusantara_text,1cb4fa88-22af-4eb1-ab78-943a211e10a8,hate_or_noHate_zs_noopt_contains,train,"Dalam konteks ini, apakah teks yang mengandung kata-kata seperti: RT @MbakNevi: Masyarakat Transportasi Jakarta dukung Ahok-Djarot, https:\/\/t.co\/7fdwk8XvCB, termasuk dalam kategori hatespeech?",tidak
330,id_hatespeech,id_hatespeech_nusantara_text,1cb4fa88-22af-4eb1-ab78-943a211e10a8,hate_or_noHate_zs_noopt_contains,train,"Dalam konteks ini, apakah teks yang mengandung kata-kata seperti: Saya sudah tidak tertarik melihat Debat Pilkada DKI, namun ada yang menarik. Salah satu Cagub sering mengepalkan tangan pada saat menjelas, termasuk dalam kategori hatespeech?",tidak
331,id_hatespeech,id_hatespeech_nusantara_text,1cb4fa88-22af-4eb1-ab78-943a211e10a8,hate_or_noHate_zs_noopt_contains,train,"Dalam konteks ini, apakah teks yang mengandung kata-kata seperti: Semangat terus. Maju terus di dalam TUHAN. God Bless you more and forever bpk ahok dan family, termasuk dalam kategori hatespeech?",tidak
332,id_hatespeech,id_hatespeech_nusantara_text,1cb4fa88-22af-4eb1-ab78-943a211e10a8,hate_or_noHate_zs_noopt_contains,train,"Dalam konteks ini, apakah teks yang mengandung kata-kata seperti: Selamat bertugas pak Anis, semoga Jakarta menjadi lebih baik lagi!, termasuk dalam kategori hatespeech?",tidak
333,id_hatespeech,id_hatespeech_nusantara_text,1cb4fa88-22af-4eb1-ab78-943a211e10a8,hate_or_noHate_zs_noopt_contains,train,"Dalam konteks ini, apakah teks yang mengandung kata-kata seperti: @aniesbaswedan @sandiuno selamat ya pak, kami tunggu program terealisasi. Jangan kecewakan Jakarta, termasuk dalam kategori hatespeech?",tidak
334,id_hatespeech,id_hatespeech_nusantara_text,1cb4fa88-22af-4eb1-ab78-943a211e10a8,hate_or_noHate_zs_noopt_contains,train,"Dalam konteks ini, apakah teks yang mengandung kata-kata seperti: Saya selalu mendoakan yg terbaik untk bapak dan bapak juga mendapatkan banyak ucapan dari saudara di gaza palestina, termasuk dalam kategori hatespeech?",tidak
335,id_hatespeech,id_hatespeech_nusantara_text,1cb4fa88-22af-4eb1-ab78-943a211e10a8,hate_or_noHate_zs_noopt_contains,train,"Dalam konteks ini, apakah teks yang mengandung kata-kata seperti: Selamat untk bpk @aniesbaswedan & @sandiagauno atas kemenangannya. Semoga allah memberkahi disetiap langkah yg bapak ambil aminnn salam3jari, termasuk dalam kategori hatespeech?",tidak
336,id_hatespeech,id_hatespeech_nusantara_text,1cb4fa88-22af-4eb1-ab78-943a211e10a8,hate_or_noHate_zs_noopt_contains,train,"Dalam konteks ini, apakah teks yang mengandung kata-kata seperti: RT @netmediatama: Mereka telah siap berikan yang terbaik di ajang debat terbuka!, termasuk dalam kategori hatespeech?",tidak
337,id_hatespeech,id_hatespeech_nusantara_text,1cb4fa88-22af-4eb1-ab78-943a211e10a8,hate_or_noHate_zs_noopt_contains,train,"Dalam konteks ini, apakah teks yang mengandung kata-kata seperti: Pak anies dan pak @sandiuno selamat ya sudah terpilih jd gubernur dan wagub Jakarta., termasuk dalam kategori hatespeech?",tidak
338,id_hatespeech,id_hatespeech_nusantara_text,1cb4fa88-22af-4eb1-ab78-943a211e10a8,hate_or_noHate_zs_noopt_contains,train,"Dalam konteks ini, apakah teks yang mengandung kata-kata seperti: RT @PartaiSocmed: Kejahatan perbankan yg di spin oleh tim AHY untuk kepentingan pilkada, termasuk dalam kategori hatespeech?",tidak
339,id_hatespeech,id_hatespeech_nusantara_text,1cb4fa88-22af-4eb1-ab78-943a211e10a8,hate_or_noHate_zs_noopt_contains,train,"Dalam konteks ini, apakah teks yang mengandung kata-kata seperti: RT @swamediumcom: Agus-Sylvi Diprediksi Maju di Putaran Kedua Pilkada DKI versi Survey GRP, termasuk dalam kategori hatespeech?",tidak
340,id_hatespeech,id_hatespeech_nusantara_text,1cb4fa88-22af-4eb1-ab78-943a211e10a8,hate_or_noHate_zs_noopt_contains,train,"Dalam konteks ini, apakah teks yang mengandung kata-kata seperti: RT @temanAhok: Alhamdulillah sambutan antusias warga di tiap blusukan pak Ahok selalu real. Ngga ada settingan., termasuk dalam kategori hatespeech?",tidak
341,id_hatespeech,id_hatespeech_nusantara_text,1cb4fa88-22af-4eb1-ab78-943a211e10a8,hate_or_noHate_zs_noopt_contains,train,"Dalam konteks ini, apakah teks yang mengandung kata-kata seperti: Sampai detik ini pak ahok masih harapan terbesar saya #prayforjakarta, termasuk dalam kategori hatespeech?",tidak
342,id_hatespeech,id_hatespeech_nusantara_text,1cb4fa88-22af-4eb1-ab78-943a211e10a8,hate_or_noHate_zs_noopt_contains,train,"Dalam konteks ini, apakah teks yang mengandung kata-kata seperti: Tuhan punya rencana yg indah buat Pak Ahok dan Pak Djarot, termasuk dalam kategori hatespeech?",tidak
343,id_hatespeech,id_hatespeech_nusantara_text,1cb4fa88-22af-4eb1-ab78-943a211e10a8,hate_or_noHate_zs_noopt_contains,train,"Dalam konteks ini, apakah teks yang mengandung kata-kata seperti: Selamat dan terima kasih banyak untuk pak Ahok dan pak Djarot yg sudah menunjukan bahwa negara ini masih punya orang2 baik, termasuk dalam kategori hatespeech?",tidak
344,id_hatespeech,id_hatespeech_nusantara_text,1cb4fa88-22af-4eb1-ab78-943a211e10a8,hate_or_noHate_zs_noopt_contains,train,"Dalam konteks ini, apakah teks yang mengandung kata-kata seperti: Terima kasih pak atas segala kebaikan untuk jakarta yang sudah kalian tancapkan di hati warga jakarta, termasuk dalam kategori hatespeech?",tidak
345,id_hatespeech,id_hatespeech_nusantara_text,1cb4fa88-22af-4eb1-ab78-943a211e10a8,hate_or_noHate_zs_noopt_contains,train,"Dalam konteks ini, apakah teks yang mengandung kata-kata seperti: Pasti bapak anies sandi kemungkinan besar menang, termasuk dalam kategori hatespeech?",tidak
346,id_hatespeech,id_hatespeech_nusantara_text,1cb4fa88-22af-4eb1-ab78-943a211e10a8,hate_or_noHate_zs_noopt_contains,train,"Dalam konteks ini, apakah teks yang mengandung kata-kata seperti: Terima kasih. Kepada pendukung kami, percayalah... Tuhan tahu yang terbaik. #JakartaPunyaSemua, termasuk dalam kategori hatespeech?",tidak
347,id_hatespeech,id_hatespeech_nusantara_text,1cb4fa88-22af-4eb1-ab78-943a211e10a8,hate_or_noHate_zs_noopt_contains,train,"Dalam konteks ini, apakah teks yang mengandung kata-kata seperti: Gubernur dan wakil gubernur terbaik yang pernah jakarta miliki., termasuk dalam kategori hatespeech?",tidak
348,id_hatespeech,id_hatespeech_nusantara_text,1cb4fa88-22af-4eb1-ab78-943a211e10a8,hate_or_noHate_zs_noopt_contains,train,"Dalam konteks ini, apakah teks yang mengandung kata-kata seperti: RT @triwul82: Jelang Akhir Masa Tugas, Plt Gubernur DKI Akui Kinerja Ahok https:\/\/t.co\/04ihgI5cwZ, termasuk dalam kategori hatespeech?",tidak
349,id_hatespeech,id_hatespeech_nusantara_text,1cb4fa88-22af-4eb1-ab78-943a211e10a8,hate_or_noHate_zs_noopt_contains,train,"Dalam konteks ini, apakah teks yang mengandung kata-kata seperti: RT @Wolfcrime: Pendukung yang Telah Dibaiat tapi Tak Pilih Agus-Sylvi Akan Terima Risikonya, termasuk dalam kategori hatespeech?",tidak
350,id_hatespeech,id_hatespeech_nusantara_text,1cb4fa88-22af-4eb1-ab78-943a211e10a8,hate_or_noHate_zs_noopt_contains,train,"Dalam konteks ini, apakah teks yang mengandung kata-kata seperti: Mutiara tetap mutiara Pak Ahok Djarot. Tuhan pny rencana yg lebih dahsyat utk Bapak ber2 utk Indonesia. Maju terus., termasuk dalam kategori hatespeech?",tidak
351,id_hatespeech,id_hatespeech_nusantara_text,1cb4fa88-22af-4eb1-ab78-943a211e10a8,hate_or_noHate_zs_noopt_contains,train,"Dalam konteks ini, apakah teks yang mengandung kata-kata seperti: Tuhan percayakan hal yang lebih Besar lagi kepada Pak Ahok selain hanya menjadi Gubernur Dki jakarta., termasuk dalam kategori hatespeech?",tidak
352,id_hatespeech,id_hatespeech_nusantara_text,1cb4fa88-22af-4eb1-ab78-943a211e10a8,hate_or_noHate_zs_noopt_contains,train,"Dalam konteks ini, apakah teks yang mengandung kata-kata seperti: I LOVE YOU PAK AHOK.AKU HANYA BISA BERDOA SEMOGA TUHAN MEMBERKATI. SALAM 2 JARI UNTUK PA AHOK I LOVE YOU, termasuk dalam kategori hatespeech?",tidak
353,id_hatespeech,id_hatespeech_nusantara_text,1cb4fa88-22af-4eb1-ab78-943a211e10a8,hate_or_noHate_zs_noopt_contains,train,"Dalam konteks ini, apakah teks yang mengandung kata-kata seperti: Survei Terbaru: Anies-Sandi Melejit Jauh Tinggalkan Ahok-Djarot https:\/\/t.co\/2IHhuzPsbF, termasuk dalam kategori hatespeech?",tidak
354,id_hatespeech,id_hatespeech_nusantara_text,1cb4fa88-22af-4eb1-ab78-943a211e10a8,hate_or_noHate_zs_noopt_contains,train,"Dalam konteks ini, apakah teks yang mengandung kata-kata seperti: Aku akui pak ahok itu tangguh sekali dan apa adanya, termasuk dalam kategori hatespeech?",tidak
355,id_hatespeech,id_hatespeech_nusantara_text,1cb4fa88-22af-4eb1-ab78-943a211e10a8,hate_or_noHate_zs_noopt_contains,train,"Dalam konteks ini, apakah teks yang mengandung kata-kata seperti: saya selalu mendukung dan berdoa untukmu ahokdjarot terimakasih, termasuk dalam kategori hatespeech?",tidak
356,id_hatespeech,id_hatespeech_nusantara_text,1cb4fa88-22af-4eb1-ab78-943a211e10a8,hate_or_noHate_zs_noopt_contains,train,"Dalam konteks ini, apakah teks yang mengandung kata-kata seperti: Meski Badj tak lagi menjadi pelayan rakyat...kami selalu berdoa terbaik buat Badja. Kami bangga pernah memiliki kalian., termasuk dalam kategori hatespeech?",tidak
357,id_hatespeech,id_hatespeech_nusantara_text,1cb4fa88-22af-4eb1-ab78-943a211e10a8,hate_or_noHate_zs_noopt_contains,train,"Dalam konteks ini, apakah teks yang mengandung kata-kata seperti: Mudah2han pak ahok jadi nomor satu di Indonesia, termasuk dalam kategori hatespeech?",tidak
358,id_hatespeech,id_hatespeech_nusantara_text,1cb4fa88-22af-4eb1-ab78-943a211e10a8,hate_or_noHate_zs_noopt_contains,train,"Dalam konteks ini, apakah teks yang mengandung kata-kata seperti: TPS Paslon Pilkada DKI Akan Dijaga Ketat, termasuk dalam kategori hatespeech?",tidak
359,id_hatespeech,id_hatespeech_nusantara_text,1cb4fa88-22af-4eb1-ab78-943a211e10a8,hate_or_noHate_zs_noopt_contains,train,"Dalam konteks ini, apakah teks yang mengandung kata-kata seperti: saya bukan penduduk jakarta. tapi saya kagum pada sosok ahok dan jarot.allah memang punya rencana lain.selamat pada beliau, termasuk dalam kategori hatespeech?",tidak
360,id_hatespeech,id_hatespeech_nusantara_text,1cb4fa88-22af-4eb1-ab78-943a211e10a8,hate_or_noHate_zs_noopt_contains,train,"Dalam konteks ini, apakah teks yang mengandung kata-kata seperti: Pak anies tolong bongkar lagi masjid yg di bangun pak ahok di daan mogot, termasuk dalam kategori hatespeech?",tidak
361,id_hatespeech,id_hatespeech_nusantara_text,1cb4fa88-22af-4eb1-ab78-943a211e10a8,hate_or_noHate_zs_noopt_contains,train,"Dalam konteks ini, apakah teks yang mengandung kata-kata seperti: Yang blm pada move on mending bsk piknik aja mumpung long weekend hehehe, termasuk dalam kategori hatespeech?",tidak
362,id_hatespeech,id_hatespeech_nusantara_text,1cb4fa88-22af-4eb1-ab78-943a211e10a8,hate_or_noHate_zs_noopt_contains,train,"Dalam konteks ini, apakah teks yang mengandung kata-kata seperti: Semoga bapak bisa meneladani sosok bang yos gubernur jakarta yang sangat cinta @persijajkt, termasuk dalam kategori hatespeech?",tidak
363,id_hatespeech,id_hatespeech_nusantara_text,1cb4fa88-22af-4eb1-ab78-943a211e10a8,hate_or_noHate_zs_noopt_contains,train,"Dalam konteks ini, apakah teks yang mengandung kata-kata seperti: Pemimpin yg baik pemimpin yg mengerti akan jiwa pemuda, lanjutkan pak @aniesbaswedan, termasuk dalam kategori hatespeech?",tidak
364,id_hatespeech,id_hatespeech_nusantara_text,1cb4fa88-22af-4eb1-ab78-943a211e10a8,hate_or_noHate_zs_noopt_contains,train,"Dalam konteks ini, apakah teks yang mengandung kata-kata seperti: kami disini mendulungmu untuk jakarta yg maju bukan hanya ekonomi nya tapi juga prestasi sepakbola nya, termasuk dalam kategori hatespeech?",tidak
365,id_hatespeech,id_hatespeech_nusantara_text,1cb4fa88-22af-4eb1-ab78-943a211e10a8,hate_or_noHate_zs_noopt_contains,train,"Dalam konteks ini, apakah teks yang mengandung kata-kata seperti: Negara kita negara BHINEKA TUNGGAL IKA. jadi ga liat pemimpin dengan agama ,ras ,budaya, termasuk dalam kategori hatespeech?",tidak
366,id_hatespeech,id_hatespeech_nusantara_text,1cb4fa88-22af-4eb1-ab78-943a211e10a8,hate_or_noHate_zs_noopt_contains,train,"Dalam konteks ini, apakah teks yang mengandung kata-kata seperti: pak @aniesbaswedan kami disini mendulungmu untuk jakarta yg maju bukan hanya ekonomi nya tapi juga prestasi sepakbola nya, termasuk dalam kategori hatespeech?",tidak
367,id_hatespeech,id_hatespeech_nusantara_text,1cb4fa88-22af-4eb1-ab78-943a211e10a8,hate_or_noHate_zs_noopt_contains,train,"Dalam konteks ini, apakah teks yang mengandung kata-kata seperti: Gw yakin suatu saat pasti Pak @basuki_btp akan ada patungnya sebagai tanda jasa entah itu di indo atau di madame tussaud., termasuk dalam kategori hatespeech?",tidak
368,id_hatespeech,id_hatespeech_nusantara_text,1cb4fa88-22af-4eb1-ab78-943a211e10a8,hate_or_noHate_zs_noopt_contains,train,"Dalam konteks ini, apakah teks yang mengandung kata-kata seperti: Doa itu sebaiknya yg baik2. Karena Tuhan juga baik. Klo doa jelek jahat, akan berbalik ke diri yg mendoakan loh, termasuk dalam kategori hatespeech?",tidak
369,id_hatespeech,id_hatespeech_nusantara_text,1cb4fa88-22af-4eb1-ab78-943a211e10a8,hate_or_noHate_zs_noopt_contains,train,"Dalam konteks ini, apakah teks yang mengandung kata-kata seperti: #badja Jakarta tidak butuh kalian lagi, tapi Indonesia menunggu untuk pengabdian kalian., termasuk dalam kategori hatespeech?",tidak
370,id_hatespeech,id_hatespeech_nusantara_text,1cb4fa88-22af-4eb1-ab78-943a211e10a8,hate_or_noHate_zs_noopt_contains,train,"Dalam konteks ini, apakah teks yang mengandung kata-kata seperti: Artikel saya untuk Mas @pandji. Dari reklamasi, penggusuran, DP 0 Rupiah, OKE OCE, hingga ""figur pemersatu""., termasuk dalam kategori hatespeech?",tidak
371,id_hatespeech,id_hatespeech_nusantara_text,1cb4fa88-22af-4eb1-ab78-943a211e10a8,hate_or_noHate_zs_noopt_contains,train,"Dalam konteks ini, apakah teks yang mengandung kata-kata seperti: #BesokGueAhok Karena Terbukti Dan Teruji Dari Segi Kerjanya,Ahok Untuk DKI Jakarta Lebih Baik Kemudian #TetapAhok, termasuk dalam kategori hatespeech?",tidak
372,id_hatespeech,id_hatespeech_nusantara_text,1cb4fa88-22af-4eb1-ab78-943a211e10a8,hate_or_noHate_zs_noopt_contains,train,"Dalam konteks ini, apakah teks yang mengandung kata-kata seperti: ga tinggal di Jakarta sih, tp 1 rumah ngotot banget dukung Pak @basuki_btp!, termasuk dalam kategori hatespeech?",tidak
373,id_hatespeech,id_hatespeech_nusantara_text,1cb4fa88-22af-4eb1-ab78-943a211e10a8,hate_or_noHate_zs_noopt_contains,train,"Dalam konteks ini, apakah teks yang mengandung kata-kata seperti: Semangat Pilkada! Untukmu pilihanmu dan untukku pilihanku #tetapahok, termasuk dalam kategori hatespeech?",tidak
374,id_hatespeech,id_hatespeech_nusantara_text,1cb4fa88-22af-4eb1-ab78-943a211e10a8,hate_or_noHate_zs_noopt_contains,train,"Dalam konteks ini, apakah teks yang mengandung kata-kata seperti: Tapi perbedaan vital di reklamasi sama perumahan, justru gak bisa berkutik sama sekali., termasuk dalam kategori hatespeech?",tidak
375,id_hatespeech,id_hatespeech_nusantara_text,1cb4fa88-22af-4eb1-ab78-943a211e10a8,hate_or_noHate_zs_noopt_contains,train,"Dalam konteks ini, apakah teks yang mengandung kata-kata seperti: Sabar dulu jgn tergesa2 nagih, beliau belum dilantik baru bulan Oktober nanti., termasuk dalam kategori hatespeech?",tidak
376,id_hatespeech,id_hatespeech_nusantara_text,1cb4fa88-22af-4eb1-ab78-943a211e10a8,hate_or_noHate_zs_noopt_contains,train,"Dalam konteks ini, apakah teks yang mengandung kata-kata seperti: Pak @aniesbaswedan knpa ngga mampir dulu ke tempat saya. Orangtua saya ngefans bgt, termasuk dalam kategori hatespeech?",tidak
377,id_hatespeech,id_hatespeech_nusantara_text,1cb4fa88-22af-4eb1-ab78-943a211e10a8,hate_or_noHate_zs_noopt_contains,train,"Dalam konteks ini, apakah teks yang mengandung kata-kata seperti: Semoga @persijajkt lebih maju dengan adanya gubernur era baru., termasuk dalam kategori hatespeech?",tidak
378,id_hatespeech,id_hatespeech_nusantara_text,1cb4fa88-22af-4eb1-ab78-943a211e10a8,hate_or_noHate_zs_noopt_contains,train,"Dalam konteks ini, apakah teks yang mengandung kata-kata seperti: Tetap di masyarakat jakarta dan selalu membuat jakarta lebih baik.Dan hasilnya pun sudah terbukti, termasuk dalam kategori hatespeech?",tidak
379,id_hatespeech,id_hatespeech_nusantara_text,1cb4fa88-22af-4eb1-ab78-943a211e10a8,hate_or_noHate_zs_noopt_contains,train,"Dalam konteks ini, apakah teks yang mengandung kata-kata seperti: saya sebagai masyarakat jakarta salut terhadap kepemimpinan pak ahok., termasuk dalam kategori hatespeech?",tidak
380,id_hatespeech,id_hatespeech_nusantara_text,1cb4fa88-22af-4eb1-ab78-943a211e10a8,hate_or_noHate_zs_noopt_contains,train,"Dalam konteks ini, apakah teks yang mengandung kata-kata seperti: Semua sayang ahok. Saya berharap ahok bisa jadi presiden selanjutnya bersama pak jokowi., termasuk dalam kategori hatespeech?",tidak
381,id_hatespeech,id_hatespeech_nusantara_text,1cb4fa88-22af-4eb1-ab78-943a211e10a8,hate_or_noHate_zs_noopt_contains,train,"Dalam konteks ini, apakah teks yang mengandung kata-kata seperti: Bukan lagi milik jakarta lagi ahok tapi milik kita untuk membangun jakarta lebih baik, termasuk dalam kategori hatespeech?",tidak
382,id_hatespeech,id_hatespeech_nusantara_text,1cb4fa88-22af-4eb1-ab78-943a211e10a8,hate_or_noHate_zs_noopt_contains,train,"Dalam konteks ini, apakah teks yang mengandung kata-kata seperti: Pak Ahok, jadi cagub di Bekasi aja ya pak... Bekasi mau dipimpin orang seperti bapak, biar ada perubahan lebih baik @basukibtp, termasuk dalam kategori hatespeech?",tidak
383,id_hatespeech,id_hatespeech_nusantara_text,1cb4fa88-22af-4eb1-ab78-943a211e10a8,hate_or_noHate_zs_noopt_contains,train,"Dalam konteks ini, apakah teks yang mengandung kata-kata seperti: Kekalahan Ahok adalah kemunduran peradaban di Indonesia. Selamat datang radikalisme. Akal sehat sudah tidak ada dinegara ini., termasuk dalam kategori hatespeech?",tidak
384,id_hatespeech,id_hatespeech_nusantara_text,1cb4fa88-22af-4eb1-ab78-943a211e10a8,hate_or_noHate_zs_noopt_contains,train,"Dalam konteks ini, apakah teks yang mengandung kata-kata seperti: Semangat pak ahok , bapak sudah berjuang sekuat tenaga dan sudah berusaha melakukan yang terbaik, terima kasih pak, termasuk dalam kategori hatespeech?",tidak
385,id_hatespeech,id_hatespeech_nusantara_text,1cb4fa88-22af-4eb1-ab78-943a211e10a8,hate_or_noHate_zs_noopt_contains,train,"Dalam konteks ini, apakah teks yang mengandung kata-kata seperti: Terima Kasih pak sudah mengabdi dijakarta dengan segudang permintaan warga., termasuk dalam kategori hatespeech?",tidak
386,id_hatespeech,id_hatespeech_nusantara_text,1cb4fa88-22af-4eb1-ab78-943a211e10a8,hate_or_noHate_zs_noopt_contains,train,"Dalam konteks ini, apakah teks yang mengandung kata-kata seperti: Mungkin ada kata kata yang menyakitkan ya pak, tapi semoga itu menjadi semangat untuk bapak kedepannya., termasuk dalam kategori hatespeech?",tidak
387,id_hatespeech,id_hatespeech_nusantara_text,1cb4fa88-22af-4eb1-ab78-943a211e10a8,hate_or_noHate_zs_noopt_contains,train,"Dalam konteks ini, apakah teks yang mengandung kata-kata seperti: Walaupun bapak tidak menang. Tapi saya menikmati kerja keras bapak selama menjabat. Terima kasih untuk bapak ahok., termasuk dalam kategori hatespeech?",tidak
388,id_hatespeech,id_hatespeech_nusantara_text,1cb4fa88-22af-4eb1-ab78-943a211e10a8,hate_or_noHate_zs_noopt_contains,train,"Dalam konteks ini, apakah teks yang mengandung kata-kata seperti: miris ya pak ahok...sukses slalu buat my idola pak ahok, termasuk dalam kategori hatespeech?",tidak
389,id_hatespeech,id_hatespeech_nusantara_text,1cb4fa88-22af-4eb1-ab78-943a211e10a8,hate_or_noHate_zs_noopt_contains,train,"Dalam konteks ini, apakah teks yang mengandung kata-kata seperti: Gue lebih suka Ahok bantuin Jokowi ngurusin Indonesia agar lebih cepet maju, bukan hanya Jakarta., termasuk dalam kategori hatespeech?",tidak
390,id_hatespeech,id_hatespeech_nusantara_text,1cb4fa88-22af-4eb1-ab78-943a211e10a8,hate_or_noHate_zs_noopt_contains,train,"Dalam konteks ini, apakah teks yang mengandung kata-kata seperti: Pak kok saya pngn peluk bapak sambil bilang "" pak tetap semangat ya, saya selalu mendoakan yg terbaik untuk bapak"", termasuk dalam kategori hatespeech?",tidak
391,id_hatespeech,id_hatespeech_nusantara_text,1cb4fa88-22af-4eb1-ab78-943a211e10a8,hate_or_noHate_zs_noopt_contains,train,"Dalam konteks ini, apakah teks yang mengandung kata-kata seperti: aya bukan warga jakarta tp saya sering ke jakarta.....saya bangga jakarta pernah di pegang bapak. Jadi rapih pak sekarang....., termasuk dalam kategori hatespeech?",tidak
392,id_hatespeech,id_hatespeech_nusantara_text,1cb4fa88-22af-4eb1-ab78-943a211e10a8,hate_or_noHate_zs_noopt_contains,train,"Dalam konteks ini, apakah teks yang mengandung kata-kata seperti: Maka seyogyanya pilihanku #TetapAhok karna terlihat pencerahan pd sistem birokrasi., termasuk dalam kategori hatespeech?",tidak
393,id_hatespeech,id_hatespeech_nusantara_text,1cb4fa88-22af-4eb1-ab78-943a211e10a8,hate_or_noHate_zs_noopt_contains,train,"Dalam konteks ini, apakah teks yang mengandung kata-kata seperti: Pak ahok tetap menjadi gubenur dihatiku ...., termasuk dalam kategori hatespeech?",tidak
394,id_hatespeech,id_hatespeech_nusantara_text,1cb4fa88-22af-4eb1-ab78-943a211e10a8,hate_or_noHate_zs_noopt_contains,train,"Dalam konteks ini, apakah teks yang mengandung kata-kata seperti: Dari lahir di Jakarta sampe detik ini baru gue liat kali & pintu air Manggarai bersih dari sampah ya pas jaman Jokowi sampe Ahok. #TetapAhok, termasuk dalam kategori hatespeech?",tidak
395,id_hatespeech,id_hatespeech_nusantara_text,1cb4fa88-22af-4eb1-ab78-943a211e10a8,hate_or_noHate_zs_noopt_contains,train,"Dalam konteks ini, apakah teks yang mengandung kata-kata seperti: Gpp kalah. mungkin belom rejekinya ya pak. Bagi kami bapak tetap pemimpin yang jujur. Tetap berkarya nyata, termasuk dalam kategori hatespeech?",tidak
396,id_hatespeech,id_hatespeech_nusantara_text,1cb4fa88-22af-4eb1-ab78-943a211e10a8,hate_or_noHate_zs_noopt_contains,train,"Dalam konteks ini, apakah teks yang mengandung kata-kata seperti: Selama 20 tahun tinggal di Jakarta, baru 5 tahun terakhir benar-benar terasa perubahan dan sadar kalau itu akitbat gubernurnya., termasuk dalam kategori hatespeech?",tidak
397,id_hatespeech,id_hatespeech_nusantara_text,1cb4fa88-22af-4eb1-ab78-943a211e10a8,hate_or_noHate_zs_noopt_contains,train,"Dalam konteks ini, apakah teks yang mengandung kata-kata seperti: Aku cinta Pak Ahok. Terimakasih ya Pak atas jasa-jasa dan kerja nyatanya selama 5 tahun terakhir., termasuk dalam kategori hatespeech?",tidak
398,id_hatespeech,id_hatespeech_nusantara_text,1cb4fa88-22af-4eb1-ab78-943a211e10a8,hate_or_noHate_zs_noopt_contains,train,"Dalam konteks ini, apakah teks yang mengandung kata-kata seperti: Tetap semangat pak ahok.... terimakasih atas semua yg anda berikan untuk jakarta. sukses selalu buat pak ahok., termasuk dalam kategori hatespeech?",tidak
399,id_hatespeech,id_hatespeech_nusantara_text,1cb4fa88-22af-4eb1-ab78-943a211e10a8,hate_or_noHate_zs_noopt_contains,train,"Dalam konteks ini, apakah teks yang mengandung kata-kata seperti: Pak ahok kita tetap mendukung apapun yang terjadi, termasuk dalam kategori hatespeech?",tidak
400,id_hatespeech,id_hatespeech_nusantara_text,1cb4fa88-22af-4eb1-ab78-943a211e10a8,hate_or_noHate_zs_noopt_contains,train,"Dalam konteks ini, apakah teks yang mengandung kata-kata seperti: Terima kasih banyak buat kinerja keras dari Pak Ahok dan team selama memimpin DKI Jakarta. Tetap semangat selalu Pak. God Bless Bapak & Family., termasuk dalam kategori hatespeech?",tidak
401,id_hatespeech,id_hatespeech_nusantara_text,1cb4fa88-22af-4eb1-ab78-943a211e10a8,hate_or_noHate_zs_noopt_contains,train,"Dalam konteks ini, apakah teks yang mengandung kata-kata seperti: Bapak ahok sosok yang saya banggakan, terimakasih pak sudah merubah jakarta., termasuk dalam kategori hatespeech?",tidak
402,id_hatespeech,id_hatespeech_nusantara_text,1cb4fa88-22af-4eb1-ab78-943a211e10a8,hate_or_noHate_zs_noopt_contains,train,"Dalam konteks ini, apakah teks yang mengandung kata-kata seperti: semoga pak ahok selalu dlm lindungan tuhan, saya sayang sama pak ahok, pak ahok orang baik., termasuk dalam kategori hatespeech?",tidak
403,id_hatespeech,id_hatespeech_nusantara_text,1cb4fa88-22af-4eb1-ab78-943a211e10a8,hate_or_noHate_zs_noopt_contains,train,"Dalam konteks ini, apakah teks yang mengandung kata-kata seperti: Terima kasih pak Basuki. Sampai kapan pun sejarah akan mencatat bapak membawa perubahan bagi kami warga jakarta, termasuk dalam kategori hatespeech?",tidak
404,id_hatespeech,id_hatespeech_nusantara_text,1cb4fa88-22af-4eb1-ab78-943a211e10a8,hate_or_noHate_zs_noopt_contains,train,"Dalam konteks ini, apakah teks yang mengandung kata-kata seperti: Lanjutkan perjuangan Pak, Bapak orang baik pasti ditempatkan di tempat yg lebih baik juga., termasuk dalam kategori hatespeech?",tidak
405,id_hatespeech,id_hatespeech_nusantara_text,1cb4fa88-22af-4eb1-ab78-943a211e10a8,hate_or_noHate_zs_noopt_contains,train,"Dalam konteks ini, apakah teks yang mengandung kata-kata seperti: Kau lah yang terhebat.. Karna kau lah kami mendapat inspirasi dan pengalaman yang sangat berharga., termasuk dalam kategori hatespeech?",tidak
406,id_hatespeech,id_hatespeech_nusantara_text,1cb4fa88-22af-4eb1-ab78-943a211e10a8,hate_or_noHate_zs_noopt_contains,train,"Dalam konteks ini, apakah teks yang mengandung kata-kata seperti: Buat Pak Ahok tetap berkarya pak. Masih ada kesempatan lebih baik di 2019, termasuk dalam kategori hatespeech?",tidak
407,id_hatespeech,id_hatespeech_nusantara_text,1cb4fa88-22af-4eb1-ab78-943a211e10a8,hate_or_noHate_zs_noopt_contains,train,"Dalam konteks ini, apakah teks yang mengandung kata-kata seperti: Pak saya setuju kalo pak jadi gubenur karena kerja pak sangat bagus kerena kerja pak basuki tegas keluarga kami mendukung pak basuki, termasuk dalam kategori hatespeech?",tidak
408,id_hatespeech,id_hatespeech_nusantara_text,1cb4fa88-22af-4eb1-ab78-943a211e10a8,hate_or_noHate_zs_noopt_contains,train,"Dalam konteks ini, apakah teks yang mengandung kata-kata seperti: Bapak tetap yg terbaik untuk jakarta..terima kasih pak untuk semua yg bapak kerjakan selama ini semoga Allah selalu meridhoi bapak dalam setiap langkah bapak.., termasuk dalam kategori hatespeech?",tidak
409,id_hatespeech,id_hatespeech_nusantara_text,1cb4fa88-22af-4eb1-ab78-943a211e10a8,hate_or_noHate_zs_noopt_contains,train,"Dalam konteks ini, apakah teks yang mengandung kata-kata seperti: jabatan bukan hal penting yg terpenting bapak tetap orang terhebat di jakarta tentang kerja keras Pak Ahok..sekali lagi terima kasih Pak Ahok, termasuk dalam kategori hatespeech?",tidak
410,id_hatespeech,id_hatespeech_nusantara_text,1cb4fa88-22af-4eb1-ab78-943a211e10a8,hate_or_noHate_zs_noopt_contains,train,"Dalam konteks ini, apakah teks yang mengandung kata-kata seperti: Pak Ahok....walau saya bukan warga DKI....saya sangat sedih bapak tidak terpilih lg jd Gubenur DKI....., termasuk dalam kategori hatespeech?",tidak
411,id_hatespeech,id_hatespeech_nusantara_text,1cb4fa88-22af-4eb1-ab78-943a211e10a8,hate_or_noHate_zs_noopt_contains,train,"Dalam konteks ini, apakah teks yang mengandung kata-kata seperti: Hanya bpk lah gubernur satu satunya yg bisa membawa perubahan di Jakarta...semangat pak..., termasuk dalam kategori hatespeech?",tidak
412,id_hatespeech,id_hatespeech_nusantara_text,1cb4fa88-22af-4eb1-ab78-943a211e10a8,hate_or_noHate_zs_noopt_contains,train,"Dalam konteks ini, apakah teks yang mengandung kata-kata seperti: Pak ahok, saya mempunyai ibu, ibu saya selalu mendoakan pak ahok setiap waktu dan setiap pagi jam 3 ibu saya sebenarnya kecewa dengan hasil pilkada, termasuk dalam kategori hatespeech?",tidak
413,id_hatespeech,id_hatespeech_nusantara_text,1cb4fa88-22af-4eb1-ab78-943a211e10a8,hate_or_noHate_zs_noopt_contains,train,"Dalam konteks ini, apakah teks yang mengandung kata-kata seperti: tapi kalah menang itu biasa. kekuasaan ada di tangan tuhan, asal bapak ahok tidak menjual iman pak ahok dengan jabatan, termasuk dalam kategori hatespeech?",tidak
414,id_hatespeech,id_hatespeech_nusantara_text,1cb4fa88-22af-4eb1-ab78-943a211e10a8,hate_or_noHate_zs_noopt_contains,train,"Dalam konteks ini, apakah teks yang mengandung kata-kata seperti: Terimakasih banyak pak ahok dan djarot untuk kerja tulus dan kerasnya untuk Jakarta.., termasuk dalam kategori hatespeech?",tidak
415,id_hatespeech,id_hatespeech_nusantara_text,1cb4fa88-22af-4eb1-ab78-943a211e10a8,hate_or_noHate_zs_noopt_contains,train,"Dalam konteks ini, apakah teks yang mengandung kata-kata seperti: Media Asing Menyorot Hasil Pilkada Jakarta, termasuk dalam kategori hatespeech?",tidak
416,id_hatespeech,id_hatespeech_nusantara_text,1cb4fa88-22af-4eb1-ab78-943a211e10a8,hate_or_noHate_zs_noopt_contains,train,"Dalam konteks ini, apakah teks yang mengandung kata-kata seperti: Ahok Banyak Belajar di Pilkada DKI, termasuk dalam kategori hatespeech?",tidak
417,id_hatespeech,id_hatespeech_nusantara_text,1cb4fa88-22af-4eb1-ab78-943a211e10a8,hate_or_noHate_zs_noopt_contains,train,"Dalam konteks ini, apakah teks yang mengandung kata-kata seperti: Ini Pelajaran yang Dipetik Ahok dari Pilkada DKI, termasuk dalam kategori hatespeech?",tidak
418,id_hatespeech,id_hatespeech_nusantara_text,1cb4fa88-22af-4eb1-ab78-943a211e10a8,hate_or_noHate_zs_noopt_contains,train,"Dalam konteks ini, apakah teks yang mengandung kata-kata seperti: Ahok: Lupakan Semua Masalah Kampanye dan Pilkada, termasuk dalam kategori hatespeech?",tidak
419,id_hatespeech,id_hatespeech_nusantara_text,1cb4fa88-22af-4eb1-ab78-943a211e10a8,hate_or_noHate_zs_noopt_contains,train,"Dalam konteks ini, apakah teks yang mengandung kata-kata seperti: Presiden Percaya Pilkada DKI Hasilkan Pemimpin Terbaik, termasuk dalam kategori hatespeech?",tidak
420,id_hatespeech,id_hatespeech_nusantara_text,1cb4fa88-22af-4eb1-ab78-943a211e10a8,hate_or_noHate_zs_noopt_contains,train,"Dalam konteks ini, apakah teks yang mengandung kata-kata seperti: Kapolri Pastikan Pilkada DKI Berjalan Lancar dan Sejuk, termasuk dalam kategori hatespeech?",tidak
421,id_hatespeech,id_hatespeech_nusantara_text,1cb4fa88-22af-4eb1-ab78-943a211e10a8,hate_or_noHate_zs_noopt_contains,train,"Dalam konteks ini, apakah teks yang mengandung kata-kata seperti: Pengamat: Pilkada DKI Panas Karena Parpol Sulit Disiplinkan Massa, termasuk dalam kategori hatespeech?",tidak
422,id_hatespeech,id_hatespeech_nusantara_text,1cb4fa88-22af-4eb1-ab78-943a211e10a8,hate_or_noHate_zs_noopt_contains,train,"Dalam konteks ini, apakah teks yang mengandung kata-kata seperti: Parpol Pendukung Ahok-Djarot Komitmen Jaga Pilkada Damai, termasuk dalam kategori hatespeech?",tidak
423,id_hatespeech,id_hatespeech_nusantara_text,1cb4fa88-22af-4eb1-ab78-943a211e10a8,hate_or_noHate_zs_noopt_contains,train,"Dalam konteks ini, apakah teks yang mengandung kata-kata seperti: Amankan Pilkada DKI, Polisi Terapkan Dua Sistem Pengamanan, termasuk dalam kategori hatespeech?",tidak
424,id_hatespeech,id_hatespeech_nusantara_text,1cb4fa88-22af-4eb1-ab78-943a211e10a8,hate_or_noHate_zs_noopt_contains,train,"Dalam konteks ini, apakah teks yang mengandung kata-kata seperti: Tiga Instansi Keluarkan Maklumat Larangan Mobilisasi Massa di Pilkada DKI, termasuk dalam kategori hatespeech?",tidak
425,id_hatespeech,id_hatespeech_nusantara_text,1cb4fa88-22af-4eb1-ab78-943a211e10a8,hate_or_noHate_zs_noopt_contains,train,"Dalam konteks ini, apakah teks yang mengandung kata-kata seperti: TERNYATA BAJU YANG DIPAKAI AHOK DI DEBAT PILKADA YG SAYA TONTON MELALUI METRO TV SAMA DENGAN YANG DI TV ONE. BARUSAN SAYA CEK, termasuk dalam kategori hatespeech?",tidak
426,id_hatespeech,id_hatespeech_nusantara_text,1cb4fa88-22af-4eb1-ab78-943a211e10a8,hate_or_noHate_zs_noopt_contains,train,"Dalam konteks ini, apakah teks yang mengandung kata-kata seperti: Sebagai warga negara yang baik, lo wajib ikut mensukseskan Pilkada Jakarta 2017. Temukan performa berbeda Debat Pilkada pukul 7, termasuk dalam kategori hatespeech?",tidak
427,id_hatespeech,id_hatespeech_nusantara_text,1cb4fa88-22af-4eb1-ab78-943a211e10a8,hate_or_noHate_zs_noopt_contains,train,"Dalam konteks ini, apakah teks yang mengandung kata-kata seperti: Debat Terakhir Menentukan Elektabilitas di Pilkada DKI Putaran Kedua, termasuk dalam kategori hatespeech?",tidak
428,id_hatespeech,id_hatespeech_nusantara_text,1cb4fa88-22af-4eb1-ab78-943a211e10a8,hate_or_noHate_zs_noopt_contains,train,"Dalam konteks ini, apakah teks yang mengandung kata-kata seperti: Terima kasih bapak ahok dengan jasa2 bapak selalu membangun jakarta lebih baik lagi, termasuk dalam kategori hatespeech?",tidak
429,id_hatespeech,id_hatespeech_nusantara_text,1cb4fa88-22af-4eb1-ab78-943a211e10a8,hate_or_noHate_zs_noopt_contains,train,"Dalam konteks ini, apakah teks yang mengandung kata-kata seperti: Salut banget sm pak ahok.. benar2 berjiwa kesatria.. langsung mengucapkan selamat ke pasangan anis dan sandi.., termasuk dalam kategori hatespeech?",tidak
430,id_hatespeech,id_hatespeech_nusantara_text,1cb4fa88-22af-4eb1-ab78-943a211e10a8,hate_or_noHate_zs_noopt_contains,train,"Dalam konteks ini, apakah teks yang mengandung kata-kata seperti: keluarga sudah ke menggunakan hak pilihnya pagi ini. Jangan lupa bagi warga Jakarta untuk datang ke TPS sebelum jam 1 siang!, termasuk dalam kategori hatespeech?",tidak
431,id_hatespeech,id_hatespeech_nusantara_text,1cb4fa88-22af-4eb1-ab78-943a211e10a8,hate_or_noHate_zs_noopt_contains,train,"Dalam konteks ini, apakah teks yang mengandung kata-kata seperti: Terima kasih telah membuat Jakarta menjadi lebih baik pak... Tetap semangat!, termasuk dalam kategori hatespeech?",tidak
432,id_hatespeech,id_hatespeech_nusantara_text,1cb4fa88-22af-4eb1-ab78-943a211e10a8,hate_or_noHate_zs_noopt_contains,train,"Dalam konteks ini, apakah teks yang mengandung kata-kata seperti: Pada akhirnya, orang jahat akan jatuh, dan orang baik, akan dibangkitkan!, termasuk dalam kategori hatespeech?",tidak
433,id_hatespeech,id_hatespeech_nusantara_text,1cb4fa88-22af-4eb1-ab78-943a211e10a8,hate_or_noHate_zs_noopt_contains,train,"Dalam konteks ini, apakah teks yang mengandung kata-kata seperti: Meski dijatuhkan berkali2, Tuhan akan selalu mengangkat yg benar, termasuk dalam kategori hatespeech?",tidak
434,id_hatespeech,id_hatespeech_nusantara_text,1cb4fa88-22af-4eb1-ab78-943a211e10a8,hate_or_noHate_zs_noopt_contains,train,"Dalam konteks ini, apakah teks yang mengandung kata-kata seperti: Rencana Bapak yang di surga itu lebih indah yangg kita inginkan bapak ahok tetap semangat ya pak, termasuk dalam kategori hatespeech?",tidak
435,id_hatespeech,id_hatespeech_nusantara_text,1cb4fa88-22af-4eb1-ab78-943a211e10a8,hate_or_noHate_zs_noopt_contains,train,"Dalam konteks ini, apakah teks yang mengandung kata-kata seperti: Pak Basuki dan Pak Djarot tetap kuat didalam iman dan pengharapan..., termasuk dalam kategori hatespeech?",tidak
436,id_hatespeech,id_hatespeech_nusantara_text,1cb4fa88-22af-4eb1-ab78-943a211e10a8,hate_or_noHate_zs_noopt_contains,train,"Dalam konteks ini, apakah teks yang mengandung kata-kata seperti: Yakin bahwa ini bukan jalan yang terbaik untuk anda dari hanya sekedar Gubernur dan Wakil gubernur DKI.., termasuk dalam kategori hatespeech?",tidak
437,id_hatespeech,id_hatespeech_nusantara_text,1cb4fa88-22af-4eb1-ab78-943a211e10a8,hate_or_noHate_zs_noopt_contains,train,"Dalam konteks ini, apakah teks yang mengandung kata-kata seperti: Masyarakat Indonesia khusus DKI melihat pemimpin itu bukan dilihat hasil kerjanya, termasuk dalam kategori hatespeech?",tidak
438,id_hatespeech,id_hatespeech_nusantara_text,1cb4fa88-22af-4eb1-ab78-943a211e10a8,hate_or_noHate_zs_noopt_contains,train,"Dalam konteks ini, apakah teks yang mengandung kata-kata seperti: Kami sebagai rakyat indonesia yang bukan berasal dari DKI turut mendoakan semoga pak Basuki dan pak Djarot tidak pernah lelah melayani kami dan tetap terus semangat, termasuk dalam kategori hatespeech?",tidak
439,id_hatespeech,id_hatespeech_nusantara_text,1cb4fa88-22af-4eb1-ab78-943a211e10a8,hate_or_noHate_zs_noopt_contains,train,"Dalam konteks ini, apakah teks yang mengandung kata-kata seperti: jangan padam untuk kemanusiaan ya pak, saya mengenang semua hal manis yg telah bapak perjuangkan, termasuk dalam kategori hatespeech?",tidak
440,id_hatespeech,id_hatespeech_nusantara_text,1cb4fa88-22af-4eb1-ab78-943a211e10a8,hate_or_noHate_zs_noopt_contains,train,"Dalam konteks ini, apakah teks yang mengandung kata-kata seperti: Saya doakan pak ahok dan tamengnya tidak kejang2, termasuk dalam kategori hatespeech?",tidak
441,id_hatespeech,id_hatespeech_nusantara_text,1cb4fa88-22af-4eb1-ab78-943a211e10a8,hate_or_noHate_zs_noopt_contains,train,"Dalam konteks ini, apakah teks yang mengandung kata-kata seperti: Tetap semangat pak. Ahok.. Aku selalu dukung pak ahok djarot., termasuk dalam kategori hatespeech?",tidak
442,id_hatespeech,id_hatespeech_nusantara_text,1cb4fa88-22af-4eb1-ab78-943a211e10a8,hate_or_noHate_zs_noopt_contains,train,"Dalam konteks ini, apakah teks yang mengandung kata-kata seperti: Pemenang Debat Pilkada DKI malam ini adalah...... IRA KOESNO!!!, termasuk dalam kategori hatespeech?",tidak
443,id_hatespeech,id_hatespeech_nusantara_text,1cb4fa88-22af-4eb1-ab78-943a211e10a8,hate_or_noHate_zs_noopt_contains,train,"Dalam konteks ini, apakah teks yang mengandung kata-kata seperti: Selamat buat pasangan no 3, Anies-Sandi pemenang versi Quick Count... Terima kasih buat Ahok-Djarot atas kerja luar biasa untuk Jakarta..., termasuk dalam kategori hatespeech?",tidak
444,id_hatespeech,id_hatespeech_nusantara_text,1cb4fa88-22af-4eb1-ab78-943a211e10a8,hate_or_noHate_zs_noopt_contains,train,"Dalam konteks ini, apakah teks yang mengandung kata-kata seperti: Semangat pak ahok walaupun saya warga bandung tapi saya yakin pak ahok yg jadi juara..., termasuk dalam kategori hatespeech?",tidak
445,id_hatespeech,id_hatespeech_nusantara_text,1cb4fa88-22af-4eb1-ab78-943a211e10a8,hate_or_noHate_zs_noopt_contains,train,"Dalam konteks ini, apakah teks yang mengandung kata-kata seperti: yg jelas, kerja keras, pasti, dan jujur tetap pak ahok., termasuk dalam kategori hatespeech?",tidak
446,id_hatespeech,id_hatespeech_nusantara_text,1cb4fa88-22af-4eb1-ab78-943a211e10a8,hate_or_noHate_zs_noopt_contains,train,"Dalam konteks ini, apakah teks yang mengandung kata-kata seperti: Maaf pak saya tidak bisa ikutan nyoblos, KTP saya jakarta, tapi saya skrg tinggal bandung, saya hanya bisa berdoa, termasuk dalam kategori hatespeech?",tidak
447,id_hatespeech,id_hatespeech_nusantara_text,1cb4fa88-22af-4eb1-ab78-943a211e10a8,hate_or_noHate_zs_noopt_contains,train,"Dalam konteks ini, apakah teks yang mengandung kata-kata seperti: semoga ahokdjarot bisa terus melanjutkan visi misi nya untuk membangun kota Jakarta, agar lebih rapih bersih dan nyaman, termasuk dalam kategori hatespeech?",tidak
448,id_hatespeech,id_hatespeech_nusantara_text,1cb4fa88-22af-4eb1-ab78-943a211e10a8,hate_or_noHate_zs_noopt_contains,train,"Dalam konteks ini, apakah teks yang mengandung kata-kata seperti: Dalam nama Tuhan Untuk jakarta yg lebih baik, termasuk dalam kategori hatespeech?",tidak
449,id_hatespeech,id_hatespeech_nusantara_text,1cb4fa88-22af-4eb1-ab78-943a211e10a8,hate_or_noHate_zs_noopt_contains,train,"Dalam konteks ini, apakah teks yang mengandung kata-kata seperti: semagat buat pak Anies semoga selalu dalam rahmat tuhan YME, termasuk dalam kategori hatespeech?",tidak
450,id_hatespeech,id_hatespeech_nusantara_text,1cb4fa88-22af-4eb1-ab78-943a211e10a8,hate_or_noHate_zs_noopt_contains,train,"Dalam konteks ini, apakah teks yang mengandung kata-kata seperti: semua warga DKI gunakan hak pilihmu....jangan takut kita smua warga yg punya hak dan sehat lahir batin, termasuk dalam kategori hatespeech?",tidak
451,id_hatespeech,id_hatespeech_nusantara_text,1cb4fa88-22af-4eb1-ab78-943a211e10a8,hate_or_noHate_zs_noopt_contains,train,"Dalam konteks ini, apakah teks yang mengandung kata-kata seperti: semoga Tuhan memberikan seluruh masyarakat DKI jakarta keadilan sesuai pemimpin yg benar2 demi rakyat Amin., termasuk dalam kategori hatespeech?",tidak
452,id_hatespeech,id_hatespeech_nusantara_text,1cb4fa88-22af-4eb1-ab78-943a211e10a8,hate_or_noHate_zs_noopt_contains,train,"Dalam konteks ini, apakah teks yang mengandung kata-kata seperti: Eks Pendukung Agus-Sylvi di Jakarta Timur Deklarasikan Dukungan Untuk Ahok-Djarot, termasuk dalam kategori hatespeech?",tidak
453,id_hatespeech,id_hatespeech_nusantara_text,1cb4fa88-22af-4eb1-ab78-943a211e10a8,hate_or_noHate_zs_noopt_contains,train,"Dalam konteks ini, apakah teks yang mengandung kata-kata seperti: Ini pasti salah Jokowi, Ahok dan kafir-kafir ateis. https:\/\/t.co\/v2GRcUeStI, termasuk dalam kategori hatespeech?",iya
454,id_hatespeech,id_hatespeech_nusantara_text,1cb4fa88-22af-4eb1-ab78-943a211e10a8,hate_or_noHate_zs_noopt_contains,train,"Dalam konteks ini, apakah teks yang mengandung kata-kata seperti: @fahmiabuazzam1 biar aja biar tai nya kena bapak lo itu ya. Loh tuh kan gak suka sm ahok jadi biar loh sm bpk loh sm ibu loh kena tai nya., termasuk dalam kategori hatespeech?",iya
455,id_hatespeech,id_hatespeech_nusantara_text,1cb4fa88-22af-4eb1-ab78-943a211e10a8,hate_or_noHate_zs_noopt_contains,train,"Dalam konteks ini, apakah teks yang mengandung kata-kata seperti: RT @BungWinar: Angin memporakporandakan basis pemenangan Si Penista Agama...Cililitan.\nYa Alloh Ampuni Kami\n#JakartaBanjir, termasuk dalam kategori hatespeech?",iya
456,id_hatespeech,id_hatespeech_nusantara_text,1cb4fa88-22af-4eb1-ab78-943a211e10a8,hate_or_noHate_zs_noopt_contains,train,"Dalam konteks ini, apakah teks yang mengandung kata-kata seperti: RT @Lupuz0503: Prestasi Ahok, \nSelain mjadi mafia koruptor n penista agama, dirinya bhasil tenggelamkan JKT MELALUI congoran CEBON, termasuk dalam kategori hatespeech?",iya
457,id_hatespeech,id_hatespeech_nusantara_text,1cb4fa88-22af-4eb1-ab78-943a211e10a8,hate_or_noHate_zs_noopt_contains,train,"Dalam konteks ini, apakah teks yang mengandung kata-kata seperti: Ulama Kompak Nyatakan #HaramPemimpinKafir Pilih Ahok = Murtad!, termasuk dalam kategori hatespeech?",iya
458,id_hatespeech,id_hatespeech_nusantara_text,1cb4fa88-22af-4eb1-ab78-943a211e10a8,hate_or_noHate_zs_noopt_contains,train,"Dalam konteks ini, apakah teks yang mengandung kata-kata seperti: KAU PENDIKAN TINGGI TAPI BODOH....GK ADA LARANG BAWA AGAMA..BIAR ORANG ISLAM YG DI BAYAR AHOK SADAR GK JADI MILIH AHOK GLA, termasuk dalam kategori hatespeech?",iya
459,id_hatespeech,id_hatespeech_nusantara_text,1cb4fa88-22af-4eb1-ab78-943a211e10a8,hate_or_noHate_zs_noopt_contains,train,"Dalam konteks ini, apakah teks yang mengandung kata-kata seperti: @indopoints di tanah abang cina udah mulai resah dan stres gara2 si penista agama dan pilkada pasar jd sepi. Sepi sampai 2 minggu lg ha. ha, termasuk dalam kategori hatespeech?",iya
460,id_hatespeech,id_hatespeech_nusantara_text,1cb4fa88-22af-4eb1-ab78-943a211e10a8,hate_or_noHate_zs_noopt_contains,train,"Dalam konteks ini, apakah teks yang mengandung kata-kata seperti: @investigator_RI betul dan semua pihak yg menentang si cina kafir ahok akan di kriminalisasi oleh polisi dgn smua rekayasa hukum nya, termasuk dalam kategori hatespeech?",iya
461,id_hatespeech,id_hatespeech_nusantara_text,1cb4fa88-22af-4eb1-ab78-943a211e10a8,hate_or_noHate_zs_noopt_contains,train,"Dalam konteks ini, apakah teks yang mengandung kata-kata seperti: @YohanesTarigan9 saya ga habis pikir kenapa fanboy ahok bego bego ya pada ga ngerti sejarah. Gampang kejebak iklan. Maaf ya., termasuk dalam kategori hatespeech?",iya
462,id_hatespeech,id_hatespeech_nusantara_text,1cb4fa88-22af-4eb1-ab78-943a211e10a8,hate_or_noHate_zs_noopt_contains,train,"Dalam konteks ini, apakah teks yang mengandung kata-kata seperti: @Zufrianto3 lebih baik pilih ahok drpd pilih yg se iman tp koruptor dn munafik !! Bodoh kau, termasuk dalam kategori hatespeech?",iya
463,id_hatespeech,id_hatespeech_nusantara_text,1cb4fa88-22af-4eb1-ab78-943a211e10a8,hate_or_noHate_zs_noopt_contains,train,"Dalam konteks ini, apakah teks yang mengandung kata-kata seperti: Ahok si penghina Al - Qur'an dan Ulama ini selalu bersikap menjijikkan yaitu sok suci dan merasa paling benar https:\/\/t.co\/bTkCeTNk0g, termasuk dalam kategori hatespeech?",iya
464,id_hatespeech,id_hatespeech_nusantara_text,1cb4fa88-22af-4eb1-ab78-943a211e10a8,hate_or_noHate_zs_noopt_contains,train,"Dalam konteks ini, apakah teks yang mengandung kata-kata seperti: Ayo umat Islam yg pinter, jgn percaya klo aksi 112 tdk ada hubungannya dgn pilkada, pihak AHY yg bayar anies yg untung \ud83d\ude01, termasuk dalam kategori hatespeech?",iya
465,id_hatespeech,id_hatespeech_nusantara_text,1cb4fa88-22af-4eb1-ab78-943a211e10a8,hate_or_noHate_zs_noopt_contains,train,"Dalam konteks ini, apakah teks yang mengandung kata-kata seperti: #DebatFinalPilkadaJKT mampuuuusssssss mpoK Silvy!!!!, termasuk dalam kategori hatespeech?",iya
466,id_hatespeech,id_hatespeech_nusantara_text,1cb4fa88-22af-4eb1-ab78-943a211e10a8,hate_or_noHate_zs_noopt_contains,train,"Dalam konteks ini, apakah teks yang mengandung kata-kata seperti: Hidup china komunis ! https:\/\/t.co\/b1RheVKrXl, termasuk dalam kategori hatespeech?",iya
467,id_hatespeech,id_hatespeech_nusantara_text,1cb4fa88-22af-4eb1-ab78-943a211e10a8,hate_or_noHate_zs_noopt_contains,train,"Dalam konteks ini, apakah teks yang mengandung kata-kata seperti: Ini tuh kesalahan Jokowi dan Ahok si babi ateis. https:\/\/t.co\/v2GRcUeStI, termasuk dalam kategori hatespeech?",iya
468,id_hatespeech,id_hatespeech_nusantara_text,1cb4fa88-22af-4eb1-ab78-943a211e10a8,hate_or_noHate_zs_noopt_contains,train,"Dalam konteks ini, apakah teks yang mengandung kata-kata seperti: Kalo ahok menang pilkada bikin video sex bareng anaknya dong tan.? https:\/\/t.co\/7msmThwwLK, termasuk dalam kategori hatespeech?",iya
469,id_hatespeech,id_hatespeech_nusantara_text,1cb4fa88-22af-4eb1-ab78-943a211e10a8,hate_or_noHate_zs_noopt_contains,train,"Dalam konteks ini, apakah teks yang mengandung kata-kata seperti: Keluarga Besar Kami Yang Berdomisili di Jakarta TIDAK PILIH AHOK!! https:\/\/t.co\/GZKZFTpvCw Suara Ulama Bulat! #HaramPilihAhok #JanganGolput, termasuk dalam kategori hatespeech?",iya
470,id_hatespeech,id_hatespeech_nusantara_text,1cb4fa88-22af-4eb1-ab78-943a211e10a8,hate_or_noHate_zs_noopt_contains,train,"Dalam konteks ini, apakah teks yang mengandung kata-kata seperti: ketutunan cina dari luar kota dan pulau mulai kejakarta mau coblos ahok dengan KTP aspal dari kamboja, termasuk dalam kategori hatespeech?",iya
471,id_hatespeech,id_hatespeech_nusantara_text,1cb4fa88-22af-4eb1-ab78-943a211e10a8,hate_or_noHate_zs_noopt_contains,train,"Dalam konteks ini, apakah teks yang mengandung kata-kata seperti: RT @indopoints: china babi... china maling...\n#UsirChina https:\/\/t.co\/9y4HIWHJp2, termasuk dalam kategori hatespeech?",iya
472,id_hatespeech,id_hatespeech_nusantara_text,1cb4fa88-22af-4eb1-ab78-943a211e10a8,hate_or_noHate_zs_noopt_contains,train,"Dalam konteks ini, apakah teks yang mengandung kata-kata seperti: RT @mosangada72: Masih mau memilih Agus-Sylvi???\nAnaknya SBY dan Keluarga Koruptor\n#BlusukanAhok\n#BerjamaahCoblosPecinya\u2026, termasuk dalam kategori hatespeech?",iya
473,id_hatespeech,id_hatespeech_nusantara_text,1cb4fa88-22af-4eb1-ab78-943a211e10a8,hate_or_noHate_zs_noopt_contains,train,"Dalam konteks ini, apakah teks yang mengandung kata-kata seperti: tangkap ahok dan klompok nya yg melakukan pemalsuan e KTP karna merupakan penghiyanat bagi bangsa dan negara, termasuk dalam kategori hatespeech?",iya
474,id_hatespeech,id_hatespeech_nusantara_text,1cb4fa88-22af-4eb1-ab78-943a211e10a8,hate_or_noHate_zs_noopt_contains,train,"Dalam konteks ini, apakah teks yang mengandung kata-kata seperti: Tangkap Ahok Sekarang Juga, Share Jika Setuju !!!, termasuk dalam kategori hatespeech?",iya
475,id_hatespeech,id_hatespeech_nusantara_text,1cb4fa88-22af-4eb1-ab78-943a211e10a8,hate_or_noHate_zs_noopt_contains,train,"Dalam konteks ini, apakah teks yang mengandung kata-kata seperti: Sayang sekali Bangsa ini Paling jago kalau merasa-rasa. Yg mendukung Pak Ahok merasa paling benar, yg mendukung Mas Anies merasa paling suci, termasuk dalam kategori hatespeech?",iya
476,id_hatespeech,id_hatespeech_nusantara_text,1cb4fa88-22af-4eb1-ab78-943a211e10a8,hate_or_noHate_zs_noopt_contains,train,"Dalam konteks ini, apakah teks yang mengandung kata-kata seperti: Video Ahok Menghina Agama Kristen Agama Konyol #AhokPecahBelahBangsa, termasuk dalam kategori hatespeech?",iya
477,id_hatespeech,id_hatespeech_nusantara_text,1cb4fa88-22af-4eb1-ab78-943a211e10a8,hate_or_noHate_zs_noopt_contains,train,"Dalam konteks ini, apakah teks yang mengandung kata-kata seperti: Bukan Hanya Penista Agama, Bagi JPU Ahok Pemecah Belah Bangsa https:\/\/t.co\/6qkIFCjqhq, termasuk dalam kategori hatespeech?",iya
478,id_hatespeech,id_hatespeech_nusantara_text,1cb4fa88-22af-4eb1-ab78-943a211e10a8,hate_or_noHate_zs_noopt_contains,train,"Dalam konteks ini, apakah teks yang mengandung kata-kata seperti: Mbak Sylviana please Anda sehat? #DebatFinalPilkadaJKT #perjuanganbelumselesai, termasuk dalam kategori hatespeech?",iya
479,id_hatespeech,id_hatespeech_nusantara_text,1cb4fa88-22af-4eb1-ab78-943a211e10a8,hate_or_noHate_zs_noopt_contains,train,"Dalam konteks ini, apakah teks yang mengandung kata-kata seperti: Nomor 1 sok tau lagi lansung di skak wkwkwk #DebatFinalPilkadaJKT, termasuk dalam kategori hatespeech?",iya
480,id_hatespeech,id_hatespeech_nusantara_text,1cb4fa88-22af-4eb1-ab78-943a211e10a8,hate_or_noHate_zs_noopt_contains,train,"Dalam konteks ini, apakah teks yang mengandung kata-kata seperti: RT @Gemacan70: Ayoo jaga keutuhan NKRI!!! Tangkap Penista Agama!!! #StopKriminalisasiUlama https:\/\/t.co\/dxIDQ4ZQHV, termasuk dalam kategori hatespeech?",iya
481,id_hatespeech,id_hatespeech_nusantara_text,1cb4fa88-22af-4eb1-ab78-943a211e10a8,hate_or_noHate_zs_noopt_contains,train,"Dalam konteks ini, apakah teks yang mengandung kata-kata seperti: @Lupuz0503: Terlihat salah satu pendukung mafia koruptor dan penista agama, para gerombolan BANCI TITOT lakukan bidikan ke arah, termasuk dalam kategori hatespeech?",iya
482,id_hatespeech,id_hatespeech_nusantara_text,1cb4fa88-22af-4eb1-ab78-943a211e10a8,hate_or_noHate_zs_noopt_contains,train,"Dalam konteks ini, apakah teks yang mengandung kata-kata seperti: tobat yuk sebelum terlambat. biar gerombolan JIL aja yg kita doakan konsisten bela kekafiran hingga akhir hayat https:\/\/t.co\/979uJ6ItrM, termasuk dalam kategori hatespeech?",iya
483,id_hatespeech,id_hatespeech_nusantara_text,1cb4fa88-22af-4eb1-ab78-943a211e10a8,hate_or_noHate_zs_noopt_contains,train,"Dalam konteks ini, apakah teks yang mengandung kata-kata seperti: RT @UstadTengku: Ya Allah Jika Mereka Menempuh Cara2 Curang utk Memenangkan Si Penista Agama, Engkau Kirimkanlah MALAIKAT MAUT Utk menyeles\u2026, termasuk dalam kategori hatespeech?",iya
484,id_hatespeech,id_hatespeech_nusantara_text,1cb4fa88-22af-4eb1-ab78-943a211e10a8,hate_or_noHate_zs_noopt_contains,train,"Dalam konteks ini, apakah teks yang mengandung kata-kata seperti: ;Kebanyakan fitnah nih mpok silvy #DebatFinalPilkadaJKT #Gue2, termasuk dalam kategori hatespeech?",iya
485,id_hatespeech,id_hatespeech_nusantara_text,1cb4fa88-22af-4eb1-ab78-943a211e10a8,hate_or_noHate_zs_noopt_contains,train,"Dalam konteks ini, apakah teks yang mengandung kata-kata seperti: FPI: Pendukung Ahok kalah jumlah, dengan izin Allah kita gusur Gubernur koruptor dan penista agama https:\/\/t.co\/Jp7pGLRGiE, termasuk dalam kategori hatespeech?",iya
486,id_hatespeech,id_hatespeech_nusantara_text,1cb4fa88-22af-4eb1-ab78-943a211e10a8,hate_or_noHate_zs_noopt_contains,train,"Dalam konteks ini, apakah teks yang mengandung kata-kata seperti: #JakartaBanjir Pemimpinnya gak punya akhlak yg baik... PENISTA AGAMA. https:\/\/t.co\/PNEGDJMPCH, termasuk dalam kategori hatespeech?",iya
487,id_hatespeech,id_hatespeech_nusantara_text,1cb4fa88-22af-4eb1-ab78-943a211e10a8,hate_or_noHate_zs_noopt_contains,train,"Dalam konteks ini, apakah teks yang mengandung kata-kata seperti: RT @felixsiauw: tapi twit begini asik lo, kita jadi tau yang mana akun-akun pro-penista agama, akun-akun buzzer yang kerjanya menghujat :), termasuk dalam kategori hatespeech?",iya
488,id_hatespeech,id_hatespeech_nusantara_text,1cb4fa88-22af-4eb1-ab78-943a211e10a8,hate_or_noHate_zs_noopt_contains,train,"Dalam konteks ini, apakah teks yang mengandung kata-kata seperti: @DivHumasHansip: ahoker siap bela penista agama https:\/\/t.co\/HxuU4rUDFX\, termasuk dalam kategori hatespeech?",iya
489,id_hatespeech,id_hatespeech_nusantara_text,1cb4fa88-22af-4eb1-ab78-943a211e10a8,hate_or_noHate_zs_noopt_contains,train,"Dalam konteks ini, apakah teks yang mengandung kata-kata seperti: RT @alwinazar24: sepertinya CUCUnya DAJJAL telah hadir, termasuk dalam kategori hatespeech?",iya
490,id_hatespeech,id_hatespeech_nusantara_text,1cb4fa88-22af-4eb1-ab78-943a211e10a8,hate_or_noHate_zs_noopt_contains,train,"Dalam konteks ini, apakah teks yang mengandung kata-kata seperti: Mereka Siang MALAM Maki2 Ulama Kita, Nongkrongi Medsos Ulama2\nBela PENISTA Agama yg SOMBONGNYA Minta AMPUN., termasuk dalam kategori hatespeech?",iya
491,id_hatespeech,id_hatespeech_nusantara_text,1cb4fa88-22af-4eb1-ab78-943a211e10a8,hate_or_noHate_zs_noopt_contains,train,"Dalam konteks ini, apakah teks yang mengandung kata-kata seperti: RT @Jhonkosmik: Ada apa dengan mayoritas etnis China di DKI?\nMengapa begitu solid mendukung penista agama Islam?\n\nDendam?\nTidak nasionalis?, termasuk dalam kategori hatespeech?",iya
492,id_hatespeech,id_hatespeech_nusantara_text,1cb4fa88-22af-4eb1-ab78-943a211e10a8,hate_or_noHate_zs_noopt_contains,train,"Dalam konteks ini, apakah teks yang mengandung kata-kata seperti: Mukanya mpo Silvy Asem bangett ngakak kena deh abis jahat sih #DebatFinalPilkadaJKT, termasuk dalam kategori hatespeech?",iya
493,id_hatespeech,id_hatespeech_nusantara_text,1cb4fa88-22af-4eb1-ab78-943a211e10a8,hate_or_noHate_zs_noopt_contains,train,"Dalam konteks ini, apakah teks yang mengandung kata-kata seperti: RT @GodinJ760478: @tempodotco gara2 belain terdakwa penista agama jadi remek semua. Sukurin, termasuk dalam kategori hatespeech?",iya
494,id_hatespeech,id_hatespeech_nusantara_text,1cb4fa88-22af-4eb1-ab78-943a211e10a8,hate_or_noHate_zs_noopt_contains,train,"Dalam konteks ini, apakah teks yang mengandung kata-kata seperti: RT @Chaeruddin_B: Sekumpulan Teman Penista Agama\nTdk ada empati buat korban banjir, hanya koar2 memuji junjunganya https:\/\/t.co\/XQFktDG74x, termasuk dalam kategori hatespeech?",iya
495,id_hatespeech,id_hatespeech_nusantara_text,1cb4fa88-22af-4eb1-ab78-943a211e10a8,hate_or_noHate_zs_noopt_contains,train,"Dalam konteks ini, apakah teks yang mengandung kata-kata seperti: RT @TerorisSocmed: PENJARAKAN PENISTA AGAMA !!! ATAU @jokowi TURUN !!! https:\/\/t.co\/vqH0TNXaRz, termasuk dalam kategori hatespeech?",iya
496,id_hatespeech,id_hatespeech_nusantara_text,1cb4fa88-22af-4eb1-ab78-943a211e10a8,hate_or_noHate_zs_noopt_contains,train,"Dalam konteks ini, apakah teks yang mengandung kata-kata seperti: Si penista agama, Jaga mulut aja gabisa apalagi jaga jkt?, termasuk dalam kategori hatespeech?",iya
497,id_hatespeech,id_hatespeech_nusantara_text,1cb4fa88-22af-4eb1-ab78-943a211e10a8,hate_or_noHate_zs_noopt_contains,train,"Dalam konteks ini, apakah teks yang mengandung kata-kata seperti: Ahok : program paslon no. 1 ini programnya ngambang | yaiyalah pakkk gak ada program diaa cma ada celaan #DebatFinalPilkadaJKT, termasuk dalam kategori hatespeech?",iya
498,id_hatespeech,id_hatespeech_nusantara_text,1cb4fa88-22af-4eb1-ab78-943a211e10a8,hate_or_noHate_zs_noopt_contains,train,"Dalam konteks ini, apakah teks yang mengandung kata-kata seperti: Akui saja Ahok dan Djarot kalian gagal atasi banjir.Orang kena banjir anda sibuk sidang kasus penista agama, termasuk dalam kategori hatespeech?",iya
499,id_hatespeech,id_hatespeech_nusantara_text,1cb4fa88-22af-4eb1-ab78-943a211e10a8,hate_or_noHate_zs_noopt_contains,train,"Dalam konteks ini, apakah teks yang mengandung kata-kata seperti: RT @87_julay: Iyaa... Ahog Ngak pantes jadi pemimpin.. Pantesnya penista agama dipenjarakan!!! https:\/\/t.co\/YhhO40QWXS, termasuk dalam kategori hatespeech?",iya
500,id_hatespeech,id_hatespeech_nusantara_text,1cb4fa88-22af-4eb1-ab78-943a211e10a8,hate_or_noHate_zs_noopt_contains,train,"Dalam konteks ini, apakah teks yang mengandung kata-kata seperti: RT @wongawas: Overdosis @Metro_TV membela penista agama. https:\/\/t.co\/i84RARpy5w, termasuk dalam kategori hatespeech?",iya
501,id_hatespeech,id_hatespeech_nusantara_text,1cb4fa88-22af-4eb1-ab78-943a211e10a8,hate_or_noHate_zs_noopt_contains,train,"Dalam konteks ini, apakah teks yang mengandung kata-kata seperti: Kaga masuk diakal kite kalo suara seorang penista agama yg dah dikutuk ame umat islam suara nye bisa tinggi, emang sengaja ditinggiin tuh, termasuk dalam kategori hatespeech?",iya
502,id_hatespeech,id_hatespeech_nusantara_text,1cb4fa88-22af-4eb1-ab78-943a211e10a8,hate_or_noHate_zs_noopt_contains,train,"Dalam konteks ini, apakah teks yang mengandung kata-kata seperti: RT @andreobz: Pantasan di pecat dr menteri...data2 aj ngawur dan memkasakan betul..hahaha #AhokPastiTumbang #paslon3 #pilgubdki, termasuk dalam kategori hatespeech?",iya
503,id_hatespeech,id_hatespeech_nusantara_text,1cb4fa88-22af-4eb1-ab78-943a211e10a8,hate_or_noHate_zs_noopt_contains,train,"Dalam konteks ini, apakah teks yang mengandung kata-kata seperti: RT @BangsaPenguasa: Penjarakan ahoax penista agama atau jokowi turun.#KonsolidasiDewanPKB https:\/\/t.co\/XoW5eakIsk, termasuk dalam kategori hatespeech?",iya
504,id_hatespeech,id_hatespeech_nusantara_text,1cb4fa88-22af-4eb1-ab78-943a211e10a8,hate_or_noHate_zs_noopt_contains,train,"Dalam konteks ini, apakah teks yang mengandung kata-kata seperti: Napa dibiarin tim si penista agama maen curang maren, emang sengaja dibiarin biar ntar digaplok umat islam rame2 se jakarta tuh penista, termasuk dalam kategori hatespeech?",iya
505,id_hatespeech,id_hatespeech_nusantara_text,1cb4fa88-22af-4eb1-ab78-943a211e10a8,hate_or_noHate_zs_noopt_contains,train,"Dalam konteks ini, apakah teks yang mengandung kata-kata seperti: Hahahahhahaa silvy ohh silvy cacingan amat loe ahhh wkwkwkwkwkk #DebatFinalPilkadaJKT, termasuk dalam kategori hatespeech?",iya
506,id_hatespeech,id_hatespeech_nusantara_text,1cb4fa88-22af-4eb1-ab78-943a211e10a8,hate_or_noHate_zs_noopt_contains,train,"Dalam konteks ini, apakah teks yang mengandung kata-kata seperti: RT @Rakyat_Angin: Ahok Taik. \""MENFITNAH\"". Emang lu tukang caci maki perempuannn!! Asuuu #AhokPastiTumbang #DebatFinalPilkadaJKT, termasuk dalam kategori hatespeech?",iya
507,id_hatespeech,id_hatespeech_nusantara_text,1cb4fa88-22af-4eb1-ab78-943a211e10a8,hate_or_noHate_zs_noopt_contains,train,"Dalam konteks ini, apakah teks yang mengandung kata-kata seperti: RT @HasanArisandi: #AhokPastiTumbang fakta di bilang fitnah\n#DebatFinalPilkadaJKT, termasuk dalam kategori hatespeech?",iya
508,id_hatespeech,id_hatespeech_nusantara_text,1cb4fa88-22af-4eb1-ab78-943a211e10a8,hate_or_noHate_zs_noopt_contains,train,"Dalam konteks ini, apakah teks yang mengandung kata-kata seperti: Shame on you silvy !! Ga malu fitnah?? Tuh rasain pak ahok panas, skak mat #DebatFinalPilkadaJKT, termasuk dalam kategori hatespeech?",iya
509,id_hatespeech,id_hatespeech_nusantara_text,1cb4fa88-22af-4eb1-ab78-943a211e10a8,hate_or_noHate_zs_noopt_contains,train,"Dalam konteks ini, apakah teks yang mengandung kata-kata seperti: Bu silvi anti pns level rendah katanya #DebatFinalPilkadaJKT, termasuk dalam kategori hatespeech?",iya
510,id_hatespeech,id_hatespeech_nusantara_text,1cb4fa88-22af-4eb1-ab78-943a211e10a8,hate_or_noHate_zs_noopt_contains,train,"Dalam konteks ini, apakah teks yang mengandung kata-kata seperti: RT @AnnisaFYtr: Hanya Orang Islam Yang Bodoh dan Goblok Yang Memilik Ahok! #DebatFinalPilkadaJKT, termasuk dalam kategori hatespeech?",iya
511,id_hatespeech,id_hatespeech_nusantara_text,1cb4fa88-22af-4eb1-ab78-943a211e10a8,hate_or_noHate_zs_noopt_contains,train,"Dalam konteks ini, apakah teks yang mengandung kata-kata seperti: @DivHumasHansip: fitnah FPI pecah adalah ulah ahoker yg melihat elektabilitas ahok tinggal 10%,mereka kelojotan melihat MUI+NU+Muhammadi, termasuk dalam kategori hatespeech?",iya
512,id_hatespeech,id_hatespeech_nusantara_text,1cb4fa88-22af-4eb1-ab78-943a211e10a8,hate_or_noHate_zs_noopt_contains,train,"Dalam konteks ini, apakah teks yang mengandung kata-kata seperti: Norak banget iklan mantan mendikbud @aniesbaswedan ini. Tambah gak respech.. inilah tenun kebangsaan yg dia maksud.\u2026 https:\/\/t.co\/Ux7HEYkBLG, termasuk dalam kategori hatespeech?",iya
513,id_hatespeech,id_hatespeech_nusantara_text,1cb4fa88-22af-4eb1-ab78-943a211e10a8,hate_or_noHate_zs_noopt_contains,train,"Dalam konteks ini, apakah teks yang mengandung kata-kata seperti: RT @DivHumasHansip: yg nebar kebencian itu ahok mbak,masa mbak gak tau sih sampai dia jadi terdakwa loh @AnizzahGedrun, termasuk dalam kategori hatespeech?",iya
514,id_hatespeech,id_hatespeech_nusantara_text,1cb4fa88-22af-4eb1-ab78-943a211e10a8,hate_or_noHate_zs_noopt_contains,train,"Dalam konteks ini, apakah teks yang mengandung kata-kata seperti: pertanyaan dari Bu Sylvi gak mutu amat. #DebatFinalPilkadaJKT, termasuk dalam kategori hatespeech?",iya
515,id_hatespeech,id_hatespeech_nusantara_text,1cb4fa88-22af-4eb1-ab78-943a211e10a8,hate_or_noHate_zs_noopt_contains,train,"Dalam konteks ini, apakah teks yang mengandung kata-kata seperti: Huuu sylvi tak tahu apa-apa asal ngoceh #NobarAhokDjarot #DebatFinalPilkadaJKT, termasuk dalam kategori hatespeech?",iya
516,id_hatespeech,id_hatespeech_nusantara_text,1cb4fa88-22af-4eb1-ab78-943a211e10a8,hate_or_noHate_zs_noopt_contains,train,"Dalam konteks ini, apakah teks yang mengandung kata-kata seperti: Sylvi keliatan bloonnya #DebatFinalPilkadaJKT, termasuk dalam kategori hatespeech?",iya
517,id_hatespeech,id_hatespeech_nusantara_text,1cb4fa88-22af-4eb1-ab78-943a211e10a8,hate_or_noHate_zs_noopt_contains,train,"Dalam konteks ini, apakah teks yang mengandung kata-kata seperti: RT @WanitaRevolusi: Ahoax penista agama kembali mengolok olok surat AL-MAIDAH 51. Cc @Dahnilanzar, termasuk dalam kategori hatespeech?",iya
518,id_hatespeech,id_hatespeech_nusantara_text,1cb4fa88-22af-4eb1-ab78-943a211e10a8,hate_or_noHate_zs_noopt_contains,train,"Dalam konteks ini, apakah teks yang mengandung kata-kata seperti: #JakartaBanjir Pemimpinnya gak punya akhlak yg baik... PENISTA AGAMA., termasuk dalam kategori hatespeech?",iya
519,id_hatespeech,id_hatespeech_nusantara_text,1cb4fa88-22af-4eb1-ab78-943a211e10a8,hate_or_noHate_zs_noopt_contains,train,"Dalam konteks ini, apakah teks yang mengandung kata-kata seperti: #DebatFinalPilkadaJKT mati kau hok, termasuk dalam kategori hatespeech?",iya
520,id_hatespeech,id_hatespeech_nusantara_text,1cb4fa88-22af-4eb1-ab78-943a211e10a8,hate_or_noHate_zs_noopt_contains,train,"Dalam konteks ini, apakah teks yang mengandung kata-kata seperti: Yg ga punya program bisanya cuma fitnah. Ciri Orang yg demen ngambil kjp kontan #DebatFinalPilkadaJKT, termasuk dalam kategori hatespeech?",iya
521,id_hatespeech,id_hatespeech_nusantara_text,1cb4fa88-22af-4eb1-ab78-943a211e10a8,hate_or_noHate_zs_noopt_contains,train,"Dalam konteks ini, apakah teks yang mengandung kata-kata seperti: Mpok silvi nyinyir melulu pertanyaan nya tapi sayang sesat! Maklum sih dese emakemak! #DebatFinalDKI #DebatFinalPilkadaJKT, termasuk dalam kategori hatespeech?",iya
522,id_hatespeech,id_hatespeech_nusantara_text,1cb4fa88-22af-4eb1-ab78-943a211e10a8,hate_or_noHate_zs_noopt_contains,train,"Dalam konteks ini, apakah teks yang mengandung kata-kata seperti: RT @bajigurceleng: @jpnncom hahaha jelas2 buat pilkada dasar polisi made in cina pelindung penista agama, termasuk dalam kategori hatespeech?",iya
523,id_hatespeech,id_hatespeech_nusantara_text,1cb4fa88-22af-4eb1-ab78-943a211e10a8,hate_or_noHate_zs_noopt_contains,train,"Dalam konteks ini, apakah teks yang mengandung kata-kata seperti: Kurangnya pemberdayaan wanita DKI Jakarta bisa dilihat dari telaknya perbedaan warna muka dan warna tangan mpok sylvi #DebatFinalPilkadaJKT, termasuk dalam kategori hatespeech?",iya
524,id_hatespeech,id_hatespeech_nusantara_text,1cb4fa88-22af-4eb1-ab78-943a211e10a8,hate_or_noHate_zs_noopt_contains,train,"Dalam konteks ini, apakah teks yang mengandung kata-kata seperti: Agus silvy Tukang Fitnah #DebatFinalPilkadaJKT, termasuk dalam kategori hatespeech?",iya
525,id_hatespeech,id_hatespeech_nusantara_text,1cb4fa88-22af-4eb1-ab78-943a211e10a8,hate_or_noHate_zs_noopt_contains,train,"Dalam konteks ini, apakah teks yang mengandung kata-kata seperti: #DebatFinalPilkadaJKT yaudah gus sini kalo ga sakit secara fisik daripada verbal gw gebukin lo rame2, termasuk dalam kategori hatespeech?",iya
526,id_hatespeech,id_hatespeech_nusantara_text,1cb4fa88-22af-4eb1-ab78-943a211e10a8,hate_or_noHate_zs_noopt_contains,train,"Dalam konteks ini, apakah teks yang mengandung kata-kata seperti: Keluarga kita gak ada yg maling coyy gak perlu trauma kaleeeee emang kluarga ente?, termasuk dalam kategori hatespeech?",iya
527,id_hatespeech,id_hatespeech_nusantara_text,1cb4fa88-22af-4eb1-ab78-943a211e10a8,hate_or_noHate_zs_noopt_contains,train,"Dalam konteks ini, apakah teks yang mengandung kata-kata seperti: JG KAITKAN JOKOWI DENGAN AHOK KATA JOHAN BUDI. KATA KAMI. SEBAB JOKOWI ANJING. SEDANGKAN AHOK BABI. YA JELAS BERBEDA. WALAUPUN OTAKNYA SAMA, termasuk dalam kategori hatespeech?",iya
528,id_hatespeech,id_hatespeech_nusantara_text,1cb4fa88-22af-4eb1-ab78-943a211e10a8,hate_or_noHate_zs_noopt_contains,train,"Dalam konteks ini, apakah teks yang mengandung kata-kata seperti: Bajingan lu silvy #DebatFinalPilkadaJKT, termasuk dalam kategori hatespeech?",iya
529,id_hatespeech,id_hatespeech_nusantara_text,1cb4fa88-22af-4eb1-ab78-943a211e10a8,hate_or_noHate_zs_noopt_contains,train,"Dalam konteks ini, apakah teks yang mengandung kata-kata seperti: Hasil Akhir, Menyatakan @jokowi Melindungi Ahok TERDAKWA PENISTA AGAMA !!!, termasuk dalam kategori hatespeech?",iya
530,id_hatespeech,id_hatespeech_nusantara_text,1cb4fa88-22af-4eb1-ab78-943a211e10a8,hate_or_noHate_zs_noopt_contains,train,"Dalam konteks ini, apakah teks yang mengandung kata-kata seperti: RT @SiBonekaKayu: Selepas banjir Jakarta 212 Pendukung Ahok mengganti narasi doa. Semua demi keuntungan Sang Penista Agama, termasuk dalam kategori hatespeech?",iya
531,id_hatespeech,id_hatespeech_nusantara_text,1cb4fa88-22af-4eb1-ab78-943a211e10a8,hate_or_noHate_zs_noopt_contains,train,"Dalam konteks ini, apakah teks yang mengandung kata-kata seperti: Tionghoa katanya kaya? Kok pada putus sekolah? Kebanyakan dugem?, termasuk dalam kategori hatespeech?",iya
532,id_hatespeech,id_hatespeech_nusantara_text,1cb4fa88-22af-4eb1-ab78-943a211e10a8,hate_or_noHate_zs_noopt_contains,train,"Dalam konteks ini, apakah teks yang mengandung kata-kata seperti: Gusur Ahok demi Indonesia. Teladan buruk pembangkangan hukum dan anti kemanusiaan di Jakarta jgn tertular ke daerah. #CoblosPecinya, termasuk dalam kategori hatespeech?",iya
533,id_hatespeech,id_hatespeech_nusantara_text,1cb4fa88-22af-4eb1-ab78-943a211e10a8,hate_or_noHate_zs_noopt_contains,train,"Dalam konteks ini, apakah teks yang mengandung kata-kata seperti: BUAT AHOKER YANG TAKUT MATINYA GG DISHOLATIN , TENANG ADA ABU JANDA UST GADUNGAN YG SIAP SHOLATIN AHOKER & JOKOWER, termasuk dalam kategori hatespeech?",iya
534,id_hatespeech,id_hatespeech_nusantara_text,1cb4fa88-22af-4eb1-ab78-943a211e10a8,hate_or_noHate_zs_noopt_contains,train,"Dalam konteks ini, apakah teks yang mengandung kata-kata seperti: Mampuuss ! Di tembak dalem banget silvyy .. lo urusin tuh dapurr ! Gak punya program demennya nyerang terus !!! #gue2 #DebatFinalPilkadaJKT, termasuk dalam kategori hatespeech?",iya
535,id_hatespeech,id_hatespeech_nusantara_text,1cb4fa88-22af-4eb1-ab78-943a211e10a8,hate_or_noHate_zs_noopt_contains,train,"Dalam konteks ini, apakah teks yang mengandung kata-kata seperti: Anjir baru kali ini lihat orang bego mau debat pilkada. Kerjanya nyerang karakter. Shame on you mpok silvy and agus. #DebatFinalPilkadaJKT, termasuk dalam kategori hatespeech?",iya
536,id_hatespeech,id_hatespeech_nusantara_text,1cb4fa88-22af-4eb1-ab78-943a211e10a8,hate_or_noHate_zs_noopt_contains,train,"Dalam konteks ini, apakah teks yang mengandung kata-kata seperti: Uang Taipan tuh. Nanti dibayar dengan ratusan penggusuran biadab oleh Ahok., termasuk dalam kategori hatespeech?",iya
537,id_hatespeech,id_hatespeech_nusantara_text,1cb4fa88-22af-4eb1-ab78-943a211e10a8,hate_or_noHate_zs_noopt_contains,train,"Dalam konteks ini, apakah teks yang mengandung kata-kata seperti: CINA ASU https:\/\/t.co\/zM1BsjAIHA, termasuk dalam kategori hatespeech?",iya
538,id_hatespeech,id_hatespeech_nusantara_text,1cb4fa88-22af-4eb1-ab78-943a211e10a8,hate_or_noHate_zs_noopt_contains,train,"Dalam konteks ini, apakah teks yang mengandung kata-kata seperti: Ketika ngomong, Sylvi keliatan oke. Tapi begitu didebat Ahok, Sylvi langsung kekuatan goblok., termasuk dalam kategori hatespeech?",iya
539,id_hatespeech,id_hatespeech_nusantara_text,1cb4fa88-22af-4eb1-ab78-943a211e10a8,hate_or_noHate_zs_noopt_contains,train,"Dalam konteks ini, apakah teks yang mengandung kata-kata seperti: Jangankan Banjir, Tuhan aja Dilawan Sama Ahok #JakartaBanjir Tapi Jakarta hari Ini Bukan Banjir, Hanya GENANGAN., termasuk dalam kategori hatespeech?",iya
540,id_hatespeech,id_hatespeech_nusantara_text,1cb4fa88-22af-4eb1-ab78-943a211e10a8,hate_or_noHate_zs_noopt_contains,train,"Dalam konteks ini, apakah teks yang mengandung kata-kata seperti: ADA PEMIMPIM PRIBUMI knp pilih PEMIMPIN IMPOR yg g BERADAB tukang BERBOHONG yuk PRIBUMIKAN DKI milik BANGSA IND @Gemacan70 @TerorisSocmed, termasuk dalam kategori hatespeech?",iya
541,id_hatespeech,id_hatespeech_nusantara_text,1cb4fa88-22af-4eb1-ab78-943a211e10a8,hate_or_noHate_zs_noopt_contains,train,"Dalam konteks ini, apakah teks yang mengandung kata-kata seperti: Karna dia ga punya program hanya modal bacot doang, termasuk dalam kategori hatespeech?",iya
542,id_hatespeech,id_hatespeech_nusantara_text,1cb4fa88-22af-4eb1-ab78-943a211e10a8,hate_or_noHate_zs_noopt_contains,train,"Dalam konteks ini, apakah teks yang mengandung kata-kata seperti: Pendukung berarti dia bagian dr penista agama tersebut!!! Dukung gerakan ini 100%, termasuk dalam kategori hatespeech?",iya
543,id_hatespeech,id_hatespeech_nusantara_text,1cb4fa88-22af-4eb1-ab78-943a211e10a8,hate_or_noHate_zs_noopt_contains,train,"Dalam konteks ini, apakah teks yang mengandung kata-kata seperti: Narkoba yg paling berbahaya adalah ILUSI KESUCIAN AHOK SANG PENISTA., termasuk dalam kategori hatespeech?",iya
544,id_hatespeech,id_hatespeech_nusantara_text,1cb4fa88-22af-4eb1-ab78-943a211e10a8,hate_or_noHate_zs_noopt_contains,train,"Dalam konteks ini, apakah teks yang mengandung kata-kata seperti: @tribunnews emang ahok siapa?? Orang penting?? Dia hanya penista agama!!, termasuk dalam kategori hatespeech?",iya
545,id_hatespeech,id_hatespeech_nusantara_text,1cb4fa88-22af-4eb1-ab78-943a211e10a8,hate_or_noHate_zs_noopt_contains,train,"Dalam konteks ini, apakah teks yang mengandung kata-kata seperti: cina mah duitnya dari hasil maling di Indonesia di balikin lgi berkedok invest plus bawa gembel2 & napi dari Cina negeri nenek moyang ahok, termasuk dalam kategori hatespeech?",iya
546,id_hatespeech,id_hatespeech_nusantara_text,1cb4fa88-22af-4eb1-ab78-943a211e10a8,hate_or_noHate_zs_noopt_contains,train,"Dalam konteks ini, apakah teks yang mengandung kata-kata seperti: Tangkap Ahok @basuki_btp skrng juga, koruptor reklamasi Jakarta dan penista Agama Islam., termasuk dalam kategori hatespeech?",iya
547,id_hatespeech,id_hatespeech_nusantara_text,1cb4fa88-22af-4eb1-ab78-943a211e10a8,hate_or_noHate_zs_noopt_contains,train,"Dalam konteks ini, apakah teks yang mengandung kata-kata seperti: keliatan banget bego nya mpok silvy and agus. #DebatFinalPilkadaJKT, termasuk dalam kategori hatespeech?",iya
548,id_hatespeech,id_hatespeech_nusantara_text,1cb4fa88-22af-4eb1-ab78-943a211e10a8,hate_or_noHate_zs_noopt_contains,train,"Dalam konteks ini, apakah teks yang mengandung kata-kata seperti: Yg Ahokers, Klo gak seneng ama cuitan gw silahkan unfollow krn gw Anti AHOK (Si Penista Agama Islam), termasuk dalam kategori hatespeech?",iya
549,id_hatespeech,id_hatespeech_nusantara_text,1cb4fa88-22af-4eb1-ab78-943a211e10a8,hate_or_noHate_zs_noopt_contains,train,"Dalam konteks ini, apakah teks yang mengandung kata-kata seperti: AGAMA DI NISTAKAN! ULAMA DI LECEHKAN!! Ini Alasannya #HaramPemimpinKafir, termasuk dalam kategori hatespeech?",iya
550,id_hatespeech,id_hatespeech_nusantara_text,1cb4fa88-22af-4eb1-ab78-943a211e10a8,hate_or_noHate_zs_noopt_contains,train,"Dalam konteks ini, apakah teks yang mengandung kata-kata seperti: RT @FredyBastian3: Cara serang Ahok : Kafir galak, termasuk dalam kategori hatespeech?",iya
551,id_hatespeech,id_hatespeech_nusantara_text,1cb4fa88-22af-4eb1-ab78-943a211e10a8,hate_or_noHate_zs_noopt_contains,train,"Dalam konteks ini, apakah teks yang mengandung kata-kata seperti: @umnia77 @ruhutsitompul @sahal_as anjing2 ahok.kaum babi lo bnyk bacot.mnding duel sma gw., termasuk dalam kategori hatespeech?",iya
552,id_hatespeech,id_hatespeech_nusantara_text,1cb4fa88-22af-4eb1-ab78-943a211e10a8,hate_or_noHate_zs_noopt_contains,train,"Dalam konteks ini, apakah teks yang mengandung kata-kata seperti: Ahok memang verbalnya keras. Pelampiasan dan pelarian karena kelelakiannya lunak., termasuk dalam kategori hatespeech?",iya
553,id_hatespeech,id_hatespeech_nusantara_text,1cb4fa88-22af-4eb1-ab78-943a211e10a8,hate_or_noHate_zs_noopt_contains,train,"Dalam konteks ini, apakah teks yang mengandung kata-kata seperti: yg maling itu kan china2 babi BLBI , korupsi nya triliunan , termasuk si AHok korupsi 2 triliun.., termasuk dalam kategori hatespeech?",iya
554,id_hatespeech,id_hatespeech_nusantara_text,1cb4fa88-22af-4eb1-ab78-943a211e10a8,hate_or_noHate_zs_noopt_contains,train,"Dalam konteks ini, apakah teks yang mengandung kata-kata seperti: Mimpi djan farid jakarta lebih islami dari aceh jika ahok terpilih itu ibarat babi merindukan halal, termasuk dalam kategori hatespeech?",iya
555,id_hatespeech,id_hatespeech_nusantara_text,1cb4fa88-22af-4eb1-ab78-943a211e10a8,hate_or_noHate_zs_noopt_contains,train,"Dalam konteks ini, apakah teks yang mengandung kata-kata seperti: @KompasTV @ridwankamil ridwal kamil memang hebat dan top nggak kaya ahok tukang penista agama dan koruptor, termasuk dalam kategori hatespeech?",iya
556,id_hatespeech,id_hatespeech_nusantara_text,1cb4fa88-22af-4eb1-ab78-943a211e10a8,hate_or_noHate_zs_noopt_contains,train,"Dalam konteks ini, apakah teks yang mengandung kata-kata seperti: @TPK_RI ITULAH si ahok kutil babi, termasuk dalam kategori hatespeech?",iya
557,id_hatespeech,id_hatespeech_nusantara_text,1cb4fa88-22af-4eb1-ab78-943a211e10a8,hate_or_noHate_zs_noopt_contains,train,"Dalam konteks ini, apakah teks yang mengandung kata-kata seperti: Dasar si Kutil babi ahok memang Tukang Bohong. selain Bohong ahok jg biasa Menyalahkan yg lain menutupi Kegagalan nya . contoh soal banjir, termasuk dalam kategori hatespeech?",iya
558,id_hatespeech,id_hatespeech_nusantara_text,1cb4fa88-22af-4eb1-ab78-943a211e10a8,hate_or_noHate_zs_noopt_contains,train,"Dalam konteks ini, apakah teks yang mengandung kata-kata seperti: @PonkEcha @Fahrihamzah Si Terdakwa Penista Agama Alias Si Ahok Babi Jamban tuh yang Morfotin Uang Rakyat Jakarta, termasuk dalam kategori hatespeech?",iya
559,id_hatespeech,id_hatespeech_nusantara_text,1cb4fa88-22af-4eb1-ab78-943a211e10a8,hate_or_noHate_zs_noopt_contains,train,"Dalam konteks ini, apakah teks yang mengandung kata-kata seperti: Om...Ahoknya...Mana Om,Katanya Si BABi Ahok Bisa Ngatasi Banjir...Om...BABi Jgn Membual Om...?!!?, termasuk dalam kategori hatespeech?",iya
560,id_hatespeech,id_hatespeech_nusantara_text,1cb4fa88-22af-4eb1-ab78-943a211e10a8,hate_or_noHate_zs_noopt_contains,train,"Dalam konteks ini, apakah teks yang mengandung kata-kata seperti: kenapa anak babi jalan nya nunduk???karena malu liat ulah bapak nya yang ngebelain ahok.., termasuk dalam kategori hatespeech?",iya
561,id_hatespeech,id_hatespeech_nusantara_text,1cb4fa88-22af-4eb1-ab78-943a211e10a8,hate_or_noHate_zs_noopt_contains,train,"Dalam konteks ini, apakah teks yang mengandung kata-kata seperti: Perilaku Si BABI @jokoanwar ini memang benci dgn hal berbau Islam. Cocok dgn Ahok. @SiBonekaKayu, termasuk dalam kategori hatespeech?",iya
562,id_hatespeech,id_hatespeech_nusantara_text,1cb4fa88-22af-4eb1-ab78-943a211e10a8,hate_or_noHate_zs_noopt_contains,train,"Dalam konteks ini, apakah teks yang mengandung kata-kata seperti: @budimandjatmiko ahok si kutil babi kembali ke rumah lembang kenapa jakarta jadi banjir bud?, termasuk dalam kategori hatespeech?",iya
563,id_hatespeech,id_hatespeech_nusantara_text,1cb4fa88-22af-4eb1-ab78-943a211e10a8,hate_or_noHate_zs_noopt_contains,train,"Dalam konteks ini, apakah teks yang mengandung kata-kata seperti: #jujur orang cerdas dan pintar pilih orang imam dan mampu memimpin ..bisa sholat...bisa ngaji..santun, sopan..tidak seperti babi kafir ahok, termasuk dalam kategori hatespeech?",iya
564,id_hatespeech,id_hatespeech_nusantara_text,1cb4fa88-22af-4eb1-ab78-943a211e10a8,hate_or_noHate_zs_noopt_contains,train,"Dalam konteks ini, apakah teks yang mengandung kata-kata seperti: Teman Ahok emank TAI. apalagi pemimpinnya kek BABI! @temanahok, termasuk dalam kategori hatespeech?",iya
565,id_hatespeech,id_hatespeech_nusantara_text,1cb4fa88-22af-4eb1-ab78-943a211e10a8,hate_or_noHate_zs_noopt_contains,train,"Dalam konteks ini, apakah teks yang mengandung kata-kata seperti: Mana para babi ahok yg ngejek onta, biar di injek2 ama onta, termasuk dalam kategori hatespeech?",iya
566,id_hatespeech,id_hatespeech_nusantara_text,1cb4fa88-22af-4eb1-ab78-943a211e10a8,hate_or_noHate_zs_noopt_contains,train,"Dalam konteks ini, apakah teks yang mengandung kata-kata seperti: @gotcancer2 bukannya stigma babi itu milik tuhan elu si ahok kafir, termasuk dalam kategori hatespeech?",iya
567,id_hatespeech,id_hatespeech_nusantara_text,1cb4fa88-22af-4eb1-ab78-943a211e10a8,hate_or_noHate_zs_noopt_contains,train,"Dalam konteks ini, apakah teks yang mengandung kata-kata seperti: Kampungan ya pendukung AHY https:\/\/t.co\/GmezpOYLsY, termasuk dalam kategori hatespeech?",iya
568,id_hatespeech,id_hatespeech_nusantara_text,1cb4fa88-22af-4eb1-ab78-943a211e10a8,hate_or_noHate_zs_noopt_contains,train,"Dalam konteks ini, apakah teks yang mengandung kata-kata seperti: @Ananda_harahaP udah lu jgn panik gitu. ahok si kutil babi bakal tumbang kok di putaran kedua. teruskan cuapcuap mu di sosmed, gak ngaruh., termasuk dalam kategori hatespeech?",iya
569,id_hatespeech,id_hatespeech_nusantara_text,1cb4fa88-22af-4eb1-ab78-943a211e10a8,hate_or_noHate_zs_noopt_contains,train,"Dalam konteks ini, apakah teks yang mengandung kata-kata seperti: ahok tidak layak seperti manusia, dia lebih tepat seperti babi yg tidak punya akal pikiran dan jiwa manusiawi, termasuk dalam kategori hatespeech?",iya
570,id_hatespeech,id_hatespeech_nusantara_text,1cb4fa88-22af-4eb1-ab78-943a211e10a8,hate_or_noHate_zs_noopt_contains,train,"Dalam konteks ini, apakah teks yang mengandung kata-kata seperti: @haloJakarta Ahok (BTP) Basuki Tai Babi, termasuk dalam kategori hatespeech?",iya
571,id_hatespeech,id_hatespeech_nusantara_text,1cb4fa88-22af-4eb1-ab78-943a211e10a8,hate_or_noHate_zs_noopt_contains,train,"Dalam konteks ini, apakah teks yang mengandung kata-kata seperti: RT @diyahaudya: @yusuf_dumdum Yg ada, cacimaki penista agama tapi ternyata ketauan poligami ngumpet2. Apa mau digituin? Saya sih ogah., termasuk dalam kategori hatespeech?",iya
572,id_hatespeech,id_hatespeech_nusantara_text,1cb4fa88-22af-4eb1-ab78-943a211e10a8,hate_or_noHate_zs_noopt_contains,train,"Dalam konteks ini, apakah teks yang mengandung kata-kata seperti: @adichandramang2 @CummaRachel @korban_gusur iya , trump memang penista agama atau anti islam emang hubungannya dgn anis apa?, termasuk dalam kategori hatespeech?",iya
573,id_hatespeech,id_hatespeech_nusantara_text,1cb4fa88-22af-4eb1-ab78-943a211e10a8,hate_or_noHate_zs_noopt_contains,train,"Dalam konteks ini, apakah teks yang mengandung kata-kata seperti: @adichandramang2\nAda aseng KOPLO pembela si PENISTA AGAMA yg durjana nyuruh org lain ngaji!, termasuk dalam kategori hatespeech?",iya
574,id_hatespeech,id_hatespeech_nusantara_text,1cb4fa88-22af-4eb1-ab78-943a211e10a8,hate_or_noHate_zs_noopt_contains,train,"Dalam konteks ini, apakah teks yang mengandung kata-kata seperti: @bayprio Itulah kebodohan para penista agama, sudah saatnya pilih pemimpin yg mengerjakan shalat 5 waktu, termasuk dalam kategori hatespeech?",iya
575,id_hatespeech,id_hatespeech_nusantara_text,1cb4fa88-22af-4eb1-ab78-943a211e10a8,hate_or_noHate_zs_noopt_contains,train,"Dalam konteks ini, apakah teks yang mengandung kata-kata seperti: @iwanfals pilih Anis sandi doong..jgn pilih si penista agama pemecah NKRI, termasuk dalam kategori hatespeech?",iya
576,id_hatespeech,id_hatespeech_nusantara_text,1cb4fa88-22af-4eb1-ab78-943a211e10a8,hate_or_noHate_zs_noopt_contains,train,"Dalam konteks ini, apakah teks yang mengandung kata-kata seperti: @posmetroinfo Emang terdakwa penista agama, salahnya dimana coba, kl yg biasa bikin hoax metrotipu aman2 aja tuh dewan peres, termasuk dalam kategori hatespeech?",iya
577,id_hatespeech,id_hatespeech_nusantara_text,1cb4fa88-22af-4eb1-ab78-943a211e10a8,hate_or_noHate_zs_noopt_contains,train,"Dalam konteks ini, apakah teks yang mengandung kata-kata seperti: @RamadanMalka Pamor RK jadi seakan tak ada artinya jika parpol pengusungnya pendukung penista agama..., termasuk dalam kategori hatespeech?",iya
578,id_hatespeech,id_hatespeech_nusantara_text,1cb4fa88-22af-4eb1-ab78-943a211e10a8,hate_or_noHate_zs_noopt_contains,train,"Dalam konteks ini, apakah teks yang mengandung kata-kata seperti: @RestySeterah si ahok pantasnya dinobatkan sbgai Babi ngepret, termasuk dalam kategori hatespeech?",iya
579,id_hatespeech,id_hatespeech_nusantara_text,1cb4fa88-22af-4eb1-ab78-943a211e10a8,hate_or_noHate_zs_noopt_contains,train,"Dalam konteks ini, apakah teks yang mengandung kata-kata seperti: @roninpribumi @dewanpers yg salah itu mereka menulis TERDAKWA PENISTA AGAMA,coba klo ditulis BAGINDA YANG MULIA pasti ga masalah..cuih.., termasuk dalam kategori hatespeech?",iya
580,id_hatespeech,id_hatespeech_nusantara_text,1cb4fa88-22af-4eb1-ab78-943a211e10a8,hate_or_noHate_zs_noopt_contains,train,"Dalam konteks ini, apakah teks yang mengandung kata-kata seperti: Faktanya Cina2 parasit tuh ngotot belain si penista Agama @PradanaBhakti @IrianaPasirua @PutraSumedang18 @khoirulilham12 @ronavioleta, termasuk dalam kategori hatespeech?",iya
581,id_hatespeech,id_hatespeech_nusantara_text,1cb4fa88-22af-4eb1-ab78-943a211e10a8,hate_or_noHate_zs_noopt_contains,train,"Dalam konteks ini, apakah teks yang mengandung kata-kata seperti: jokowi ratu adil apaan..??? dia ga ada keturunan darah biruadanya DARAH KOTOR cina babi..!!! https://t.co/JtwFRRdLF4, termasuk dalam kategori hatespeech?",iya
582,id_hatespeech,id_hatespeech_nusantara_text,1cb4fa88-22af-4eb1-ab78-943a211e10a8,hate_or_noHate_zs_noopt_contains,train,"Dalam konteks ini, apakah teks yang mengandung kata-kata seperti: RT @RestySeterah: Keren nih apps kawal TPS .. Yuk gabung buat pastikan cagub terdakwa penista Agama lebih cepat diantar kehabitatnya, termasuk dalam kategori hatespeech?",iya
583,id_hatespeech,id_hatespeech_nusantara_text,1cb4fa88-22af-4eb1-ab78-943a211e10a8,hate_or_noHate_zs_noopt_contains,train,"Dalam konteks ini, apakah teks yang mengandung kata-kata seperti: Kalau lo gak tau apa-apa ya jangan berkoar sembarangan dong, keliatan banget kalau lo itu beneran bego :)) #FuckYou, termasuk dalam kategori hatespeech?",iya
584,id_hatespeech,id_hatespeech_nusantara_text,1cb4fa88-22af-4eb1-ab78-943a211e10a8,hate_or_noHate_zs_noopt_contains,train,"Dalam konteks ini, apakah teks yang mengandung kata-kata seperti: @AHMADDHANIPRAST ahmad dhani yang terhormat paling babi paling anjing aing kontol paling lonte tungu saat nya karier mu akan habis!!!!, termasuk dalam kategori hatespeech?",iya
585,id_hatespeech,id_hatespeech_nusantara_text,1cb4fa88-22af-4eb1-ab78-943a211e10a8,hate_or_noHate_zs_noopt_contains,train,"Dalam konteks ini, apakah teks yang mengandung kata-kata seperti: Kang @ridwankamil ,fakta hari ini,partai pendukung si penista agama sangat dibenci rakyat,termasuk rakyat Jabar. https://t.co/b2WetyvrbZ, termasuk dalam kategori hatespeech?",iya
586,id_hatespeech,id_hatespeech_nusantara_text,1cb4fa88-22af-4eb1-ab78-943a211e10a8,hate_or_noHate_zs_noopt_contains,train,"Dalam konteks ini, apakah teks yang mengandung kata-kata seperti: plis jangan sok kecantikan selalu pacarin artis2 yang lagi meletek, jijik gw liatnya, termasuk dalam kategori hatespeech?",iya
587,id_hatespeech,id_hatespeech_nusantara_text,1cb4fa88-22af-4eb1-ab78-943a211e10a8,hate_or_noHate_zs_noopt_contains,train,"Dalam konteks ini, apakah teks yang mengandung kata-kata seperti: paling mau muntah liat lagak nya @AHMADDHANIPRAST, jadi orang sok iye banget hoek, termasuk dalam kategori hatespeech?",iya
588,id_hatespeech,id_hatespeech_nusantara_text,1cb4fa88-22af-4eb1-ab78-943a211e10a8,hate_or_noHate_zs_noopt_contains,train,"Dalam konteks ini, apakah teks yang mengandung kata-kata seperti: @Metro_TV kalau boleh saya ngomong ingin saya katakan ahmad dhani monyet babi anjing. tapi itu tidak boleh, termasuk dalam kategori hatespeech?",iya
589,id_hatespeech,id_hatespeech_nusantara_text,1cb4fa88-22af-4eb1-ab78-943a211e10a8,hate_or_noHate_zs_noopt_contains,train,"Dalam konteks ini, apakah teks yang mengandung kata-kata seperti: perempuan kaya lo mending mati aja deh, jelek aja, gausa sok jadi make up artist!, termasuk dalam kategori hatespeech?",iya
590,id_hatespeech,id_hatespeech_nusantara_text,1cb4fa88-22af-4eb1-ab78-943a211e10a8,hate_or_noHate_zs_noopt_contains,train,"Dalam konteks ini, apakah teks yang mengandung kata-kata seperti: ahmad dhani itu borok, sampah, babi, anjing. Saya adalah orang pertama yg sangat muak liat muka dhani dan saya berbangga., termasuk dalam kategori hatespeech?",iya
591,id_hatespeech,id_hatespeech_nusantara_text,1cb4fa88-22af-4eb1-ab78-943a211e10a8,hate_or_noHate_zs_noopt_contains,train,"Dalam konteks ini, apakah teks yang mengandung kata-kata seperti: Lah emang sdh jelas2 si ahok terdakwa penista agama. Malu woy! https://t.co/2K0HlMpR9t, termasuk dalam kategori hatespeech?",iya
592,id_hatespeech,id_hatespeech_nusantara_text,1cb4fa88-22af-4eb1-ab78-943a211e10a8,hate_or_noHate_zs_noopt_contains,train,"Dalam konteks ini, apakah teks yang mengandung kata-kata seperti: Keputusan ERKA hari ini harus kita HORMATI, begitupun sebaliknya KAMI tidak akan memilih partai pendukung PENISTA AGAMA., termasuk dalam kategori hatespeech?",iya
593,id_hatespeech,id_hatespeech_nusantara_text,1cb4fa88-22af-4eb1-ab78-943a211e10a8,hate_or_noHate_zs_noopt_contains,train,"Dalam konteks ini, apakah teks yang mengandung kata-kata seperti: Lupakan @ridwankamil biarkan karam dg kapal munafiknya. kita bangun jabar dg kapal yg bersih. Delete partai pendukung penista agama dari hati, termasuk dalam kategori hatespeech?",iya
594,id_hatespeech,id_hatespeech_nusantara_text,1cb4fa88-22af-4eb1-ab78-943a211e10a8,hate_or_noHate_zs_noopt_contains,train,"Dalam konteks ini, apakah teks yang mengandung kata-kata seperti: Masalah dunia dan masalah nafsu ya kang @ridwankamil . Kata2 kok bersayap kayak burung hantu. https://t.co/mwClbkU4sT, termasuk dalam kategori hatespeech?",iya
595,id_hatespeech,id_hatespeech_nusantara_text,1cb4fa88-22af-4eb1-ab78-943a211e10a8,hate_or_noHate_zs_noopt_contains,train,"Dalam konteks ini, apakah teks yang mengandung kata-kata seperti: Penista Agama menjadi Santri Kehormatan.Yang kasih ini ke ahok otaknya perlu direparasi.Demi Pulkada nama Santri yg baik kailan jual belikan, termasuk dalam kategori hatespeech?",iya
596,id_hatespeech,id_hatespeech_nusantara_text,1cb4fa88-22af-4eb1-ab78-943a211e10a8,hate_or_noHate_zs_noopt_contains,train,"Dalam konteks ini, apakah teks yang mengandung kata-kata seperti: Payah banget @ridwankamil maju Jabar1 pakai partai Nasdem pendukung penista agama, ente lagi butuh uang ya kang? Payah loe!!, termasuk dalam kategori hatespeech?",iya
597,id_hatespeech,id_hatespeech_nusantara_text,1cb4fa88-22af-4eb1-ab78-943a211e10a8,hate_or_noHate_zs_noopt_contains,train,"Dalam konteks ini, apakah teks yang mengandung kata-kata seperti: polisi yg jadi imam sholat ini adalah seorang penista agama, bodoh, BERISLAM cuma ikut2an. COPOT KAPOLRES JAKBAR !! https://t.co/s2h2Ybrthm, termasuk dalam kategori hatespeech?",iya
598,id_hatespeech,id_hatespeech_nusantara_text,1cb4fa88-22af-4eb1-ab78-943a211e10a8,hate_or_noHate_zs_noopt_contains,train,"Dalam konteks ini, apakah teks yang mengandung kata-kata seperti: RT @ferdyfrodoo: @bayprio Itulah kebodohan para penista agama, sudah saatnya pilih pemimpin yg mengerjakan shalat 5 waktu, termasuk dalam kategori hatespeech?",iya
599,id_hatespeech,id_hatespeech_nusantara_text,1cb4fa88-22af-4eb1-ab78-943a211e10a8,hate_or_noHate_zs_noopt_contains,train,"Dalam konteks ini, apakah teks yang mengandung kata-kata seperti: RT @Ra_Ria_Rana: GAK HABIS PIKIR???\n\nTINGGAL NUNGGU ADZAB ALLAH NIH NEGERI,,,, PEMIMPINNYA SDH DZALIM https://t.co/UmZK4bTyi4, termasuk dalam kategori hatespeech?",iya
600,id_hatespeech,id_hatespeech_nusantara_text,1cb4fa88-22af-4eb1-ab78-943a211e10a8,hate_or_noHate_zs_noopt_contains,train,"Dalam konteks ini, apakah teks yang mengandung kata-kata seperti: Sini lu, kami enggak mau kampung kami didatangi sama penista agama, https://t.co/1z3MtHs9ck, termasuk dalam kategori hatespeech?",iya
601,id_hatespeech,id_hatespeech_nusantara_text,1cb4fa88-22af-4eb1-ab78-943a211e10a8,hate_or_noHate_zs_noopt_contains,train,"Dalam konteks ini, apakah teks yang mengandung kata-kata seperti: SETUJU SAYA,KLAU AHOK DAPAT GELAR SANTRI KEHORMATAN.... TAPI SANTRI KEHORMATAN BABI.... https://t.co/uD16d7Gwhd, termasuk dalam kategori hatespeech?",iya
602,id_hatespeech,id_hatespeech_nusantara_text,1cb4fa88-22af-4eb1-ab78-943a211e10a8,hate_or_noHate_zs_noopt_contains,train,"Dalam konteks ini, apakah teks yang mengandung kata-kata seperti: Senang dong ada yg fans mati sampai lupa kalau dia bego banget https://t.co/ctJFC5a8Zz, termasuk dalam kategori hatespeech?",iya
603,id_hatespeech,id_hatespeech_nusantara_text,1cb4fa88-22af-4eb1-ab78-943a211e10a8,hate_or_noHate_zs_noopt_contains,train,"Dalam konteks ini, apakah teks yang mengandung kata-kata seperti: @AHMADDHANIPRAST LO TUH BABI ANJING. Mampus kalah jatuh miskin deh #bekasisah, termasuk dalam kategori hatespeech?",iya
604,id_hatespeech,id_hatespeech_nusantara_text,1cb4fa88-22af-4eb1-ab78-943a211e10a8,hate_or_noHate_zs_noopt_contains,train,"Dalam konteks ini, apakah teks yang mengandung kata-kata seperti: @bayprio : Si AHOAK @basuki_btp CINA ANJING KAFIR PENISTA AGAMA ISLAM....!!!, termasuk dalam kategori hatespeech?",iya
605,id_hatespeech,id_hatespeech_nusantara_text,1cb4fa88-22af-4eb1-ab78-943a211e10a8,hate_or_noHate_zs_noopt_contains,train,"Dalam konteks ini, apakah teks yang mengandung kata-kata seperti: @AHMADDHANIPRAST aku katakan anjing kpd ahmad dani, boleh....aku katakan babi kpd ahmad dhani, boleh..., termasuk dalam kategori hatespeech?",iya
606,id_hatespeech,id_hatespeech_nusantara_text,1cb4fa88-22af-4eb1-ab78-943a211e10a8,hate_or_noHate_zs_noopt_contains,train,"Dalam konteks ini, apakah teks yang mengandung kata-kata seperti: @Bisniscom haha memaki untuk melawan mah harus, drpd ditindas pemimpin munafik melindungi penista agama, dll. Agama no 1 (islam), taubat rot, termasuk dalam kategori hatespeech?",iya
607,id_hatespeech,id_hatespeech_nusantara_text,1cb4fa88-22af-4eb1-ab78-943a211e10a8,hate_or_noHate_zs_noopt_contains,train,"Dalam konteks ini, apakah teks yang mengandung kata-kata seperti: @Anakran63208433 @5ec4a1e80d3c48c @aniesbaswedan pikiran anak bani kampret g beda jauh sma penista agama. Penfitnah, Penipu Dan Garong.., termasuk dalam kategori hatespeech?",iya
608,id_hatespeech,id_hatespeech_nusantara_text,1cb4fa88-22af-4eb1-ab78-943a211e10a8,hate_or_noHate_zs_noopt_contains,train,"Dalam konteks ini, apakah teks yang mengandung kata-kata seperti: @Gemacan70 itu yg cewe pake kerudung ngapain ya? Setiap kali konfrensi pers ada aja.. Pencitraan Islami kaliiii... Bwahaha..!!, termasuk dalam kategori hatespeech?",iya
609,id_hatespeech,id_hatespeech_nusantara_text,1cb4fa88-22af-4eb1-ab78-943a211e10a8,hate_or_noHate_zs_noopt_contains,train,"Dalam konteks ini, apakah teks yang mengandung kata-kata seperti: @republikaonline spt ahok dulu .. nasdem disusul dg cs nya .. yg mendukung paslon penista agama dan tukang caci maki tai tai .., termasuk dalam kategori hatespeech?",iya
610,id_hatespeech,id_hatespeech_nusantara_text,1cb4fa88-22af-4eb1-ab78-943a211e10a8,hate_or_noHate_zs_noopt_contains,train,"Dalam konteks ini, apakah teks yang mengandung kata-kata seperti: @topan_julian1 kalo mecin jangan dijadiin cemilan mangkannya kang. Jadi begonya bego banget., termasuk dalam kategori hatespeech?",iya
611,id_hatespeech,id_hatespeech_nusantara_text,1cb4fa88-22af-4eb1-ab78-943a211e10a8,hate_or_noHate_zs_noopt_contains,train,"Dalam konteks ini, apakah teks yang mengandung kata-kata seperti: @ulinyusron cm didoain kalau saya mah ketemu si penista agama langsung saya ceburin laut yg direklamasi ijin sembunyi2 buat tumbal reklamasi, termasuk dalam kategori hatespeech?",iya
612,id_hatespeech,id_hatespeech_nusantara_text,1cb4fa88-22af-4eb1-ab78-943a211e10a8,hate_or_noHate_zs_noopt_contains,train,"Dalam konteks ini, apakah teks yang mengandung kata-kata seperti: @ymerdeka33 @ach_qodr @basuki_btp cabe2an bisa nya hanya bbm.n facrbook.n!! Masalah politik mana tau doi, tau nya berita2 sampah pencitraan, termasuk dalam kategori hatespeech?",iya
613,id_hatespeech,id_hatespeech_nusantara_text,1cb4fa88-22af-4eb1-ab78-943a211e10a8,hate_or_noHate_zs_noopt_contains,train,"Dalam konteks ini, apakah teks yang mengandung kata-kata seperti: INI MANUSIA APA ANJING MATI-MATIAN RELA JADI MURTADZ DEMI BABI AHOK KAFIR. https://t.co/2XXN5CFdVM, termasuk dalam kategori hatespeech?",iya
614,id_hatespeech,id_hatespeech_nusantara_text,1cb4fa88-22af-4eb1-ab78-943a211e10a8,hate_or_noHate_zs_noopt_contains,train,"Dalam konteks ini, apakah teks yang mengandung kata-kata seperti: ini semua berawal dari AHOK JAMBAN yg dibela aparat, para kristen serta china kafir yang lain semakin berani menghi https://t.co/qUutkrlsP3, termasuk dalam kategori hatespeech?",iya
615,id_hatespeech,id_hatespeech_nusantara_text,1cb4fa88-22af-4eb1-ab78-943a211e10a8,hate_or_noHate_zs_noopt_contains,train,"Dalam konteks ini, apakah teks yang mengandung kata-kata seperti: Kami lebih resah anda jd presiden!!!! hidup anda penuh drama dan pencitraan, main FTV aja joko judulnya https://t.co/T2BUgLTnUO, termasuk dalam kategori hatespeech?",iya
616,id_hatespeech,id_hatespeech_nusantara_text,1cb4fa88-22af-4eb1-ab78-943a211e10a8,hate_or_noHate_zs_noopt_contains,train,"Dalam konteks ini, apakah teks yang mengandung kata-kata seperti: Mana bisa percya lagi,sdgkan induknya penista smp skrg lum ditahan tp malah dibela. https://t.co/Oc1vGdX0Z4, termasuk dalam kategori hatespeech?",iya
617,id_hatespeech,id_hatespeech_nusantara_text,1cb4fa88-22af-4eb1-ab78-943a211e10a8,hate_or_noHate_zs_noopt_contains,train,"Dalam konteks ini, apakah teks yang mengandung kata-kata seperti: Mari seluruh Muslim CYBER Army mulai skrg ganti semua sebutan A....K menjadi Terdakwa Penista Agama !, termasuk dalam kategori hatespeech?",iya
618,id_hatespeech,id_hatespeech_nusantara_text,1cb4fa88-22af-4eb1-ab78-943a211e10a8,hate_or_noHate_zs_noopt_contains,train,"Dalam konteks ini, apakah teks yang mengandung kata-kata seperti: Orang Islam lebih suka si HOAX penista agama, menjaga lisan dan tindakan dari hal-hal yang merusak hubungan... https://t.co/FLhW31wXdU, termasuk dalam kategori hatespeech?",iya
619,id_hatespeech,id_hatespeech_nusantara_text,1cb4fa88-22af-4eb1-ab78-943a211e10a8,hate_or_noHate_zs_noopt_contains,train,"Dalam konteks ini, apakah teks yang mengandung kata-kata seperti: RT @izzah_pandeka: #Nomor2Koruptor negeri para korup diasuh cino babi https://t.co/wJXalyPxPn, termasuk dalam kategori hatespeech?",iya
620,id_hatespeech,id_hatespeech_nusantara_text,1cb4fa88-22af-4eb1-ab78-943a211e10a8,hate_or_noHate_zs_noopt_contains,train,"Dalam konteks ini, apakah teks yang mengandung kata-kata seperti: RT @Gemacan70: Hajar bleh hanya untuk bela #Nomor2Koruptor...cuihhhhhh https://t.co/o4nnZBkNYS, termasuk dalam kategori hatespeech?",iya
621,id_hatespeech,id_hatespeech_nusantara_text,1cb4fa88-22af-4eb1-ab78-943a211e10a8,hate_or_noHate_zs_noopt_contains,train,"Dalam konteks ini, apakah teks yang mengandung kata-kata seperti: RT @korban_gusur: @RakyatBiasa1945 Ada CEBONG GENDHENG NGAMUK2 belain si HOMO PENISTA AGAMA!! HAHAHA @OshMuslim @RebusKentang @m3g4, termasuk dalam kategori hatespeech?",iya
622,id_hatespeech,id_hatespeech_nusantara_text,1cb4fa88-22af-4eb1-ab78-943a211e10a8,hate_or_noHate_zs_noopt_contains,train,"Dalam konteks ini, apakah teks yang mengandung kata-kata seperti: RT @Ustadtengku1: @RizieqSyihabFPI tolol itu banyak yg bela penista agama walau sudah tersangka, termasuk dalam kategori hatespeech?",iya
623,id_hatespeech,id_hatespeech_nusantara_text,1cb4fa88-22af-4eb1-ab78-943a211e10a8,hate_or_noHate_zs_noopt_contains,train,"Dalam konteks ini, apakah teks yang mengandung kata-kata seperti: Orang punya saksi anjing dikasus babi.. Tolol https://t.co/ssePg5FCXm, termasuk dalam kategori hatespeech?",iya
624,id_hatespeech,id_hatespeech_nusantara_text,1cb4fa88-22af-4eb1-ab78-943a211e10a8,hate_or_noHate_zs_noopt_contains,train,"Dalam konteks ini, apakah teks yang mengandung kata-kata seperti: Si Ahok kampret emang gak becus kerja. Pencitraan mlulu tuh si Ahok kampret. https://t.co/yM5ViOFvpc, termasuk dalam kategori hatespeech?",iya
625,id_hatespeech,id_hatespeech_nusantara_text,1cb4fa88-22af-4eb1-ab78-943a211e10a8,hate_or_noHate_zs_noopt_contains,train,"Dalam konteks ini, apakah teks yang mengandung kata-kata seperti: Sini lu, kami enggak mau kampung kami didatangi sama penista agama, https://t.co/1z3MtHs9ck, termasuk dalam kategori hatespeech?",iya
626,id_hatespeech,id_hatespeech_nusantara_text,1cb4fa88-22af-4eb1-ab78-943a211e10a8,hate_or_noHate_zs_noopt_contains,train,"Dalam konteks ini, apakah teks yang mengandung kata-kata seperti: Tanda2 kiamat x yak, masih banyak aja orang muslim yg mengingkari Al-Quran dan pilih Penista Agama. #Nomor2Koruptor #Nomor2Koruptor, termasuk dalam kategori hatespeech?",iya
627,id_hatespeech,id_hatespeech_nusantara_text,1cb4fa88-22af-4eb1-ab78-943a211e10a8,hate_or_noHate_zs_noopt_contains,train,"Dalam konteks ini, apakah teks yang mengandung kata-kata seperti: #JanganMauDibohongiAhok sebab Ahok Sumber Kekacauan Politik, Ramaikan Aski 313 FIGHT!! https://t.co/WOBxlxvZnx, termasuk dalam kategori hatespeech?",iya
628,id_hatespeech,id_hatespeech_nusantara_text,1cb4fa88-22af-4eb1-ab78-943a211e10a8,hate_or_noHate_zs_noopt_contains,train,"Dalam konteks ini, apakah teks yang mengandung kata-kata seperti: #MataNajwaDebatJakarta Anies anda SADIS. Topengmu terbuka lebar malam ini. Biar warga DKI yg menilai...apa yg anda katakan adalah PENGECUT, termasuk dalam kategori hatespeech?",iya
629,id_hatespeech,id_hatespeech_nusantara_text,1cb4fa88-22af-4eb1-ab78-943a211e10a8,hate_or_noHate_zs_noopt_contains,train,"Dalam konteks ini, apakah teks yang mengandung kata-kata seperti: Anies congornya aja gede. Realisasinya gak ada. Janji terus dari awal bisanya paling korupsi. Balik jadi dosen aja bangsat., termasuk dalam kategori hatespeech?",iya
630,id_hatespeech,id_hatespeech_nusantara_text,1cb4fa88-22af-4eb1-ab78-943a211e10a8,hate_or_noHate_zs_noopt_contains,train,"Dalam konteks ini, apakah teks yang mengandung kata-kata seperti: #MataNajwaDebatJakarta Hebatnya, Ahok masih mau salaman loh sm Pak Anies yang Amat terhormat. Idih gw sih ogah., termasuk dalam kategori hatespeech?",iya
631,id_hatespeech,id_hatespeech_nusantara_text,1cb4fa88-22af-4eb1-ab78-943a211e10a8,hate_or_noHate_zs_noopt_contains,train,"Dalam konteks ini, apakah teks yang mengandung kata-kata seperti: #MataNajwaDebatJakarta kalau untuk urusan bacot memang anis nya juaranya..memang kita bakal makan bacot di jakarta..haha..paslon yg aneh gede bacot doang., termasuk dalam kategori hatespeech?",iya
632,id_hatespeech,id_hatespeech_nusantara_text,1cb4fa88-22af-4eb1-ab78-943a211e10a8,hate_or_noHate_zs_noopt_contains,train,"Dalam konteks ini, apakah teks yang mengandung kata-kata seperti: #MataNajwaDebatJakarta pak anies banyak omdo dulu waktu jd menteri terobosannya apa?? skrg ngomong ky sok Jago bgt, termasuk dalam kategori hatespeech?",iya
633,id_hatespeech,id_hatespeech_nusantara_text,1cb4fa88-22af-4eb1-ab78-943a211e10a8,hate_or_noHate_zs_noopt_contains,train,"Dalam konteks ini, apakah teks yang mengandung kata-kata seperti: #MataNajwaDebatJakarta si Cina Babi ahok bloon banget. Sok pinter banget lagi. Asal bukan Ahok, termasuk dalam kategori hatespeech?",iya
634,id_hatespeech,id_hatespeech_nusantara_text,1cb4fa88-22af-4eb1-ab78-943a211e10a8,hate_or_noHate_zs_noopt_contains,train,"Dalam konteks ini, apakah teks yang mengandung kata-kata seperti: #MataNajwaDebatJakarta lucu banget jawaban ahok.. gak nyambung. Ditanya apa di jawab apa. Kena skak mat d pertanyaan isu agama tdi. Dasar cina tolol hahaha, termasuk dalam kategori hatespeech?",iya
635,id_hatespeech,id_hatespeech_nusantara_text,1cb4fa88-22af-4eb1-ab78-943a211e10a8,hate_or_noHate_zs_noopt_contains,train,"Dalam konteks ini, apakah teks yang mengandung kata-kata seperti: #MataNajwaDebatJakarta topeng anda hari ini fix terbuka @aniesbaswedan .. anda sama dgn yg mendukung anda.. BAU BUSUK, termasuk dalam kategori hatespeech?",iya
636,id_hatespeech,id_hatespeech_nusantara_text,1cb4fa88-22af-4eb1-ab78-943a211e10a8,hate_or_noHate_zs_noopt_contains,train,"Dalam konteks ini, apakah teks yang mengandung kata-kata seperti: #MataNajwaDebatJakarta Pak Anies suka nyinyir, suka memutar balik kan fakta, ga punya program yg jelas bisanya jelekkan kinerja pak Basuki, termasuk dalam kategori hatespeech?",iya
637,id_hatespeech,id_hatespeech_nusantara_text,1cb4fa88-22af-4eb1-ab78-943a211e10a8,hate_or_noHate_zs_noopt_contains,train,"Dalam konteks ini, apakah teks yang mengandung kata-kata seperti: Babi... iya memang si Ahok gak jauh kayak Babi.., termasuk dalam kategori hatespeech?",iya
638,id_hatespeech,id_hatespeech_nusantara_text,1cb4fa88-22af-4eb1-ab78-943a211e10a8,hate_or_noHate_zs_noopt_contains,train,"Dalam konteks ini, apakah teks yang mengandung kata-kata seperti: Si tengkuk babi sipit bangke agen dajjal mau jadi onta hahaha. Orang waras juga tau kasus ahok dipaksakan!!, termasuk dalam kategori hatespeech?",iya
639,id_hatespeech,id_hatespeech_nusantara_text,1cb4fa88-22af-4eb1-ab78-943a211e10a8,hate_or_noHate_zs_noopt_contains,train,"Dalam konteks ini, apakah teks yang mengandung kata-kata seperti: itu kan kata ahok kafir..umat islam anti ahok karena ahok itu kafr ditambah ahok itu cina yg suka makan babi & bir, termasuk dalam kategori hatespeech?",iya
640,id_hatespeech,id_hatespeech_nusantara_text,1cb4fa88-22af-4eb1-ab78-943a211e10a8,hate_or_noHate_zs_noopt_contains,train,"Dalam konteks ini, apakah teks yang mengandung kata-kata seperti: gw harus bilang Babi Ahok apa dong selain kafir, gw hanya pengen gerombolannyA Babi Ahok merasakan bagaiamana klo di anjing2in, Bangsat2in, termasuk dalam kategori hatespeech?",iya
641,id_hatespeech,id_hatespeech_nusantara_text,1cb4fa88-22af-4eb1-ab78-943a211e10a8,hate_or_noHate_zs_noopt_contains,train,"Dalam konteks ini, apakah teks yang mengandung kata-kata seperti: sibabi china sangat biadab memperlakukan kaum PRIBUMI, dan para jongon2 spt banser & nu nusantara mendukung ketimpangan ini, biadabnya mrk!, termasuk dalam kategori hatespeech?",iya
642,id_hatespeech,id_hatespeech_nusantara_text,1cb4fa88-22af-4eb1-ab78-943a211e10a8,hate_or_noHate_zs_noopt_contains,train,"Dalam konteks ini, apakah teks yang mengandung kata-kata seperti: ahok kafir takut debat dengan rakyat asli pribumi nelayan dan para pakar reklamasi dari rakyat.. ahok kafir bencong, termasuk dalam kategori hatespeech?",iya
643,id_hatespeech,id_hatespeech_nusantara_text,1cb4fa88-22af-4eb1-ab78-943a211e10a8,hate_or_noHate_zs_noopt_contains,train,"Dalam konteks ini, apakah teks yang mengandung kata-kata seperti: nampaknya sudah satu paket penyokong cina babi pasti juga sokong LGBT, termasuk dalam kategori hatespeech?",iya
644,id_hatespeech,id_hatespeech_nusantara_text,1cb4fa88-22af-4eb1-ab78-943a211e10a8,hate_or_noHate_zs_noopt_contains,train,"Dalam konteks ini, apakah teks yang mengandung kata-kata seperti: kebiadaban ahok cina kafir anak2 rakyat kecil pribumi dan ibu2 islam semua digusur dari rumahnya serta kehidupannya, termasuk dalam kategori hatespeech?",iya
645,id_hatespeech,id_hatespeech_nusantara_text,1cb4fa88-22af-4eb1-ab78-943a211e10a8,hate_or_noHate_zs_noopt_contains,train,"Dalam konteks ini, apakah teks yang mengandung kata-kata seperti: tim ahok yg otak wc otak tumpul justru anies itu sdh komit sekali dgn pancasila ,ahok kafir sgt tdk bs berpancasila, termasuk dalam kategori hatespeech?",iya
646,id_hatespeech,id_hatespeech_nusantara_text,1cb4fa88-22af-4eb1-ab78-943a211e10a8,hate_or_noHate_zs_noopt_contains,train,"Dalam konteks ini, apakah teks yang mengandung kata-kata seperti: #MataNajwaDebatJakarta Pak Anies sudah meninggalkan ketenangan dan ketulusannya dalam debat malam ini, mjd agitatif dan licik. semoga kalah kau anjing, termasuk dalam kategori hatespeech?",iya
647,id_hatespeech,id_hatespeech_nusantara_text,1cb4fa88-22af-4eb1-ab78-943a211e10a8,hate_or_noHate_zs_noopt_contains,train,"Dalam konteks ini, apakah teks yang mengandung kata-kata seperti: SELAMA PROSES #SidangAhok WASPADAI ULAMA2 KUBU AHOK..YAKNI ULAMA2 ""MUNAFIK"" YANG SESAT DAN MENYESATKAN..!!, termasuk dalam kategori hatespeech?",iya
648,id_hatespeech,id_hatespeech_nusantara_text,1cb4fa88-22af-4eb1-ab78-943a211e10a8,hate_or_noHate_zs_noopt_contains,train,"Dalam konteks ini, apakah teks yang mengandung kata-kata seperti: anies akan merangkul dua2nya untuk persatuan tidak spt ente dangkal & cekak intelektual hanya jadi budak ahok kafir., termasuk dalam kategori hatespeech?",iya
649,id_hatespeech,id_hatespeech_nusantara_text,1cb4fa88-22af-4eb1-ab78-943a211e10a8,hate_or_noHate_zs_noopt_contains,train,"Dalam konteks ini, apakah teks yang mengandung kata-kata seperti: kebiadaban ahok cina kafir rakyat kecil yg jadi PKL & asongan2 digusur2 dan dianiaya spt teroris, ahok kafir biadab, termasuk dalam kategori hatespeech?",iya
650,id_hatespeech,id_hatespeech_nusantara_text,1cb4fa88-22af-4eb1-ab78-943a211e10a8,hate_or_noHate_zs_noopt_contains,train,"Dalam konteks ini, apakah teks yang mengandung kata-kata seperti: RT @LeonartoRabono: tapi kenyataanya jutaan rakyat kecil asli pribumi yg miskin justru semakin dimiskinkan oleh ahok cina kafir...., termasuk dalam kategori hatespeech?",iya
651,id_hatespeech,id_hatespeech_nusantara_text,1cb4fa88-22af-4eb1-ab78-943a211e10a8,hate_or_noHate_zs_noopt_contains,train,"Dalam konteks ini, apakah teks yang mengandung kata-kata seperti: Itulah Indonesia. Yg dibully org yg bener.Yg salah dan binatang2 seperti nomor tiga dibiarin berkeliaran #matanajwadebatjakarta pak an https://t.co/jYSg6x1A, termasuk dalam kategori hatespeech?",iya
652,id_hatespeech,id_hatespeech_nusantara_text,1cb4fa88-22af-4eb1-ab78-943a211e10a8,hate_or_noHate_zs_noopt_contains,train,"Dalam konteks ini, apakah teks yang mengandung kata-kata seperti: #SidangAhok smg sipenista agama n ateknya matinya tdk wjar n jasadnya tdk dtrma tnh n dia tdk prnh mrs kn sorga,aamiin semoga tuhan setuju, termasuk dalam kategori hatespeech?",iya
653,id_hatespeech,id_hatespeech_nusantara_text,1cb4fa88-22af-4eb1-ab78-943a211e10a8,hate_or_noHate_zs_noopt_contains,train,"Dalam konteks ini, apakah teks yang mengandung kata-kata seperti: iya,kelasnya penista agama,bs nya cm ngebacot doang yg arogan sk blg taik"" nenek lu,oh ya sumber waras n nama d kasus E ktp apkabar?skakmat, termasuk dalam kategori hatespeech?",iya
654,id_hatespeech,id_hatespeech_nusantara_text,1cb4fa88-22af-4eb1-ab78-943a211e10a8,hate_or_noHate_zs_noopt_contains,train,"Dalam konteks ini, apakah teks yang mengandung kata-kata seperti: Penjarakan semua cina kafir dan ateis! Termasuk Ahok pemimpin babi tukang korupsi!, termasuk dalam kategori hatespeech?",iya
655,id_hatespeech,id_hatespeech_nusantara_text,1cb4fa88-22af-4eb1-ab78-943a211e10a8,hate_or_noHate_zs_noopt_contains,train,"Dalam konteks ini, apakah teks yang mengandung kata-kata seperti: Kampanye rasis ngmg nya pihak ahok yg di untungkan.. Goblok kafir mana ada di untungkan.. Kalau pada di perkosa bunuh lu enak berduit, termasuk dalam kategori hatespeech?",iya
656,id_hatespeech,id_hatespeech_nusantara_text,1cb4fa88-22af-4eb1-ab78-943a211e10a8,hate_or_noHate_zs_noopt_contains,train,"Dalam konteks ini, apakah teks yang mengandung kata-kata seperti: hahaha idiot bilang kpd orang2 kafir terurama para nasrani pendukung2 ahok kafir jangan memasuki wilayah2 syariat islam, termasuk dalam kategori hatespeech?",iya
657,id_hatespeech,id_hatespeech_nusantara_text,1cb4fa88-22af-4eb1-ab78-943a211e10a8,hate_or_noHate_zs_noopt_contains,train,"Dalam konteks ini, apakah teks yang mengandung kata-kata seperti: I HASIL MAKMAK KALIAN JUAL PUKINYA. BAGI KSLIAN YG BERPIHAK KEPADA PKI DAN SI AHOK ANAK CHINA ANJING KAFIR INI. SERTA NKRI BUKAN DIDAPAT, termasuk dalam kategori hatespeech?",iya
658,id_hatespeech,id_hatespeech_nusantara_text,1cb4fa88-22af-4eb1-ab78-943a211e10a8,hate_or_noHate_zs_noopt_contains,train,"Dalam konteks ini, apakah teks yang mengandung kata-kata seperti: Tim pendukung sakit jiwa, kehilangan akal sehat & ide #IklanAhokJahat, termasuk dalam kategori hatespeech?",iya
659,id_hatespeech,id_hatespeech_nusantara_text,1cb4fa88-22af-4eb1-ab78-943a211e10a8,hate_or_noHate_zs_noopt_contains,train,"Dalam konteks ini, apakah teks yang mengandung kata-kata seperti: #IklanAhokJahat Hati hati Mereka Mulai Prustasi dan Memainkan Cara cara Kasar !! Karena hasil dari berbagai survei si penista agama kalah!!, termasuk dalam kategori hatespeech?",iya
660,id_hatespeech,id_hatespeech_nusantara_text,1cb4fa88-22af-4eb1-ab78-943a211e10a8,hate_or_noHate_zs_noopt_contains,train,"Dalam konteks ini, apakah teks yang mengandung kata-kata seperti: HOOKK, masuk gorong"" aja loe #IklanAhokJahat, termasuk dalam kategori hatespeech?",iya
661,id_hatespeech,id_hatespeech_nusantara_text,1cb4fa88-22af-4eb1-ab78-943a211e10a8,hate_or_noHate_zs_noopt_contains,train,"Dalam konteks ini, apakah teks yang mengandung kata-kata seperti: Kayak gini nih kampanye Tim AniesSandiUno ke kampung2 mengintimidasi masyarakat. Kampungan ye? #ASUtenan, termasuk dalam kategori hatespeech?",iya
662,id_hatespeech,id_hatespeech_nusantara_text,1cb4fa88-22af-4eb1-ab78-943a211e10a8,hate_or_noHate_zs_noopt_contains,train,"Dalam konteks ini, apakah teks yang mengandung kata-kata seperti: SI KUTIL BABI TELAH MELECEHKAN PRIBUMI DAN UMAT ISLAM #IklanAhokJahat, termasuk dalam kategori hatespeech?",iya
663,id_hatespeech,id_hatespeech_nusantara_text,1cb4fa88-22af-4eb1-ab78-943a211e10a8,hate_or_noHate_zs_noopt_contains,train,"Dalam konteks ini, apakah teks yang mengandung kata-kata seperti: NGOMONG AJA ENTE SAMA KACA! MEMECAH BELAH KERUKUNAN LAGI HOK ENTE BISANYA. NGACO! #IklanAhokJahat, termasuk dalam kategori hatespeech?",iya
664,id_hatespeech,id_hatespeech_nusantara_text,1cb4fa88-22af-4eb1-ab78-943a211e10a8,hate_or_noHate_zs_noopt_contains,train,"Dalam konteks ini, apakah teks yang mengandung kata-kata seperti: #iklanahokjahat Terorist nyata di Indonesia... Bukan wahabi, bukan Onta Tapi Babi Babi milik Cina Penebar Teror sesungguhnya...., termasuk dalam kategori hatespeech?",iya
665,id_hatespeech,id_hatespeech_nusantara_text,1cb4fa88-22af-4eb1-ab78-943a211e10a8,hate_or_noHate_zs_noopt_contains,train,"Dalam konteks ini, apakah teks yang mengandung kata-kata seperti: RT @TerorisSocmed: Sadarlah wahai anak Bangsa, Ibu Pertiwi Sedang Diporakporandakan Oleh Manusia BIADAB @basuki_btp Sebagai Aktor Utama, termasuk dalam kategori hatespeech?",iya
666,id_hatespeech,id_hatespeech_nusantara_text,1cb4fa88-22af-4eb1-ab78-943a211e10a8,hate_or_noHate_zs_noopt_contains,train,"Dalam konteks ini, apakah teks yang mengandung kata-kata seperti: Sepertinya gerombolan @basuki_btp rindu kerusuhan, hati2 dikabul Tuhan #IklanAhokJahat, termasuk dalam kategori hatespeech?",iya
667,id_hatespeech,id_hatespeech_nusantara_text,1cb4fa88-22af-4eb1-ab78-943a211e10a8,hate_or_noHate_zs_noopt_contains,train,"Dalam konteks ini, apakah teks yang mengandung kata-kata seperti: Ahok and Bani serbet and wereng Coklat MEMANCING UMAT MUSLIM supaya marah? dengan #IklanAhokJahat. KALIAN ITU KUMPULAN ORANG SINTING, termasuk dalam kategori hatespeech?",iya
668,id_hatespeech,id_hatespeech_nusantara_text,1cb4fa88-22af-4eb1-ab78-943a211e10a8,hate_or_noHate_zs_noopt_contains,train,"Dalam konteks ini, apakah teks yang mengandung kata-kata seperti: #IklanAhokJahat baru ada direzim jokopret,setan,iblis,dajjal dibangkitkan dr kuburnya. Mereka gembira berpesta pora setelah lama dibelenggu, termasuk dalam kategori hatespeech?",iya
669,id_hatespeech,id_hatespeech_nusantara_text,1cb4fa88-22af-4eb1-ab78-943a211e10a8,hate_or_noHate_zs_noopt_contains,train,"Dalam konteks ini, apakah teks yang mengandung kata-kata seperti: Yang anti cina & mau ganyang cina tuh siapaaaa..??? kami cuma anti AHOK sang Penista Agama! #kampanyeAhokJahat #IklanAhokJahat #kampanyeSARA, termasuk dalam kategori hatespeech?",iya
670,id_hatespeech,id_hatespeech_nusantara_text,1cb4fa88-22af-4eb1-ab78-943a211e10a8,hate_or_noHate_zs_noopt_contains,train,"Dalam konteks ini, apakah teks yang mengandung kata-kata seperti: Udah bingung kalik mau pakai cara apa untuk kampanye. Sampai2 bikin fitnah yang kayak begituan. Depresi ya takut kalah? #IklanAhokJahat, termasuk dalam kategori hatespeech?",iya
671,id_hatespeech,id_hatespeech_nusantara_text,1cb4fa88-22af-4eb1-ab78-943a211e10a8,hate_or_noHate_zs_noopt_contains,train,"Dalam konteks ini, apakah teks yang mengandung kata-kata seperti: Tahukah Anda apa persamaan antara malin kundang dengan Ahok? mereka berdua sama-sam DURHAKA!!!!!!! #ASBAK #iklanahokjahat #kampanyeahokjahat, termasuk dalam kategori hatespeech?",iya
672,id_hatespeech,id_hatespeech_nusantara_text,1cb4fa88-22af-4eb1-ab78-943a211e10a8,hate_or_noHate_zs_noopt_contains,train,"Dalam konteks ini, apakah teks yang mengandung kata-kata seperti: HADUH KELAKUANMU HOK, SOK-SOKAN MENJAGA KEBERAGAMAN PADAHAL PROVOKATOR & RASIS!! #IklanAhokJahat, termasuk dalam kategori hatespeech?",iya
673,id_hatespeech,id_hatespeech_nusantara_text,1cb4fa88-22af-4eb1-ab78-943a211e10a8,hate_or_noHate_zs_noopt_contains,train,"Dalam konteks ini, apakah teks yang mengandung kata-kata seperti: RT @sarwandi_sr: #IklanAhokJahat bikin darah mendidih. bangsat penuh dengan propaganda. emang lo kira islam radikal ?Kalau kami mau, termasuk dalam kategori hatespeech?",iya
674,id_hatespeech,id_hatespeech_nusantara_text,1cb4fa88-22af-4eb1-ab78-943a211e10a8,hate_or_noHate_zs_noopt_contains,train,"Dalam konteks ini, apakah teks yang mengandung kata-kata seperti: Kapolda Babi! Biadap dan Bodoh! Gak punya otak kali., termasuk dalam kategori hatespeech?",iya
675,id_hatespeech,id_hatespeech_nusantara_text,1cb4fa88-22af-4eb1-ab78-943a211e10a8,hate_or_noHate_zs_noopt_contains,train,"Dalam konteks ini, apakah teks yang mengandung kata-kata seperti: Jangan2 lagi deh @basuki_btp hina islam, anda itu manusia hina dibandingkan agama yang mulia, anda bukan siapa2 & bukan apa2 #IklanAhokJahat, termasuk dalam kategori hatespeech?",iya
676,id_hatespeech,id_hatespeech_nusantara_text,1cb4fa88-22af-4eb1-ab78-943a211e10a8,hate_or_noHate_zs_noopt_contains,train,"Dalam konteks ini, apakah teks yang mengandung kata-kata seperti: AHOK KAFIR DAN BUDAK2NYA ATAU ANJING2 NYA HANYA SEBAGAI SAMPAH AGAMA ISLAM DAN SAMPAH MASYARAKAT, termasuk dalam kategori hatespeech?",iya
677,id_hatespeech,id_hatespeech_nusantara_text,1cb4fa88-22af-4eb1-ab78-943a211e10a8,hate_or_noHate_zs_noopt_contains,train,"Dalam konteks ini, apakah teks yang mengandung kata-kata seperti: umat agama islam dijakarta sangat haram dan sangat najis sekali dengan ahok kafir kristen..., termasuk dalam kategori hatespeech?",iya
678,id_hatespeech,id_hatespeech_nusantara_text,1cb4fa88-22af-4eb1-ab78-943a211e10a8,hate_or_noHate_zs_noopt_contains,train,"Dalam konteks ini, apakah teks yang mengandung kata-kata seperti: 19 april CNN kibarkan bendera kuning atas kematian ahok-djarot...., termasuk dalam kategori hatespeech?",iya
679,id_hatespeech,id_hatespeech_nusantara_text,1cb4fa88-22af-4eb1-ab78-943a211e10a8,hate_or_noHate_zs_noopt_contains,train,"Dalam konteks ini, apakah teks yang mengandung kata-kata seperti: itulah akibat ulah orang2 kafir nasrani persis seperti ahok kafir yg melarang jilbab kepada anak2 sekokah di jakarta...., termasuk dalam kategori hatespeech?",iya
680,id_hatespeech,id_hatespeech_nusantara_text,1cb4fa88-22af-4eb1-ab78-943a211e10a8,hate_or_noHate_zs_noopt_contains,train,"Dalam konteks ini, apakah teks yang mengandung kata-kata seperti: baswedan pantas jadi gubernur jakarta dan komisioner KPK..... ahok kafir pantasnya jadi germo di alexis...., termasuk dalam kategori hatespeech?",iya
681,id_hatespeech,id_hatespeech_nusantara_text,1cb4fa88-22af-4eb1-ab78-943a211e10a8,hate_or_noHate_zs_noopt_contains,train,"Dalam konteks ini, apakah teks yang mengandung kata-kata seperti: RT @yudijannis: #IklanAhokJahat bagaimana klo kita ganyang beneran hok?itu sih maunya elo ya hok,adu domba pribumi dengan tionghoa!!jangan, termasuk dalam kategori hatespeech?",iya
682,id_hatespeech,id_hatespeech_nusantara_text,1cb4fa88-22af-4eb1-ab78-943a211e10a8,hate_or_noHate_zs_noopt_contains,train,"Dalam konteks ini, apakah teks yang mengandung kata-kata seperti: masalahnya djarot tidak bisa memikirkan rakyat kecil pribumi bisanya hanya membabu kpd cina2 betul2 songong jongkok., termasuk dalam kategori hatespeech?",iya
683,id_hatespeech,id_hatespeech_nusantara_text,1cb4fa88-22af-4eb1-ab78-943a211e10a8,hate_or_noHate_zs_noopt_contains,train,"Dalam konteks ini, apakah teks yang mengandung kata-kata seperti: otak wc otak babi yg menerima ahok kafir & kamu, ahok kafir bkn sekedar menghina sdh anggap islam itu sampah, termasuk dalam kategori hatespeech?",iya
684,id_hatespeech,id_hatespeech_nusantara_text,1cb4fa88-22af-4eb1-ab78-943a211e10a8,hate_or_noHate_zs_noopt_contains,train,"Dalam konteks ini, apakah teks yang mengandung kata-kata seperti: DALAM PUTARAN DUA NANTI JIKA SAMPAI AHOK KAFIR CURANG UMAT ISLAM SUDAH KOMITMEN JAKARTA AKAN DIJADIKAN LAUTAN API, SUDAH TIDAK MIKIR HUKUM, termasuk dalam kategori hatespeech?",iya
685,id_hatespeech,id_hatespeech_nusantara_text,1cb4fa88-22af-4eb1-ab78-943a211e10a8,hate_or_noHate_zs_noopt_contains,train,"Dalam konteks ini, apakah teks yang mengandung kata-kata seperti: #IKLANAHOKJAHAT AHOK MENCIPTAKAN BARA API ANTARA RAKYAT PRIBUMI DENGAN TIONGHOA YG DIBALUT DENGAN PHOBIA.... AHOK KAFIR RASIS..., termasuk dalam kategori hatespeech?",iya
686,id_hatespeech,id_hatespeech_nusantara_text,1cb4fa88-22af-4eb1-ab78-943a211e10a8,hate_or_noHate_zs_noopt_contains,train,"Dalam konteks ini, apakah teks yang mengandung kata-kata seperti: jangan heran pemerintahan jokowi sekarang ini budaknya kulinya cina2 ahok kafir dan 9 naga..., termasuk dalam kategori hatespeech?",iya
687,id_hatespeech,id_hatespeech_nusantara_text,1cb4fa88-22af-4eb1-ab78-943a211e10a8,hate_or_noHate_zs_noopt_contains,train,"Dalam konteks ini, apakah teks yang mengandung kata-kata seperti: Ya itu namanya cawgub goblok gak ngerti peraturan debat....kelihatan bego dan liciknya itu sandiaga uno., termasuk dalam kategori hatespeech?",iya
688,id_hatespeech,id_hatespeech_nusantara_text,1cb4fa88-22af-4eb1-ab78-943a211e10a8,hate_or_noHate_zs_noopt_contains,train,"Dalam konteks ini, apakah teks yang mengandung kata-kata seperti: BODOH jika para pendukung ahok yg Muslim tidak tersinggung sama sekali ! Tapi bisa aja sih Qur'an d hina saja mrka diam #IklanAhokJahat, termasuk dalam kategori hatespeech?",iya
689,id_hatespeech,id_hatespeech_nusantara_text,1cb4fa88-22af-4eb1-ab78-943a211e10a8,hate_or_noHate_zs_noopt_contains,train,"Dalam konteks ini, apakah teks yang mengandung kata-kata seperti: Gubraaaaak!!!! Malu liatnya... Untung semalem debat ga kaya MATA NAJWA.. Coba kalo formatnya sama pasti Ringsek dah pasangan ASU..., termasuk dalam kategori hatespeech?",iya
690,id_hatespeech,id_hatespeech_nusantara_text,1cb4fa88-22af-4eb1-ab78-943a211e10a8,hate_or_noHate_zs_noopt_contains,train,"Dalam konteks ini, apakah teks yang mengandung kata-kata seperti: YG JELAS OTAK AHOK-DJAROT SUDAH SANGAT TUMPUL SANGAT LOYO DAN STRESS..... SUDAH JEBOL HARUS DICOPOT DAN DIGANTI....., termasuk dalam kategori hatespeech?",iya
691,id_hatespeech,id_hatespeech_nusantara_text,1cb4fa88-22af-4eb1-ab78-943a211e10a8,hate_or_noHate_zs_noopt_contains,train,"Dalam konteks ini, apakah teks yang mengandung kata-kata seperti: AHOK KAFIR BUKAN HANYA MALING TAPI JUGA GARONG, LAHAN LAUT MILIK NELAYAN DIRAMPOK & DIRAMPAS UNTUK REKLAMASI YG MENGUNTUNGKAN CINA2 KAFIR.., termasuk dalam kategori hatespeech?",iya
692,id_hatespeech,id_hatespeech_nusantara_text,1cb4fa88-22af-4eb1-ab78-943a211e10a8,hate_or_noHate_zs_noopt_contains,train,"Dalam konteks ini, apakah teks yang mengandung kata-kata seperti: Sumpah bego bgt sih kesel gue. Kenapa ada org yg vote makhluk kayak Sandiaga Uno coba. Oh agama, termasuk dalam kategori hatespeech?",iya
693,id_hatespeech,id_hatespeech_nusantara_text,1cb4fa88-22af-4eb1-ab78-943a211e10a8,hate_or_noHate_zs_noopt_contains,train,"Dalam konteks ini, apakah teks yang mengandung kata-kata seperti: responden2 yangg goblok2 belum faham & juga wartawan beritasatu juga goblok, nanti klo anies-sandy sudah memimpin sangat mudah, termasuk dalam kategori hatespeech?",iya
694,id_hatespeech,id_hatespeech_nusantara_text,1cb4fa88-22af-4eb1-ab78-943a211e10a8,hate_or_noHate_zs_noopt_contains,train,"Dalam konteks ini, apakah teks yang mengandung kata-kata seperti: FPI RENOVASI MASJID ITU SANGAT TEPAT, AHOK KAFIR KRISTEN NGAPAIN NGURUSI MASJID2 APA HUBUNGANNYA....., termasuk dalam kategori hatespeech?",iya
695,id_hatespeech,id_hatespeech_nusantara_text,1cb4fa88-22af-4eb1-ab78-943a211e10a8,hate_or_noHate_zs_noopt_contains,train,"Dalam konteks ini, apakah teks yang mengandung kata-kata seperti: MENGAPA ahoker KRISTEN & MUNAFIK tidak berhenti mengolok2 GEREJA stiap hari? Apakah mereka memang dibriefing ahok untuk menghina si BUMI DATAR?, termasuk dalam kategori hatespeech?",iya
696,id_hatespeech,id_hatespeech_nusantara_text,1cb4fa88-22af-4eb1-ab78-943a211e10a8,hate_or_noHate_zs_noopt_contains,train,"Dalam konteks ini, apakah teks yang mengandung kata-kata seperti: uma surveynya si Botak yg menangkan Ahok. Karena apa? Karena dia Cina Kristen. Bukti kalo si Botak dukung sesama Cina Kristen, termasuk dalam kategori hatespeech?",iya
697,id_hatespeech,id_hatespeech_nusantara_text,1cb4fa88-22af-4eb1-ab78-943a211e10a8,hate_or_noHate_zs_noopt_contains,train,"Dalam konteks ini, apakah teks yang mengandung kata-kata seperti: AHOK PEMECAH BELAH UMMAT, AJARAN KRISTEN KONYOL, demi meraup suara muslim, JELAS AHOK INI RASIS, PKI TULEN, termasuk dalam kategori hatespeech?",iya
698,id_hatespeech,id_hatespeech_nusantara_text,1cb4fa88-22af-4eb1-ab78-943a211e10a8,hate_or_noHate_zs_noopt_contains,train,"Dalam konteks ini, apakah teks yang mengandung kata-kata seperti: Woy @aagym lu udah nonton yang ini? Fitnah? Pale lu peyang gym. https://t.co/U3QhuJpwg, termasuk dalam kategori hatespeech?",iya
699,id_hatespeech,id_hatespeech_nusantara_text,1cb4fa88-22af-4eb1-ab78-943a211e10a8,hate_or_noHate_zs_noopt_contains,train,"Dalam konteks ini, apakah teks yang mengandung kata-kata seperti: Ahok :memilih pemimpin Berdasarkan agama melanggar konstitusi. Sebaiknya BABI INI DI BUNGKUS aja, CONGORNYAPECAH BELAH UMAT BERAGAMA., termasuk dalam kategori hatespeech?",iya
700,id_hatespeech,id_hatespeech_nusantara_text,1cb4fa88-22af-4eb1-ab78-943a211e10a8,hate_or_noHate_zs_noopt_contains,train,"Dalam konteks ini, apakah teks yang mengandung kata-kata seperti: Saya pribumi, Kristen dan mendukung Ahok. Tapi saya paling anti dengan manusia2 bodoh dan goblok seperti Steven Hadisurya Sulistyo., termasuk dalam kategori hatespeech?",iya
701,id_hatespeech,id_hatespeech_nusantara_text,1cb4fa88-22af-4eb1-ab78-943a211e10a8,hate_or_noHate_zs_noopt_contains,train,"Dalam konteks ini, apakah teks yang mengandung kata-kata seperti: Maksudnya terbukti KORUPSI dan PENISTAAN agama nya ya om, Bangsat lo, TAIK LO, maaf gw pake Bahasa Babi Ahok., termasuk dalam kategori hatespeech?",iya
702,id_hatespeech,id_hatespeech_nusantara_text,1cb4fa88-22af-4eb1-ab78-943a211e10a8,hate_or_noHate_zs_noopt_contains,train,"Dalam konteks ini, apakah teks yang mengandung kata-kata seperti: Ehh TAIK, Bangsat lo, Omongan elo kayak IwAn bopeng, yg MO potong leher TNI, Bangsat lo IwAn bopeng, baek2in TNI. TAIK LO,, termasuk dalam kategori hatespeech?",iya
703,id_hatespeech,id_hatespeech_nusantara_text,1cb4fa88-22af-4eb1-ab78-943a211e10a8,hate_or_noHate_zs_noopt_contains,train,"Dalam konteks ini, apakah teks yang mengandung kata-kata seperti: Ehh anak anjing Ahok, Kelan itu blon siuman, mending emut2 bool basuki lagi aja sana, kasih tau sama Babi yg lain, bool basuki wangi gitu, termasuk dalam kategori hatespeech?",iya
704,id_hatespeech,id_hatespeech_nusantara_text,1cb4fa88-22af-4eb1-ab78-943a211e10a8,hate_or_noHate_zs_noopt_contains,train,"Dalam konteks ini, apakah teks yang mengandung kata-kata seperti: CWE CAKEP TP BEGO.PANTES GK LAKU.SI AHOK CINA BAU TAI.MAKAN BUBUR ENCER.AHOK FAHAM KOMUNIS.MENISTA ISLAM & KRISTEN, termasuk dalam kategori hatespeech?",iya
705,id_hatespeech,id_hatespeech_nusantara_text,1cb4fa88-22af-4eb1-ab78-943a211e10a8,hate_or_noHate_zs_noopt_contains,train,"Dalam konteks ini, apakah teks yang mengandung kata-kata seperti: Dan ajeng pasti paham si Babi Ahok klo bicara santun, BANGSAT, TAIK, ANJING, SETAN LO, dngn intonasi yg familiar tuntuna, termasuk dalam kategori hatespeech?",iya
706,id_hatespeech,id_hatespeech_nusantara_text,1cb4fa88-22af-4eb1-ab78-943a211e10a8,hate_or_noHate_zs_noopt_contains,train,"Dalam konteks ini, apakah teks yang mengandung kata-kata seperti: Itu dia, BUNUH AJA YG DIDEPAN MATA, DIA MAFIA KORUPTOR NYA, PENISTA AGAMA PULA, PANGGILAN POPULAR NYA BABI AHOK, termasuk dalam kategori hatespeech?",iya
707,id_hatespeech,id_hatespeech_nusantara_text,1cb4fa88-22af-4eb1-ab78-943a211e10a8,hate_or_noHate_zs_noopt_contains,train,"Dalam konteks ini, apakah teks yang mengandung kata-kata seperti: Gimana dgn Sumber waras.. Trans Jakarta ko jokowi diem ajah.... Harusnya si kutil babi ahok di ganyang, termasuk dalam kategori hatespeech?",iya
708,id_hatespeech,id_hatespeech_nusantara_text,1cb4fa88-22af-4eb1-ab78-943a211e10a8,hate_or_noHate_zs_noopt_contains,train,"Dalam konteks ini, apakah teks yang mengandung kata-kata seperti: Muka Si BABi Ahok Tuh Yg Mirip SERBET Lantai....@basuki_btp..., termasuk dalam kategori hatespeech?",iya
709,id_hatespeech,id_hatespeech_nusantara_text,1cb4fa88-22af-4eb1-ab78-943a211e10a8,hate_or_noHate_zs_noopt_contains,train,"Dalam konteks ini, apakah teks yang mengandung kata-kata seperti: Betul bang hancurkan merka bang, musnahkan china babi dibumi pertiwi indonesia, berkedok reklamasi itu ahok, termasuk dalam kategori hatespeech?",iya
710,id_hatespeech,id_hatespeech_nusantara_text,1cb4fa88-22af-4eb1-ab78-943a211e10a8,hate_or_noHate_zs_noopt_contains,train,"Dalam konteks ini, apakah teks yang mengandung kata-kata seperti: Sapa Yg bilang Ahok anti korupsi!?, klo grombolannyA NGOMONG gtu wajar, AHOK ITU MAFIA KORUPTOR SANG PENISTA AGAMA YG DILINDUNGI ISTANA PKI, termasuk dalam kategori hatespeech?",iya
711,id_hatespeech,id_hatespeech_nusantara_text,1cb4fa88-22af-4eb1-ab78-943a211e10a8,hate_or_noHate_zs_noopt_contains,train,"Dalam konteks ini, apakah teks yang mengandung kata-kata seperti: Gw juga ngimpi SENTILIN BIJI BABI AHOK, pcetar Pcetar, langsung kejang2 die, ngadu ke Jkw, Jkw: makanye sunat dulu, bru NGOMONG Almaidah., termasuk dalam kategori hatespeech?",iya
712,id_hatespeech,id_hatespeech_nusantara_text,1cb4fa88-22af-4eb1-ab78-943a211e10a8,hate_or_noHate_zs_noopt_contains,train,"Dalam konteks ini, apakah teks yang mengandung kata-kata seperti: Mudah2an gw ketemu sama SI BABI IWAN BOPENG DI TPS nya anjing Ahok, termasuk dalam kategori hatespeech?",iya
713,id_hatespeech,id_hatespeech_nusantara_text,1eaf7dd3-9a40-4808-9021-de6afc76e78a,indo_unsur_benci,train,"Teks: RT @spardaxyz: Fadli Zon Minta Mendagri Segera Menonaktifkan Ahok Jadi Gubernur DKI https:\/\/t.co\/KH5vIRwPdO
Q: Apakah ada unsur benci di teks di atas
A: iya/tidak",tidak
714,id_hatespeech,id_hatespeech_nusantara_text,1eaf7dd3-9a40-4808-9021-de6afc76e78a,indo_unsur_benci,train,"Teks: RT @baguscondromowo: Mereka terus melukai aksi dalam rangka memenjarakan Ahok atau Ahok gagal dalam Pilkada.
Q: Apakah ada unsur benci di teks di atas
A: iya/tidak",tidak
715,id_hatespeech,id_hatespeech_nusantara_text,1eaf7dd3-9a40-4808-9021-de6afc76e78a,indo_unsur_benci,train,"Teks: Sylvi: bagaimana gurbernur melakukan kekerasan perempuan? Buktinya banyak ibu2 mau foto bareng #DebatFinalPilkadaJKT
Q: Apakah ada unsur benci di teks di atas
A: iya/tidak",tidak
716,id_hatespeech,id_hatespeech_nusantara_text,1eaf7dd3-9a40-4808-9021-de6afc76e78a,indo_unsur_benci,train,"Teks: Ahmad Dhani Tak Puas Debat Pilkada, Masalah Jalan di Bekasi Belum Sempat Terungkap https:\/\/t.co\/m3HopPLUID\u2026
Q: Apakah ada unsur benci di teks di atas
A: iya/tidak",tidak
717,id_hatespeech,id_hatespeech_nusantara_text,1eaf7dd3-9a40-4808-9021-de6afc76e78a,indo_unsur_benci,train,"Teks: RT @lisdaulay28: Waspada KTP palsu.....kawal PILKADA https:\/\/t.co\/OOoERQV4SM
Q: Apakah ada unsur benci di teks di atas
A: iya/tidak",tidak
718,id_hatespeech,id_hatespeech_nusantara_text,1eaf7dd3-9a40-4808-9021-de6afc76e78a,indo_unsur_benci,train,"Teks: @felixsiauw masih bnyak hal agamis yg bisa dibahas, kenapa ke pilkada terus, apa tingkat keimanan anda cuma sebatas pilkada????
Q: Apakah ada unsur benci di teks di atas
A: iya/tidak",tidak
719,id_hatespeech,id_hatespeech_nusantara_text,1eaf7dd3-9a40-4808-9021-de6afc76e78a,indo_unsur_benci,train,"Teks: @saidaqil apa maksud pernyataan. Anda? Apa anda mengaminkan kriminalisasi Ahok?? Hati2 jg dg mulutmu pak! https:\/\/t.co\/H4ODVaY0Md
Q: Apakah ada unsur benci di teks di atas
A: iya/tidak",tidak
720,id_hatespeech,id_hatespeech_nusantara_text,1eaf7dd3-9a40-4808-9021-de6afc76e78a,indo_unsur_benci,train,"Teks: Ahok Akan Integrasikan Transportasi Publik dengan Sistem Single Ticketing\u2026 https:\/\/t.co\/42PH7pqV0b #infoTribun
Q: Apakah ada unsur benci di teks di atas
A: iya/tidak",tidak
721,id_hatespeech,id_hatespeech_nusantara_text,1eaf7dd3-9a40-4808-9021-de6afc76e78a,indo_unsur_benci,train,"Teks: Ahok mampu melawan korupsi di ibukota, bangun infrastruktur, mencoba memperbaiki dengan berbagai trobosan dan works well.
Q: Apakah ada unsur benci di teks di atas
A: iya/tidak",tidak
722,id_hatespeech,id_hatespeech_nusantara_text,1eaf7dd3-9a40-4808-9021-de6afc76e78a,indo_unsur_benci,train,"Teks: Awasi Kecurangan Pilkada, Agus - Sylvi Pakai Aplikasi Ini https:\/\/t.co\/xWZW4nUFIU
Q: Apakah ada unsur benci di teks di atas
A: iya/tidak",tidak
723,id_hatespeech,id_hatespeech_nusantara_text,1eaf7dd3-9a40-4808-9021-de6afc76e78a,indo_unsur_benci,train,"Teks: Bisa gak kita seperti Jokowi dan Ahok? Aku kalem, kamu tegas saling melengkapi. :')
Q: Apakah ada unsur benci di teks di atas
A: iya/tidak",tidak
724,id_hatespeech,id_hatespeech_nusantara_text,1eaf7dd3-9a40-4808-9021-de6afc76e78a,indo_unsur_benci,train,"Teks: Bos mau makan di istana ga, Di undang noh makan di istana Gebang tapinya https:\/\/t.co\/ns6cUYCpUj
Q: Apakah ada unsur benci di teks di atas
A: iya/tidak",tidak
725,id_hatespeech,id_hatespeech_nusantara_text,1eaf7dd3-9a40-4808-9021-de6afc76e78a,indo_unsur_benci,train,"Teks: Cuti Habis Ahok Jadi Gubernur DKI Lagi? Pengamat: Jangan Mengada-ada | Republika Online https:\/\/t.co\/T3kzvq9E4e
Q: Apakah ada unsur benci di teks di atas
A: iya/tidak",tidak
726,id_hatespeech,id_hatespeech_nusantara_text,1eaf7dd3-9a40-4808-9021-de6afc76e78a,indo_unsur_benci,train,"Teks: Debat terakhir Pilkada DKI Jakarta digelar Jumat malam. https:\/\/t.co\/e9ixz6Jllr
Q: Apakah ada unsur benci di teks di atas
A: iya/tidak",tidak
727,id_hatespeech,id_hatespeech_nusantara_text,1eaf7dd3-9a40-4808-9021-de6afc76e78a,indo_unsur_benci,train,"Teks: Demonstran FPD Malteng Desak Bawaslu Hentikan Sementara Tahapan Pilkada Maluku Tengah
Q: Apakah ada unsur benci di teks di atas
A: iya/tidak",tidak
728,id_hatespeech,id_hatespeech_nusantara_text,1eaf7dd3-9a40-4808-9021-de6afc76e78a,indo_unsur_benci,train,"Teks: Dulu Didesak Berhentikan Ahok Ngeles Usai Masa Cuti Pilkada, Sekarang Kampanye Mau Habis Kemendagri Ragu-ragu https:\/\/t.co\/92ss4trDcX
Q: Apakah ada unsur benci di teks di atas
A: iya/tidak",tidak
729,id_hatespeech,id_hatespeech_nusantara_text,1eaf7dd3-9a40-4808-9021-de6afc76e78a,indo_unsur_benci,train,"Teks: Gila gara2 pilkada, beberapa tokoh menampakkan watak aslinya.
Q: Apakah ada unsur benci di teks di atas
A: iya/tidak",tidak
730,id_hatespeech,id_hatespeech_nusantara_text,1eaf7dd3-9a40-4808-9021-de6afc76e78a,indo_unsur_benci,train,"Teks: Gontor Izinkan Santrinya Pulang Kampung Nyoblos Pilkada DKI | Republika Online https:\/\/t.co\/JhNOT8ecNz
Q: Apakah ada unsur benci di teks di atas
A: iya/tidak",tidak
731,id_hatespeech,id_hatespeech_nusantara_text,1eaf7dd3-9a40-4808-9021-de6afc76e78a,indo_unsur_benci,train,"Teks: Gubernur non-aktif DKI Jakarta, Basuki Tjahaja Purnama atau Ahok, berencana merombak struktur jabatan pegawai... https:\/\/t.co\/cdKEZxF9xO
Q: Apakah ada unsur benci di teks di atas
A: iya/tidak",tidak
732,id_hatespeech,id_hatespeech_nusantara_text,1eaf7dd3-9a40-4808-9021-de6afc76e78a,indo_unsur_benci,train,"Teks: HEBAT .. !!! Imam Besar Masjid Istiqlal : Kalimat Ahok 100% Tidak Ada Penistaan AGAMA .. !! SEBARKAN
Q: Apakah ada unsur benci di teks di atas
A: iya/tidak",tidak
733,id_hatespeech,id_hatespeech_nusantara_text,1eaf7dd3-9a40-4808-9021-de6afc76e78a,indo_unsur_benci,train,"Teks: Ibu2 aja, kalo beli telor pake milih2 sblm ditimbang. Pdh telor kan mirip2. Ibu2 itu tahu, telor ada yg busuk
Q: Apakah ada unsur benci di teks di atas
A: iya/tidak",tidak
734,id_hatespeech,id_hatespeech_nusantara_text,1eaf7dd3-9a40-4808-9021-de6afc76e78a,indo_unsur_benci,train,"Teks: Ini Jawaban Ahok Saat Ditanya Terkait Persiapan Debat Pilgub Terakhir Besok https:\/\/t.co\/S6rlsAR7Y9
Q: Apakah ada unsur benci di teks di atas
A: iya/tidak",tidak
735,id_hatespeech,id_hatespeech_nusantara_text,1eaf7dd3-9a40-4808-9021-de6afc76e78a,indo_unsur_benci,train,"Teks: Ini Pesan Ahok di Hari Pers Nasional #KitaPastiPernah https:\/\/t.co\/h0L6mrjM3R
Q: Apakah ada unsur benci di teks di atas
A: iya/tidak",tidak
736,id_hatespeech,id_hatespeech_nusantara_text,1eaf7dd3-9a40-4808-9021-de6afc76e78a,indo_unsur_benci,train,"Teks: Istighotsah Bersama Ahok Catut Logo NU https:\/\/t.co\/U2rPY3C25R
Q: Apakah ada unsur benci di teks di atas
A: iya/tidak",tidak
737,id_hatespeech,id_hatespeech_nusantara_text,1eaf7dd3-9a40-4808-9021-de6afc76e78a,indo_unsur_benci,train,"Teks: Itu yang ngomong jangan pilih Ahok Djarot pernah ngerasain banjir ga sih? :(
Q: Apakah ada unsur benci di teks di atas
A: iya/tidak",tidak
738,id_hatespeech,id_hatespeech_nusantara_text,1eaf7dd3-9a40-4808-9021-de6afc76e78a,indo_unsur_benci,train,"Teks: Iya aja deh dripada hoax...
Q: Apakah ada unsur benci di teks di atas
A: iya/tidak",tidak
739,id_hatespeech,id_hatespeech_nusantara_text,1eaf7dd3-9a40-4808-9021-de6afc76e78a,indo_unsur_benci,train,"Teks: Jadi teringat para pelacur.belia yg dijual orang tuanya.sendiri di pantura.demi sesuap nasi https:\/\/t.co\/X5DdR7m693
Q: Apakah ada unsur benci di teks di atas
A: iya/tidak",tidak
740,id_hatespeech,id_hatespeech_nusantara_text,1eaf7dd3-9a40-4808-9021-de6afc76e78a,indo_unsur_benci,train,"Teks: jadi yg nyebar hoax ketahuan dong ada akun twitter nya lho
Q: Apakah ada unsur benci di teks di atas
A: iya/tidak",tidak
741,id_hatespeech,id_hatespeech_nusantara_text,1eaf7dd3-9a40-4808-9021-de6afc76e78a,indo_unsur_benci,train,"Teks: Mpok @sylviana_murni-nya tolong Mas @AgusYudhoyono
Q: Apakah ada unsur benci di teks di atas
A: iya/tidak",tidak
742,id_hatespeech,id_hatespeech_nusantara_text,1eaf7dd3-9a40-4808-9021-de6afc76e78a,indo_unsur_benci,train,"Teks: Ke Bidara beli mangga. Pulang nye liwat Slipi. Jangan lupa ingetin tetangga. Untuk milih Agus sylvi. #7HariLagiMilihAHY #AgusBersamaUlama
Q: Apakah ada unsur benci di teks di atas
A: iya/tidak",tidak
743,id_hatespeech,id_hatespeech_nusantara_text,1eaf7dd3-9a40-4808-9021-de6afc76e78a,indo_unsur_benci,train,"Teks: Serius tapi ada selipan hiburannya \ud83d\ude06\ud83d\ude06\ud83d\ude06 #pilkadadki2017 #DebatFinalPilkadaJKT
Q: Apakah ada unsur benci di teks di atas
A: iya/tidak",tidak
744,id_hatespeech,id_hatespeech_nusantara_text,1eaf7dd3-9a40-4808-9021-de6afc76e78a,indo_unsur_benci,train,"Teks: Sylvie sukses blunder bikin paslon 1 drop elektabilitasnya dengan fitnah dan spin salah pilih kader #DebatFinalPilkadaJKT
Q: Apakah ada unsur benci di teks di atas
A: iya/tidak",tidak
745,id_hatespeech,id_hatespeech_nusantara_text,1eaf7dd3-9a40-4808-9021-de6afc76e78a,indo_unsur_benci,train,"Teks: Ahok: mari berlomba program #DebatFinalPilkadaJKT
Q: Apakah ada unsur benci di teks di atas
A: iya/tidak",tidak
746,id_hatespeech,id_hatespeech_nusantara_text,1eaf7dd3-9a40-4808-9021-de6afc76e78a,indo_unsur_benci,train,"Teks: #DebatFinalPilkadaJKT aduh... Kecewa pertanyaan paslon 1....
Q: Apakah ada unsur benci di teks di atas
A: iya/tidak",tidak
747,id_hatespeech,id_hatespeech_nusantara_text,1eaf7dd3-9a40-4808-9021-de6afc76e78a,indo_unsur_benci,train,"Teks: RT @agusdansylvi: #DebatFinalPilkadaJKT Saya pilih nomor 1. Sektor informal akan dimajukan mas Agus dan Mpok Sylvi.
Q: Apakah ada unsur benci di teks di atas
A: iya/tidak",tidak
748,id_hatespeech,id_hatespeech_nusantara_text,1eaf7dd3-9a40-4808-9021-de6afc76e78a,indo_unsur_benci,train,"Teks: RT @JTmor: Ahok pilihan terbaik untuk Jakarta
Q: Apakah ada unsur benci di teks di atas
A: iya/tidak",tidak
749,id_hatespeech,id_hatespeech_nusantara_text,1eaf7dd3-9a40-4808-9021-de6afc76e78a,indo_unsur_benci,train,"Teks: RT @augustfrankto: #DebatFinalPilkadaJKT Bu Silvy curhat karena pernah dimarahi sama Pak Ahok...hehe..
Q: Apakah ada unsur benci di teks di atas
A: iya/tidak",tidak
750,id_hatespeech,id_hatespeech_nusantara_text,1eaf7dd3-9a40-4808-9021-de6afc76e78a,indo_unsur_benci,train,"Teks: Mantap pak AHOK #DebatFinalPilkadaJKT
Q: Apakah ada unsur benci di teks di atas
A: iya/tidak",tidak
751,id_hatespeech,id_hatespeech_nusantara_text,1eaf7dd3-9a40-4808-9021-de6afc76e78a,indo_unsur_benci,train,"Teks: Ahok gagah kaya gatot kaca! #DebatFinalPilkadaJKT
Q: Apakah ada unsur benci di teks di atas
A: iya/tidak",tidak
752,id_hatespeech,id_hatespeech_nusantara_text,1eaf7dd3-9a40-4808-9021-de6afc76e78a,indo_unsur_benci,train,"Teks: Telaaaakkk nomer satuuuu. Nghahahaha #DebatFinalPilkadaJKT
Q: Apakah ada unsur benci di teks di atas
A: iya/tidak",tidak
753,id_hatespeech,id_hatespeech_nusantara_text,1eaf7dd3-9a40-4808-9021-de6afc76e78a,indo_unsur_benci,train,"Teks: Lomba adu program #DebatFinalPilkadaJKT #SkakSilvi
Q: Apakah ada unsur benci di teks di atas
A: iya/tidak",tidak
754,id_hatespeech,id_hatespeech_nusantara_text,1eaf7dd3-9a40-4808-9021-de6afc76e78a,indo_unsur_benci,train,"Teks: #DebatFinalPilkadaJKT Denger banyak program dan janji dan sering tau pas jadi ga dijalankan rasanya males aja sih.
Q: Apakah ada unsur benci di teks di atas
A: iya/tidak",tidak
755,id_hatespeech,id_hatespeech_nusantara_text,1eaf7dd3-9a40-4808-9021-de6afc76e78a,indo_unsur_benci,train,"Teks: DEBAT CAGUB DKI ke 3 - 10 Februari 2017 - Segmen 3 Mantap Ahok SKAK Sylviana Murni\n\n#DebatFinalPilkadaJKT
Q: Apakah ada unsur benci di teks di atas
A: iya/tidak",tidak
756,id_hatespeech,id_hatespeech_nusantara_text,1eaf7dd3-9a40-4808-9021-de6afc76e78a,indo_unsur_benci,train,"Teks: Pertanyaan Ibu Silvy rada maksa.. #DebatFinalPilkadaJKT
Q: Apakah ada unsur benci di teks di atas
A: iya/tidak",tidak
757,id_hatespeech,id_hatespeech_nusantara_text,1eaf7dd3-9a40-4808-9021-de6afc76e78a,indo_unsur_benci,train,"Teks: Tanggal 15, pas pilkada nanti sy gak akan milih siapa-siapa ah!
Q: Apakah ada unsur benci di teks di atas
A: iya/tidak",tidak
758,id_hatespeech,id_hatespeech_nusantara_text,1eaf7dd3-9a40-4808-9021-de6afc76e78a,indo_unsur_benci,train,"Teks: Saya pribadi bakal prefer kok muslim dengan kapabilitas, tetapi lihat kondisinya Ahok menjadi pilihan plg realistis buat kemajuan DKI
Q: Apakah ada unsur benci di teks di atas
A: iya/tidak",tidak
759,id_hatespeech,id_hatespeech_nusantara_text,1eaf7dd3-9a40-4808-9021-de6afc76e78a,indo_unsur_benci,train,"Teks: Yang mendukung Mas Anies bukan berarti anti Pak Ahok, begitu Pula sebaliknya
Q: Apakah ada unsur benci di teks di atas
A: iya/tidak",tidak
760,id_hatespeech,id_hatespeech_nusantara_text,1eaf7dd3-9a40-4808-9021-de6afc76e78a,indo_unsur_benci,train,"Teks: Spanduk Tolak Salatkan Pembela Penista Agama juga Muncul di Kalibata https:\/\/t.co\/Sr1PbYtigN
Q: Apakah ada unsur benci di teks di atas
A: iya/tidak",tidak
761,id_hatespeech,id_hatespeech_nusantara_text,1eaf7dd3-9a40-4808-9021-de6afc76e78a,indo_unsur_benci,train,"Teks: #DebatFinalPilkadaJKT Telak banget anjir ngakak!
Q: Apakah ada unsur benci di teks di atas
A: iya/tidak",tidak
762,id_hatespeech,id_hatespeech_nusantara_text,1eaf7dd3-9a40-4808-9021-de6afc76e78a,indo_unsur_benci,train,"Teks: Ayo berlomba program jangan fitnah2 #DebatFinalPilkadaJKT
Q: Apakah ada unsur benci di teks di atas
A: iya/tidak",tidak
763,id_hatespeech,id_hatespeech_nusantara_text,1eaf7dd3-9a40-4808-9021-de6afc76e78a,indo_unsur_benci,train,"Teks: RT @deelestari: Akhirnya nggak ngantuk lagi! Yeay! #DebatFinalPilkadaJKT
Q: Apakah ada unsur benci di teks di atas
A: iya/tidak",tidak
764,id_hatespeech,id_hatespeech_nusantara_text,1eaf7dd3-9a40-4808-9021-de6afc76e78a,indo_unsur_benci,train,"Teks: Duh dibilang ga punya program paslon 1... kesian kesian kesian ... #debatfinalpilkadajkt
Q: Apakah ada unsur benci di teks di atas
A: iya/tidak",tidak
765,id_hatespeech,id_hatespeech_nusantara_text,1eaf7dd3-9a40-4808-9021-de6afc76e78a,indo_unsur_benci,train,"Teks: Tuntut Keadilan Bagi Penista Agama, Puluhan Jawara Betawi Ikuti Aksi 212 Jilid II https:\/\/t.co\/HWVuoZyYov
Q: Apakah ada unsur benci di teks di atas
A: iya/tidak",tidak
766,id_hatespeech,id_hatespeech_nusantara_text,1eaf7dd3-9a40-4808-9021-de6afc76e78a,indo_unsur_benci,train,"Teks: Keras nih ahok #DebatFinalPilkadaJKT
Q: Apakah ada unsur benci di teks di atas
A: iya/tidak",tidak
767,id_hatespeech,id_hatespeech_nusantara_text,1eaf7dd3-9a40-4808-9021-de6afc76e78a,indo_unsur_benci,train,"Teks: Paslon 3 Anies Sandiaga Uno 15 Feb 2017 Utk Jakarta Indonesia Raya OK OCE
Q: Apakah ada unsur benci di teks di atas
A: iya/tidak",tidak
768,id_hatespeech,id_hatespeech_nusantara_text,1eaf7dd3-9a40-4808-9021-de6afc76e78a,indo_unsur_benci,train,"Teks: Sesuai namanya: RONDE FINAL\n\n#DebatFinalPilkadaJKT
Q: Apakah ada unsur benci di teks di atas
A: iya/tidak",tidak
769,id_hatespeech,id_hatespeech_nusantara_text,1eaf7dd3-9a40-4808-9021-de6afc76e78a,indo_unsur_benci,train,"Teks: Mendagri Tambah Pusing, Ketika MA Emoh Keluarkan Fatwa Status Gubernur Penista Agama https:\/\/t.co\/J34aMQiMNi
Q: Apakah ada unsur benci di teks di atas
A: iya/tidak",tidak
770,id_hatespeech,id_hatespeech_nusantara_text,1eaf7dd3-9a40-4808-9021-de6afc76e78a,indo_unsur_benci,train,"Teks: Tolong adu program
Q: Apakah ada unsur benci di teks di atas
A: iya/tidak",tidak
771,id_hatespeech,id_hatespeech_nusantara_text,1eaf7dd3-9a40-4808-9021-de6afc76e78a,indo_unsur_benci,train,"Teks: Genderang perang makin kencang #DebatFinalPilkadaJKT
Q: Apakah ada unsur benci di teks di atas
A: iya/tidak",tidak
772,id_hatespeech,id_hatespeech_nusantara_text,1eaf7dd3-9a40-4808-9021-de6afc76e78a,indo_unsur_benci,train,"Teks: Mpok sylvi udah mulai emosi \ud83d\ude02\n #DebatFinalPilkadaJKT
Q: Apakah ada unsur benci di teks di atas
A: iya/tidak",tidak
773,id_hatespeech,id_hatespeech_nusantara_text,1eaf7dd3-9a40-4808-9021-de6afc76e78a,indo_unsur_benci,train,"Teks: Some people gabisa bedain kasar sama tegas. #DebatFinalPilkadaJKT
Q: Apakah ada unsur benci di teks di atas
A: iya/tidak",tidak
774,id_hatespeech,id_hatespeech_nusantara_text,1eaf7dd3-9a40-4808-9021-de6afc76e78a,indo_unsur_benci,train,"Teks: Beliau para pemimpin hebat Indonesia! Kita bangga https:\/\/t.co\/NAWbps9Xpt https:\/\/t.co\/5cC2U9AIEv
Q: Apakah ada unsur benci di teks di atas
A: iya/tidak",tidak
775,id_hatespeech,id_hatespeech_nusantara_text,1eaf7dd3-9a40-4808-9021-de6afc76e78a,indo_unsur_benci,train,"Teks: @InformasiDKI mungkin bu silvy jg pengen foto sama pak ahok hihihi #DebatFinalPilkadaJKT
Q: Apakah ada unsur benci di teks di atas
A: iya/tidak",tidak
776,id_hatespeech,id_hatespeech_nusantara_text,1eaf7dd3-9a40-4808-9021-de6afc76e78a,indo_unsur_benci,train,"Teks: #DebatFinalPilkadaJKT Mulai saling serang deh
Q: Apakah ada unsur benci di teks di atas
A: iya/tidak",tidak
777,id_hatespeech,id_hatespeech_nusantara_text,1eaf7dd3-9a40-4808-9021-de6afc76e78a,indo_unsur_benci,train,"Teks: RT @InaKinoy: baca ini dulu lah biar mendinginkan suasana #DebatFinalPilkadaJKT https:\/\/t.co\/Em9GCKc4qe
Q: Apakah ada unsur benci di teks di atas
A: iya/tidak",tidak
778,id_hatespeech,id_hatespeech_nusantara_text,1eaf7dd3-9a40-4808-9021-de6afc76e78a,indo_unsur_benci,train,"Teks: ayo berlomba program jgn pitnah doank.. #DebatFinalPilkadaJKT #BadjaPastimenang
Q: Apakah ada unsur benci di teks di atas
A: iya/tidak",tidak
779,id_hatespeech,id_hatespeech_nusantara_text,1eaf7dd3-9a40-4808-9021-de6afc76e78a,indo_unsur_benci,train,"Teks: RT @qronoz: Pokoknya kalo Ahok udah ngomong: Aduuuuuuh KELAR. #DebatFinalPilkadaJKT
Q: Apakah ada unsur benci di teks di atas
A: iya/tidak",tidak
780,id_hatespeech,id_hatespeech_nusantara_text,1eaf7dd3-9a40-4808-9021-de6afc76e78a,indo_unsur_benci,train,"Teks: Senjata makan tuan #DebatFinalPilkadaJKT #DebatFinalDKI
Q: Apakah ada unsur benci di teks di atas
A: iya/tidak",tidak
781,id_hatespeech,id_hatespeech_nusantara_text,1eaf7dd3-9a40-4808-9021-de6afc76e78a,indo_unsur_benci,train,"Teks: Ahok kekerasan verbal? Masa koruptor dielus2 #DebatFinalPilkadaJKT
Q: Apakah ada unsur benci di teks di atas
A: iya/tidak",tidak
782,id_hatespeech,id_hatespeech_nusantara_text,1eaf7dd3-9a40-4808-9021-de6afc76e78a,indo_unsur_benci,train,"Teks: RT @qronoz: Gak ada program yang mau diserang yang diserang karakternya. AHaY! \ud83d\ude02 #DebatFinalPilkadaJKT
Q: Apakah ada unsur benci di teks di atas
A: iya/tidak",tidak
783,id_hatespeech,id_hatespeech_nusantara_text,1eaf7dd3-9a40-4808-9021-de6afc76e78a,indo_unsur_benci,train,"Teks: Terkait Jakarta tak Ramah anak apa tanggapan Pak @aniesbaswedan https:\/\/t.co\/ufA55UWBcI
Q: Apakah ada unsur benci di teks di atas
A: iya/tidak",tidak
784,id_hatespeech,id_hatespeech_nusantara_text,1eaf7dd3-9a40-4808-9021-de6afc76e78a,indo_unsur_benci,train,"Teks: emang OK OCE anies dan sandi dalam mengatasi urbanisasi dan lapangan kerja #DebatFinalPilkadaJKT https:\/\/t.co\/BrCeCZSkux
Q: Apakah ada unsur benci di teks di atas
A: iya/tidak",tidak
785,id_hatespeech,id_hatespeech_nusantara_text,1eaf7dd3-9a40-4808-9021-de6afc76e78a,indo_unsur_benci,train,"Teks: Suporternya mulai kampungan paslon masih ngomong jg ...... #DebatFinalPilkadaJKT
Q: Apakah ada unsur benci di teks di atas
A: iya/tidak",tidak
786,id_hatespeech,id_hatespeech_nusantara_text,1eaf7dd3-9a40-4808-9021-de6afc76e78a,indo_unsur_benci,train,"Teks: Mulai seru ni #DebatFinalPilkadaJKT
Q: Apakah ada unsur benci di teks di atas
A: iya/tidak",tidak
787,id_hatespeech,id_hatespeech_nusantara_text,1eaf7dd3-9a40-4808-9021-de6afc76e78a,indo_unsur_benci,train,"Teks: #DebatFinalPilkadaJKT nangis nangis ketonjok lagi
Q: Apakah ada unsur benci di teks di atas
A: iya/tidak",tidak
788,id_hatespeech,id_hatespeech_nusantara_text,1eaf7dd3-9a40-4808-9021-de6afc76e78a,indo_unsur_benci,train,"Teks: RT @Kafyonaa: JADI DEBAT TERAKHIR NANTI MALAM PILIHANMU JATUH KE PASLON YANG MANA? #DebatFinalPilkadaJKT #Debat3PilkadaDKI
Q: Apakah ada unsur benci di teks di atas
A: iya/tidak",tidak
789,id_hatespeech,id_hatespeech_nusantara_text,1eaf7dd3-9a40-4808-9021-de6afc76e78a,indo_unsur_benci,train,"Teks: RT @magendajuang: Wkwkwk udah dah pilih Anies Sandi aja :) #DebatFinalPilkadaJKT https:\/\/t.co\/hMXhjyHBnJ
Q: Apakah ada unsur benci di teks di atas
A: iya/tidak",tidak
790,id_hatespeech,id_hatespeech_nusantara_text,1eaf7dd3-9a40-4808-9021-de6afc76e78a,indo_unsur_benci,train,"Teks: fitnah lebih kejam loh dari pembunuhan #DebatFinalPilkadaJKT
Q: Apakah ada unsur benci di teks di atas
A: iya/tidak",tidak
791,id_hatespeech,id_hatespeech_nusantara_text,1eaf7dd3-9a40-4808-9021-de6afc76e78a,indo_unsur_benci,train,"Teks: mari #debatsehat. jangan coba pakai #datasesat. #DebatFinalPilkadaJKT #DebatFinalDiKompasTV
Q: Apakah ada unsur benci di teks di atas
A: iya/tidak",tidak
792,id_hatespeech,id_hatespeech_nusantara_text,1eaf7dd3-9a40-4808-9021-de6afc76e78a,indo_unsur_benci,train,"Teks: RT @prastow: Apapun itu, keberanian Ahok membongkar mafia anggaran menjadi tonggak penting menuju APBD yg kredibel dan akuntabel.
Q: Apakah ada unsur benci di teks di atas
A: iya/tidak",tidak
793,id_hatespeech,id_hatespeech_nusantara_text,1eaf7dd3-9a40-4808-9021-de6afc76e78a,indo_unsur_benci,train,"Teks: RT @SydSalesman: inilah wujud nasional-is-me dagangannya @pandji ... hebat! https:\/\/t.co\/0fYIG6c2xl
Q: Apakah ada unsur benci di teks di atas
A: iya/tidak",tidak
794,id_hatespeech,id_hatespeech_nusantara_text,1eaf7dd3-9a40-4808-9021-de6afc76e78a,indo_unsur_benci,train,"Teks: Pak dosen makin keliatan aslinya :(
Q: Apakah ada unsur benci di teks di atas
A: iya/tidak",tidak
795,id_hatespeech,id_hatespeech_nusantara_text,1eaf7dd3-9a40-4808-9021-de6afc76e78a,indo_unsur_benci,train,"Teks: RT @gabriellaanDini: Dulu di awal kampanye bukannya uda deklarasi anti SARA??? Tadinya gw pikir no.3 lebih mending dari no.1
Q: Apakah ada unsur benci di teks di atas
A: iya/tidak",tidak
796,id_hatespeech,id_hatespeech_nusantara_text,1eaf7dd3-9a40-4808-9021-de6afc76e78a,indo_unsur_benci,train,"Teks: #DebatFinalPilkadaJKT mateng mpok Silvy di bombardir Pak Ahok... jawaban cerdas Pak Ahok..
Q: Apakah ada unsur benci di teks di atas
A: iya/tidak",tidak
797,id_hatespeech,id_hatespeech_nusantara_text,1eaf7dd3-9a40-4808-9021-de6afc76e78a,indo_unsur_benci,train,"Teks: #DebatFinalPilkadaJKT mohon tenang
Q: Apakah ada unsur benci di teks di atas
A: iya/tidak",tidak
798,id_hatespeech,id_hatespeech_nusantara_text,1eaf7dd3-9a40-4808-9021-de6afc76e78a,indo_unsur_benci,train,"Teks: Yg no.1 nih ngomongin hal yg di luar program mulu ya. Ngga ada bhan ya bwt serang lawan.. Cape dehh! #DebatFinalDKI #DebatFinalPilkadaJKT
Q: Apakah ada unsur benci di teks di atas
A: iya/tidak",tidak
799,id_hatespeech,id_hatespeech_nusantara_text,1eaf7dd3-9a40-4808-9021-de6afc76e78a,indo_unsur_benci,train,"Teks: Cinta pak Ahok pokoknya #DebatFinalPilkadaJKT
Q: Apakah ada unsur benci di teks di atas
A: iya/tidak",tidak
800,id_hatespeech,id_hatespeech_nusantara_text,1eaf7dd3-9a40-4808-9021-de6afc76e78a,indo_unsur_benci,train,"Teks: #DebatFinalPilkadaJKT nggak cuma ibu2 yang pengen foto sama Ahok bapak2 juga lho
Q: Apakah ada unsur benci di teks di atas
A: iya/tidak",tidak
801,id_hatespeech,id_hatespeech_nusantara_text,1eaf7dd3-9a40-4808-9021-de6afc76e78a,indo_unsur_benci,train,"Teks: Mas Agus saya akui malam ini....rambut kamu bagus! #DebatFinalPilkadaJKT
Q: Apakah ada unsur benci di teks di atas
A: iya/tidak",tidak
802,id_hatespeech,id_hatespeech_nusantara_text,1eaf7dd3-9a40-4808-9021-de6afc76e78a,indo_unsur_benci,train,"Teks: RT @republikaonline: Ahok Janji Berani Tutup Tempat Hiburan Malam yang Jual Narkoba
Q: Apakah ada unsur benci di teks di atas
A: iya/tidak",tidak
803,id_hatespeech,id_hatespeech_nusantara_text,1eaf7dd3-9a40-4808-9021-de6afc76e78a,indo_unsur_benci,train,"Teks: Agus-Sylvi sisipkan bahasa jawa saat debat https:\/\/t.co\/fGTfXgaINx
Q: Apakah ada unsur benci di teks di atas
A: iya/tidak",tidak
804,id_hatespeech,id_hatespeech_nusantara_text,1eaf7dd3-9a40-4808-9021-de6afc76e78a,indo_unsur_benci,train,"Teks: RT @hariadhi: Ahok udah perhatikan penyandang disabilitas, jauuuh sebelum kandidat lain berjanji #NobarAhokDjarot #BadjaPastiJuara
Q: Apakah ada unsur benci di teks di atas
A: iya/tidak",tidak
805,id_hatespeech,id_hatespeech_nusantara_text,1eaf7dd3-9a40-4808-9021-de6afc76e78a,indo_unsur_benci,train,"Teks: Ahok keren!!! #DebatFinalPilkadaJKT
Q: Apakah ada unsur benci di teks di atas
A: iya/tidak",tidak
806,id_hatespeech,id_hatespeech_nusantara_text,1eaf7dd3-9a40-4808-9021-de6afc76e78a,indo_unsur_benci,train,"Teks: Gimana ya Tim Ahok kok makin disudutkan(?) Mungkin karena ini final kali y
Q: Apakah ada unsur benci di teks di atas
A: iya/tidak",tidak
807,id_hatespeech,id_hatespeech_nusantara_text,1eaf7dd3-9a40-4808-9021-de6afc76e78a,indo_unsur_benci,train,"Teks: Nih fakta buat yg asbun. #BadjaPastimenang #DebatFinalPilkadaJKT
Q: Apakah ada unsur benci di teks di atas
A: iya/tidak",tidak
808,id_hatespeech,id_hatespeech_nusantara_text,1eaf7dd3-9a40-4808-9021-de6afc76e78a,indo_unsur_benci,train,"Teks: Siap-siap meme CCTV. #DebatFinalPilkadaJKT #Debat3PilkadaDKI #DebatFinalDKI
Q: Apakah ada unsur benci di teks di atas
A: iya/tidak",tidak
809,id_hatespeech,id_hatespeech_nusantara_text,1eaf7dd3-9a40-4808-9021-de6afc76e78a,indo_unsur_benci,train,"Teks: Nyinyir tingkat nasional #DebatFinalPilkadaJKT
Q: Apakah ada unsur benci di teks di atas
A: iya/tidak",tidak
810,id_hatespeech,id_hatespeech_nusantara_text,1eaf7dd3-9a40-4808-9021-de6afc76e78a,indo_unsur_benci,train,"Teks: Drama bgt itu :(( #DebatFinalPilkadaJKT
Q: Apakah ada unsur benci di teks di atas
A: iya/tidak",tidak
811,id_hatespeech,id_hatespeech_nusantara_text,1eaf7dd3-9a40-4808-9021-de6afc76e78a,indo_unsur_benci,train,"Teks: Ini judulnya Debat atau nyerang paslon 2 ?????? #DebatFinalPilkadaJKT
Q: Apakah ada unsur benci di teks di atas
A: iya/tidak",tidak
812,id_hatespeech,id_hatespeech_nusantara_text,1eaf7dd3-9a40-4808-9021-de6afc76e78a,indo_unsur_benci,train,"Teks: Lha kok menyerang gitu ya #DebatFinalPilkadaJKT
Q: Apakah ada unsur benci di teks di atas
A: iya/tidak",tidak
813,id_hatespeech,id_hatespeech_nusantara_text,1eaf7dd3-9a40-4808-9021-de6afc76e78a,indo_unsur_benci,train,"Teks: Debat sama berantem beda tipis #DebatFinalPilkadaJKT
Q: Apakah ada unsur benci di teks di atas
A: iya/tidak",tidak
814,id_hatespeech,id_hatespeech_nusantara_text,1eaf7dd3-9a40-4808-9021-de6afc76e78a,indo_unsur_benci,train,"Teks: Orang tegas dibilang maki-maki orang -_- #DebatFinalPilkadaJKT
Q: Apakah ada unsur benci di teks di atas
A: iya/tidak",tidak
815,id_hatespeech,id_hatespeech_nusantara_text,1eaf7dd3-9a40-4808-9021-de6afc76e78a,indo_unsur_benci,train,"Teks: 1 atau 2 perempuan berbeda dengan kaum perempuan #DebatFinalPilkadaJK
Q: Apakah ada unsur benci di teks di atas
A: iya/tidak",tidak
816,id_hatespeech,id_hatespeech_nusantara_text,1eaf7dd3-9a40-4808-9021-de6afc76e78a,indo_unsur_benci,train,"Teks: mantap OK OCE anies sandi dalam mengatasi urbanisasi dan lapangan kerja
Q: Apakah ada unsur benci di teks di atas
A: iya/tidak",tidak
817,id_hatespeech,id_hatespeech_nusantara_text,1eaf7dd3-9a40-4808-9021-de6afc76e78a,indo_unsur_benci,train,"Teks: RT @WisnuDewobroto: Ga seru nih. selalu mengungkit masa lalu :). kekerasan Verbal semua pernah lakukan manusia biasa. #DebatFinalPilkadaJKT
Q: Apakah ada unsur benci di teks di atas
A: iya/tidak",tidak
818,id_hatespeech,id_hatespeech_nusantara_text,1eaf7dd3-9a40-4808-9021-de6afc76e78a,indo_unsur_benci,train,"Teks: satu perempuan bukan semua perempuan #DebatFinalPilkadaJKT
Q: Apakah ada unsur benci di teks di atas
A: iya/tidak",tidak
819,id_hatespeech,id_hatespeech_nusantara_text,1eaf7dd3-9a40-4808-9021-de6afc76e78a,indo_unsur_benci,train,"Teks: #DebatFinalPilkadaJKT Pertanyaan paslon 1 dpt dikategorikan sbg kekerasan dalam debat.
Q: Apakah ada unsur benci di teks di atas
A: iya/tidak",tidak
820,id_hatespeech,id_hatespeech_nusantara_text,1eaf7dd3-9a40-4808-9021-de6afc76e78a,indo_unsur_benci,train,"Teks: @jokowi pak maafkan saya. Biarkan malam ini saja saya memposting ujaran kebencian. Hanya malam ini saja pak xoxo #DebatFinalPilkadaJKT
Q: Apakah ada unsur benci di teks di atas
A: iya/tidak",tidak
821,id_hatespeech,id_hatespeech_nusantara_text,1eaf7dd3-9a40-4808-9021-de6afc76e78a,indo_unsur_benci,train,"Teks: Semoga Allah memenangkan pak Anies-sandi https:\/\/t.co\/sns0rXRw3f
Q: Apakah ada unsur benci di teks di atas
A: iya/tidak",tidak
822,id_hatespeech,id_hatespeech_nusantara_text,1eaf7dd3-9a40-4808-9021-de6afc76e78a,indo_unsur_benci,train,"Teks: #DebatFinalPilkadaJKT non muslim coblos Ahok muslim coblos Djarot. Bagaimana?
Q: Apakah ada unsur benci di teks di atas
A: iya/tidak",tidak
823,id_hatespeech,id_hatespeech_nusantara_text,1eaf7dd3-9a40-4808-9021-de6afc76e78a,indo_unsur_benci,train,"Teks: #DebatFinalPilkadaJKT *pemimpin harus dapat ciptakan suasana damai tentram dan bukan adu domba atau hasutan
Q: Apakah ada unsur benci di teks di atas
A: iya/tidak",tidak
824,id_hatespeech,id_hatespeech_nusantara_text,1eaf7dd3-9a40-4808-9021-de6afc76e78a,indo_unsur_benci,train,"Teks: Saya bertanya kepada Bapak Presiden dan Kapolri OK OCE tuh apaan? #DebatFinalPilkadaJKT
Q: Apakah ada unsur benci di teks di atas
A: iya/tidak",tidak
825,id_hatespeech,id_hatespeech_nusantara_text,1eaf7dd3-9a40-4808-9021-de6afc76e78a,indo_unsur_benci,train,"Teks: Keliatan banget keberpihakan media #DebatFinalPilkadaJKT
Q: Apakah ada unsur benci di teks di atas
A: iya/tidak",tidak
826,id_hatespeech,id_hatespeech_nusantara_text,1eaf7dd3-9a40-4808-9021-de6afc76e78a,indo_unsur_benci,train,"Teks: RT @di_HatiKecil: Bagus nih ilustrasinya #DebatFinalPilkadaJKT https:\/\/t.co\/zAQLqrBiUF
Q: Apakah ada unsur benci di teks di atas
A: iya/tidak",tidak
827,id_hatespeech,id_hatespeech_nusantara_text,1eaf7dd3-9a40-4808-9021-de6afc76e78a,indo_unsur_benci,train,"Teks: RT @rezaoktovian: Ahok terlalu keren :')
Q: Apakah ada unsur benci di teks di atas
A: iya/tidak",tidak
828,id_hatespeech,id_hatespeech_nusantara_text,1eaf7dd3-9a40-4808-9021-de6afc76e78a,indo_unsur_benci,train,"Teks: isinya timeline twitter cm pilkada.. membosankan sekali..
Q: Apakah ada unsur benci di teks di atas
A: iya/tidak",tidak
829,id_hatespeech,id_hatespeech_nusantara_text,1eaf7dd3-9a40-4808-9021-de6afc76e78a,indo_unsur_benci,train,"Teks: Mohon tenang mohon tenang #DebatFinalPilkadaJKT
Q: Apakah ada unsur benci di teks di atas
A: iya/tidak",tidak
830,id_hatespeech,id_hatespeech_nusantara_text,1eaf7dd3-9a40-4808-9021-de6afc76e78a,indo_unsur_benci,train,"Teks: ah diulang. Jawabannya bisa beda kan? #DebatFinalPilkadaJKT
Q: Apakah ada unsur benci di teks di atas
A: iya/tidak",tidak
831,id_hatespeech,id_hatespeech_nusantara_text,1eaf7dd3-9a40-4808-9021-de6afc76e78a,indo_unsur_benci,train,"Teks: Perasaan bukan pertanyaan itu deh yg td dijawab om @aniesbaswedan audionya ga keluar atau ia ya? #DebatFinalPilkadaJKT
Q: Apakah ada unsur benci di teks di atas
A: iya/tidak",tidak
832,id_hatespeech,id_hatespeech_nusantara_text,1eaf7dd3-9a40-4808-9021-de6afc76e78a,indo_unsur_benci,train,"Teks: Boleh tinggal di pinggir kali meski bukan tanahnya boleh jualan di pinggir jalan
Q: Apakah ada unsur benci di teks di atas
A: iya/tidak",tidak
833,id_hatespeech,id_hatespeech_nusantara_text,1eaf7dd3-9a40-4808-9021-de6afc76e78a,indo_unsur_benci,train,"Teks: RT @rigenz123: Sehatkan Warga DKI Melalui #JakartaBerlari Barulah Pembangunan Dapat Sejahterakan Warganya. #DebatFinalPilkadaJKT
Q: Apakah ada unsur benci di teks di atas
A: iya/tidak",tidak
834,id_hatespeech,id_hatespeech_nusantara_text,1eaf7dd3-9a40-4808-9021-de6afc76e78a,indo_unsur_benci,train,"Teks: kalau kamu diputuskan pacar tanpa sebab mungkin program OKE OCE bisa jadi solusi nya #DebatFinalPilkadaJKT
Q: Apakah ada unsur benci di teks di atas
A: iya/tidak",tidak
835,id_hatespeech,id_hatespeech_nusantara_text,1eaf7dd3-9a40-4808-9021-de6afc76e78a,indo_unsur_benci,train,"Teks: Melibatkan yang paham pada bidangnya untuk duduk bersama memecahkan solusi. Cara kepemimpinan yg cerdas ! #DebatFinalPilkadaJKT
Q: Apakah ada unsur benci di teks di atas
A: iya/tidak",tidak
836,id_hatespeech,id_hatespeech_nusantara_text,1eaf7dd3-9a40-4808-9021-de6afc76e78a,indo_unsur_benci,train,"Teks: Justru laki-laki lah yang sering mengalami kekerasan verbal. Berapa kali dirimu dimarahi istrimu..? Ayo ngaku.
Q: Apakah ada unsur benci di teks di atas
A: iya/tidak",tidak
837,id_hatespeech,id_hatespeech_nusantara_text,1eaf7dd3-9a40-4808-9021-de6afc76e78a,indo_unsur_benci,train,"Teks: RT @TirtoID: Soal gerakan-gerakan ala @aniesbaswedan #PeriksaData #DebatFinalPilkadaJKT
Q: Apakah ada unsur benci di teks di atas
A: iya/tidak",tidak
838,id_hatespeech,id_hatespeech_nusantara_text,1eaf7dd3-9a40-4808-9021-de6afc76e78a,indo_unsur_benci,train,"Teks: Mayoritas warga Jakarta ingin dipimpin Gubernur baru. Emang iya? #DebatFinalPilkadaJKT
Q: Apakah ada unsur benci di teks di atas
A: iya/tidak",tidak
839,id_hatespeech,id_hatespeech_nusantara_text,1eaf7dd3-9a40-4808-9021-de6afc76e78a,indo_unsur_benci,train,"Teks: Paslon 1 selalu nyerang paslon 2 ni #DebatFinalPilkadaJKT
Q: Apakah ada unsur benci di teks di atas
A: iya/tidak",tidak
840,id_hatespeech,id_hatespeech_nusantara_text,1eaf7dd3-9a40-4808-9021-de6afc76e78a,indo_unsur_benci,train,"Teks: RT @JktMajuBersama: Upaya Anies-Sandi untuk mendukung perempuan menjadi pelaku UKM :) #DebatFinalPilkadaJKT
Q: Apakah ada unsur benci di teks di atas
A: iya/tidak",tidak
841,id_hatespeech,id_hatespeech_nusantara_text,1eaf7dd3-9a40-4808-9021-de6afc76e78a,indo_unsur_benci,train,"Teks: Salah satu indikator meningkatnya kualitas hidup warga Jkt adl terus bisa tersenyum seperti Pak Djarot malam ini
Q: Apakah ada unsur benci di teks di atas
A: iya/tidak",tidak
842,id_hatespeech,id_hatespeech_nusantara_text,1eaf7dd3-9a40-4808-9021-de6afc76e78a,indo_unsur_benci,train,"Teks: Tontonan yg wajib ditunggu sehabis #DebatFinalPilkadaJKT
Q: Apakah ada unsur benci di teks di atas
A: iya/tidak",tidak
843,id_hatespeech,id_hatespeech_nusantara_text,1eaf7dd3-9a40-4808-9021-de6afc76e78a,indo_unsur_benci,train,"Teks: RT @ainouun: Pak Ahok : penyandang disabilitas bukan hanya mereka, suatu saat kita juga bisa jadi. #DebatFinalPilkadaJKT
Q: Apakah ada unsur benci di teks di atas
A: iya/tidak",tidak
844,id_hatespeech,id_hatespeech_nusantara_text,1eaf7dd3-9a40-4808-9021-de6afc76e78a,indo_unsur_benci,train,"Teks: RT @tribunjateng: Saat Jeda, Ahok dan Djarot Sapa Ganjar Pranowo dari Atas Panggung
Q: Apakah ada unsur benci di teks di atas
A: iya/tidak",tidak
845,id_hatespeech,id_hatespeech_nusantara_text,1eaf7dd3-9a40-4808-9021-de6afc76e78a,indo_unsur_benci,train,"Teks: @Boojaee sayang hyung cuma pencitraan :* wkwk
Q: Apakah ada unsur benci di teks di atas
A: iya/tidak",tidak
846,id_hatespeech,id_hatespeech_nusantara_text,1eaf7dd3-9a40-4808-9021-de6afc76e78a,indo_unsur_benci,train,"Teks: @kurawa Msh inget sm ibu penjual kue di balaikota, cm Pak Ahok yg tau klo si ibu sakit, ibu itu langsung diurus ke rs. Ini bukan pencitraan.
Q: Apakah ada unsur benci di teks di atas
A: iya/tidak",tidak
847,id_hatespeech,id_hatespeech_nusantara_text,1eaf7dd3-9a40-4808-9021-de6afc76e78a,indo_unsur_benci,train,"Teks: Biar jajan naik sejuta https://t.co/veZ5PXxDfr
Q: Apakah ada unsur benci di teks di atas
A: iya/tidak",tidak
848,id_hatespeech,id_hatespeech_nusantara_text,1eaf7dd3-9a40-4808-9021-de6afc76e78a,indo_unsur_benci,train,"Teks: bio gw belum diganti astagfirullah rusak pencitraan cewe cantik
Q: Apakah ada unsur benci di teks di atas
A: iya/tidak",tidak
849,id_hatespeech,id_hatespeech_nusantara_text,1eaf7dd3-9a40-4808-9021-de6afc76e78a,indo_unsur_benci,train,"Teks: #MataNajwaDebatJakarta Ya ampun udh closing statement msh aja commentnya ky gitu ya
Q: Apakah ada unsur benci di teks di atas
A: iya/tidak",tidak
850,id_hatespeech,id_hatespeech_nusantara_text,1eaf7dd3-9a40-4808-9021-de6afc76e78a,indo_unsur_benci,train,"Teks: Hah uda closing statement?? Cepet bener?? #DebatFinalPilkadaJKT
Q: Apakah ada unsur benci di teks di atas
A: iya/tidak",tidak
851,id_hatespeech,id_hatespeech_nusantara_text,1eaf7dd3-9a40-4808-9021-de6afc76e78a,indo_unsur_benci,train,"Teks: RT @digembok: #DebatFinalPilkadaJKT kali ini keren.Biasanya ada sesi tanya-jawab Kali ini ada SESI CURHAT
Q: Apakah ada unsur benci di teks di atas
A: iya/tidak",tidak
852,id_hatespeech,id_hatespeech_nusantara_text,1eaf7dd3-9a40-4808-9021-de6afc76e78a,indo_unsur_benci,train,"Teks: Ketiga paslon gagal menjawab pertanyaan yang jawabannya harus memuji kebaikan paslon lain
Q: Apakah ada unsur benci di teks di atas
A: iya/tidak",tidak
853,id_hatespeech,id_hatespeech_nusantara_text,1eaf7dd3-9a40-4808-9021-de6afc76e78a,indo_unsur_benci,train,"Teks: Mari berjuang bersama SBYudhoyono utk memenangkan #SaduddinDhani di #PilkadaKabBekasi2017 #BekasiSAH #BekasiBerjaya
Q: Apakah ada unsur benci di teks di atas
A: iya/tidak",tidak
854,id_hatespeech,id_hatespeech_nusantara_text,1eaf7dd3-9a40-4808-9021-de6afc76e78a,indo_unsur_benci,train,"Teks: Jikapun aparatur bisa dibeli, kyai dan santri oplosan dibeli. Masih ada yng ASLI, siap MELAWAN KETIDAKADILAN https://t.co/riloAH9gAd
Q: Apakah ada unsur benci di teks di atas
A: iya/tidak",tidak
855,id_hatespeech,id_hatespeech_nusantara_text,1eaf7dd3-9a40-4808-9021-de6afc76e78a,indo_unsur_benci,train,"Teks: Pasangan mana yang unggul dalam debat kandidat Gubernur-Wagub DKI Jakarta Malam Ini?
Q: Apakah ada unsur benci di teks di atas
A: iya/tidak",tidak
856,id_hatespeech,id_hatespeech_nusantara_text,1eaf7dd3-9a40-4808-9021-de6afc76e78a,indo_unsur_benci,train,"Teks: Keberagaman itu datang dr hati terdalam, bukan dr pencitraan #Tetap3 #JKTBeragam
Q: Apakah ada unsur benci di teks di atas
A: iya/tidak",tidak
857,id_hatespeech,id_hatespeech_nusantara_text,1eaf7dd3-9a40-4808-9021-de6afc76e78a,indo_unsur_benci,train,"Teks: Membangun bangsa dan negara ini engga cukup dengan metoda pencitraan saja ,tanpa teruji lewat rekam jejak dan integritas tokohnya
Q: Apakah ada unsur benci di teks di atas
A: iya/tidak",tidak
858,id_hatespeech,id_hatespeech_nusantara_text,1eaf7dd3-9a40-4808-9021-de6afc76e78a,indo_unsur_benci,train,"Teks: RT @adelladellaide: Bersikap baik dan menjaga prilaku di depan umum bukan berarti pencitraan, bukan pula ""menjadi orang lain"".
Q: Apakah ada unsur benci di teks di atas
A: iya/tidak",tidak
859,id_hatespeech,id_hatespeech_nusantara_text,1eaf7dd3-9a40-4808-9021-de6afc76e78a,indo_unsur_benci,train,"Teks: RT @FiersaBesari: Saat jujur, ada yg curiga. Saat berbuat baik, ada yg menuduh pencitraan. Saat bahagia, ada yg iri. Abaikan.
Q: Apakah ada unsur benci di teks di atas
A: iya/tidak",tidak
860,id_hatespeech,id_hatespeech_nusantara_text,1eaf7dd3-9a40-4808-9021-de6afc76e78a,indo_unsur_benci,train,"Teks: Umat Islam yg peduli agama mrk, tentu tdk akan tergoda dg trik2 konyol seperti ini, InshaAllah umat Islam sdh sadar https://t.co/PFH1MPsKFO
Q: Apakah ada unsur benci di teks di atas
A: iya/tidak",tidak
861,id_hatespeech,id_hatespeech_nusantara_text,1eaf7dd3-9a40-4808-9021-de6afc76e78a,indo_unsur_benci,train,"Teks: #AniesIntoleran \nAnies Baswedan, tak lagi memiliki integritas dan kredibilitas sebagai seorang pemimpin. https://t.co/rv053Gt4j8
Q: Apakah ada unsur benci di teks di atas
A: iya/tidak",tidak
862,id_hatespeech,id_hatespeech_nusantara_text,1eaf7dd3-9a40-4808-9021-de6afc76e78a,indo_unsur_benci,train,"Teks: @agusriyadi12345 Apakah perlu semua berita ahok harus menggunakan penista agama. Misalnya Penista agama sedang kampanye di Jakarta pusat.
Q: Apakah ada unsur benci di teks di atas
A: iya/tidak",tidak
863,id_hatespeech,id_hatespeech_nusantara_text,1eaf7dd3-9a40-4808-9021-de6afc76e78a,indo_unsur_benci,train,"Teks: @agusriyadi12345 Apakah tidak sadis, jika semua berita tentang ahok, judulnya diawali degan Terdakwa penista agama bukan menggunakan nama?
Q: Apakah ada unsur benci di teks di atas
A: iya/tidak",tidak
864,id_hatespeech,id_hatespeech_nusantara_text,1eaf7dd3-9a40-4808-9021-de6afc76e78a,indo_unsur_benci,train,"Teks: @Altefalken kemarin kan ada berita tentang penyakit mengingitis dari Babi, mksd gw apa nyambungnya sama ahok?
Q: Apakah ada unsur benci di teks di atas
A: iya/tidak",tidak
865,id_hatespeech,id_hatespeech_nusantara_text,1eaf7dd3-9a40-4808-9021-de6afc76e78a,indo_unsur_benci,train,"Teks: @ISejunnie @AHMADDHANIPRAST artis korea bisa world tour ahmad dhani bisa ?
Q: Apakah ada unsur benci di teks di atas
A: iya/tidak",tidak
866,id_hatespeech,id_hatespeech_nusantara_text,1eaf7dd3-9a40-4808-9021-de6afc76e78a,indo_unsur_benci,train,"Teks: @HaqueMarissa ,, ahok di jakarta , daging babi di bali apa hubungan nya ya??
Q: Apakah ada unsur benci di teks di atas
A: iya/tidak",tidak
867,id_hatespeech,id_hatespeech_nusantara_text,1eaf7dd3-9a40-4808-9021-de6afc76e78a,indo_unsur_benci,train,"Teks: Ahmad Dhani Bangkrut Ditagih Utang Melalui Video, Mantan Istrinya Jadi Janda Kaya Raya: Hampir setahun berlalu, https://t.co/22InRwRR26
Q: Apakah ada unsur benci di teks di atas
A: iya/tidak",tidak
868,id_hatespeech,id_hatespeech_nusantara_text,1eaf7dd3-9a40-4808-9021-de6afc76e78a,indo_unsur_benci,train,"Teks: Ahmad Dhani Sentil AHOK, eh Sandiaga Uno cengar cengir.!: https://t.co/vhDAAa3ShI melalui @YouTube
Q: Apakah ada unsur benci di teks di atas
A: iya/tidak",tidak
869,id_hatespeech,id_hatespeech_nusantara_text,1eaf7dd3-9a40-4808-9021-de6afc76e78a,indo_unsur_benci,train,"Teks: Hehhee.. Makanya jangan mengagumi sesorng berlebihan.. Kecuali kepada Rasulullah.. https://t.co/ZXVB2DiRMg
Q: Apakah ada unsur benci di teks di atas
A: iya/tidak",tidak
870,id_hatespeech,id_hatespeech_nusantara_text,1eaf7dd3-9a40-4808-9021-de6afc76e78a,indo_unsur_benci,train,"Teks: #MataNajwaDebatJakarta acara uda abis menurut kalian debat sapa yang betul-betul memaparkan prog dan solusi?
Q: Apakah ada unsur benci di teks di atas
A: iya/tidak",tidak
871,id_hatespeech,id_hatespeech_nusantara_text,1eaf7dd3-9a40-4808-9021-de6afc76e78a,indo_unsur_benci,train,"Teks: Mereka (koruptor) meletakkan kitab suci ditempat paling rendah...tapi masih sok jadi pemilik kapling surga... https://t.co/oj5YN3WBeI
Q: Apakah ada unsur benci di teks di atas
A: iya/tidak",tidak
872,id_hatespeech,id_hatespeech_nusantara_text,1eaf7dd3-9a40-4808-9021-de6afc76e78a,indo_unsur_benci,train,"Teks: RT @99Ohhani: Woww dukungan Rakyat Palestina ke Ahok yg dituduhSbg penista Agama ?? mrk Mengelu2kan Ahok !!!Ahok is The Best https://t.co/
Q: Apakah ada unsur benci di teks di atas
A: iya/tidak",tidak
873,id_hatespeech,id_hatespeech_nusantara_text,1eaf7dd3-9a40-4808-9021-de6afc76e78a,indo_unsur_benci,train,"Teks: Pencitraan di socmed itu boleh-boleh aja. Tapi harus bisa tanggung jawab sama citra yang udh dibikin. Jangan sampe jadi malu-maluin. Kasian.
Q: Apakah ada unsur benci di teks di atas
A: iya/tidak",tidak
874,id_hatespeech,id_hatespeech_nusantara_text,1eaf7dd3-9a40-4808-9021-de6afc76e78a,indo_unsur_benci,train,"Teks: RT @kompascom: Kasus Kicauan Ahmad Dhani Dilimpahkan ke Polres Metro Jakarta Selatan. https://t.co/uJ0m7JernN
Q: Apakah ada unsur benci di teks di atas
A: iya/tidak",tidak
875,id_hatespeech,id_hatespeech_nusantara_text,1eaf7dd3-9a40-4808-9021-de6afc76e78a,indo_unsur_benci,train,"Teks: RT @kv_kahfi: Komplit bgt yaaaa..... Heran nya msh aja yg percaya dan idolain dia https://t.co/PNTYRAnaJO
Q: Apakah ada unsur benci di teks di atas
A: iya/tidak",tidak
876,id_hatespeech,id_hatespeech_nusantara_text,1eaf7dd3-9a40-4808-9021-de6afc76e78a,indo_unsur_benci,train,"Teks: RT @m0th3rb04rd__: bagaimana keadilan bisa tercipta jika si penista agama belum di vonis penjara\n #BerjamaahTolakReklamasi
Q: Apakah ada unsur benci di teks di atas
A: iya/tidak",tidak
877,id_hatespeech,id_hatespeech_nusantara_text,1eaf7dd3-9a40-4808-9021-de6afc76e78a,indo_unsur_benci,train,"Teks: RT @TeddyGusnaidi: Bro.. Kalau yg dimaksud Fatwa Penista agama, MUI gak pernah mengeluarkan Fatwa. https://t.co/x9uXhqJKCa
Q: Apakah ada unsur benci di teks di atas
A: iya/tidak",tidak
878,id_hatespeech,id_hatespeech_nusantara_text,1eaf7dd3-9a40-4808-9021-de6afc76e78a,indo_unsur_benci,train,"Teks: RT @TeddyGusnaidi: Sidang hari ini makin menguatkan bahwa Ahok bukan penista agama.. Ada yang bisa bantah?? \nhttps://t.co/2Ksj4snR1t
Q: Apakah ada unsur benci di teks di atas
A: iya/tidak",tidak
879,id_hatespeech,id_hatespeech_nusantara_text,1eaf7dd3-9a40-4808-9021-de6afc76e78a,indo_unsur_benci,train,"Teks: Sebut Ahok Bukan Akademisi, Ahmad Dhani: Secara Intelektual, Lebih Intelek Bang Anies https://t.co/YrzfmMV1LG
Q: Apakah ada unsur benci di teks di atas
A: iya/tidak",tidak
880,id_hatespeech,id_hatespeech_nusantara_text,1eaf7dd3-9a40-4808-9021-de6afc76e78a,indo_unsur_benci,train,"Teks: Yg melakukan Penista Agama sesungguhnya, agama yg suci digunakan alat untuk mengejar jabatan (kekuasaan) https://t.co/hKvZIpm8ZS
Q: Apakah ada unsur benci di teks di atas
A: iya/tidak",tidak
881,id_hatespeech,id_hatespeech_nusantara_text,1eaf7dd3-9a40-4808-9021-de6afc76e78a,indo_unsur_benci,train,"Teks: Kalah di Pilkada Bekasi, Ahmad Dhani Jadi Juru Kampanye Pasangan Anies-Sandi https://t.co/oIZpN8hYnd #NenengYes https://t.co/FGOhKhXWxt
Q: Apakah ada unsur benci di teks di atas
A: iya/tidak",tidak
882,id_hatespeech,id_hatespeech_nusantara_text,1eaf7dd3-9a40-4808-9021-de6afc76e78a,indo_unsur_benci,train,"Teks: #MataNajwaDebatJakarta Bravo closing statement Anies malam ini.kalau nggak ada debat saya nggak mungkin nonton mata najwa sdh lama tdk suka.
Q: Apakah ada unsur benci di teks di atas
A: iya/tidak",tidak
883,id_hatespeech,id_hatespeech_nusantara_text,1eaf7dd3-9a40-4808-9021-de6afc76e78a,indo_unsur_benci,train,"Teks: #MataNajwaDebatJakarta jawaban terakhir Anis jadi bikin ingat jawaban dia pas debat kemarin, ""jawaban anda menarik tapi tidak nyambung""
Q: Apakah ada unsur benci di teks di atas
A: iya/tidak",tidak
884,id_hatespeech,id_hatespeech_nusantara_text,1eaf7dd3-9a40-4808-9021-de6afc76e78a,indo_unsur_benci,train,"Teks: #MataNajwaDebatJakarta buzzer ahok lagi kerja keras nih,.ayo kerja2 tar gajian ga turun
Q: Apakah ada unsur benci di teks di atas
A: iya/tidak",tidak
885,id_hatespeech,id_hatespeech_nusantara_text,1eaf7dd3-9a40-4808-9021-de6afc76e78a,indo_unsur_benci,train,"Teks: #MataNajwaDebatJakarta kerendahan hati dan lawan kerendahan hati kelihatan banget..
Q: Apakah ada unsur benci di teks di atas
A: iya/tidak",tidak
886,id_hatespeech,id_hatespeech_nusantara_text,1eaf7dd3-9a40-4808-9021-de6afc76e78a,indo_unsur_benci,train,"Teks: #MataNajwaDebatJakarta kok gaya pak @aniesbaswedan kayak SBY ya?
Q: Apakah ada unsur benci di teks di atas
A: iya/tidak",tidak
887,id_hatespeech,id_hatespeech_nusantara_text,1eaf7dd3-9a40-4808-9021-de6afc76e78a,indo_unsur_benci,train,"Teks: #MataNajwaDebatJakarta kenyataannya si anis nyaman bgt dgn isu sara kok , kan nguntungin anis , pura2 sok bijak pdhl menikmati isu sara ,
Q: Apakah ada unsur benci di teks di atas
A: iya/tidak",tidak
888,id_hatespeech,id_hatespeech_nusantara_text,1eaf7dd3-9a40-4808-9021-de6afc76e78a,indo_unsur_benci,train,"Teks: #MataNajwaDebatJakarta nyesel liat debat tidak bermutu cuma bisa mencela..
Q: Apakah ada unsur benci di teks di atas
A: iya/tidak",tidak
889,id_hatespeech,id_hatespeech_nusantara_text,1eaf7dd3-9a40-4808-9021-de6afc76e78a,indo_unsur_benci,train,"Teks: #MataNajwaDebatJakarta.kesimpulan: Saya tdk rela punya Gub seorg Anies dan sy percaya Ahok akan menang. Salam 2 jari.
Q: Apakah ada unsur benci di teks di atas
A: iya/tidak",tidak
890,id_hatespeech,id_hatespeech_nusantara_text,1eaf7dd3-9a40-4808-9021-de6afc76e78a,indo_unsur_benci,train,"Teks: @ibnusungeb ahoker panas dingin ahok kalah debat Sama Anis. #MataNajwaDebatJakarta
Q: Apakah ada unsur benci di teks di atas
A: iya/tidak",tidak
891,id_hatespeech,id_hatespeech_nusantara_text,1eaf7dd3-9a40-4808-9021-de6afc76e78a,indo_unsur_benci,train,"Teks: Ada yg tahu ga backsound penutup mata najwa ini siapa musisinya dan apa judulnya? #MataNajwaDebatJakarta
Q: Apakah ada unsur benci di teks di atas
A: iya/tidak",tidak
892,id_hatespeech,id_hatespeech_nusantara_text,1eaf7dd3-9a40-4808-9021-de6afc76e78a,indo_unsur_benci,train,"Teks: #MataNajwaDebatJakarta p ahok apapun hanya Utk rakyat, p anies tkt dicurangi... Ngerti bedanya..
Q: Apakah ada unsur benci di teks di atas
A: iya/tidak",tidak
893,id_hatespeech,id_hatespeech_nusantara_text,1eaf7dd3-9a40-4808-9021-de6afc76e78a,indo_unsur_benci,train,"Teks: @MataNajwa mantapppp Mata Najwa diskusi lebih hidup dan mendidik,,, jauh berkualitas di banding debat yg selenggarakan KPU
Q: Apakah ada unsur benci di teks di atas
A: iya/tidak",tidak
894,id_hatespeech,id_hatespeech_nusantara_text,1eaf7dd3-9a40-4808-9021-de6afc76e78a,indo_unsur_benci,train,"Teks: @MataNajwa mbak najwa..ayo ""ketengah"" lagi sedikit..jgn terlihat ke kiri, dgn meminta terus pak anies cpt2 menyelesaikan kalimat2nya..
Q: Apakah ada unsur benci di teks di atas
A: iya/tidak",tidak
895,id_hatespeech,id_hatespeech_nusantara_text,1eaf7dd3-9a40-4808-9021-de6afc76e78a,indo_unsur_benci,train,"Teks: Dan soal soal ribut-ribut pribumi vs non pribumi yang ramai di beranda saya itu, sebenarnya maksudnya apa? ikut...
Q: Apakah ada unsur benci di teks di atas
A: iya/tidak",tidak
896,id_hatespeech,id_hatespeech_nusantara_text,1eaf7dd3-9a40-4808-9021-de6afc76e78a,indo_unsur_benci,train,"Teks: Sedih liat pak anies saat ini, tokoh yang dulu saya kagumi kenapa jadi seperti ini ;') #MataNajwaDebatJakarta
Q: Apakah ada unsur benci di teks di atas
A: iya/tidak",tidak
897,id_hatespeech,id_hatespeech_nusantara_text,1eaf7dd3-9a40-4808-9021-de6afc76e78a,indo_unsur_benci,train,"Teks: Awal sp akhir @aniesbaswedan bisanya cm serang pribadi @basuki_btp gak ada program yg perlu dibanggakan #MataNajwaDebatJakarta
Q: Apakah ada unsur benci di teks di atas
A: iya/tidak",tidak
898,id_hatespeech,id_hatespeech_nusantara_text,1eaf7dd3-9a40-4808-9021-de6afc76e78a,indo_unsur_benci,train,"Teks: Gimana nih om @pandji pasti ikut gedeg juga kan dengerin retorika ga ada wawasan. Tapi gimana udah terlanjur ya. #matanajwadebatjakarta
Q: Apakah ada unsur benci di teks di atas
A: iya/tidak",tidak
899,id_hatespeech,id_hatespeech_nusantara_text,1eaf7dd3-9a40-4808-9021-de6afc76e78a,indo_unsur_benci,train,"Teks: Haduhhhh Pak Anies.. Terus pendukung anda yang didatengin ke Jakarta itu dari mana pak? Dari luar jakarta kan #MataNajwaDebatJakarta
Q: Apakah ada unsur benci di teks di atas
A: iya/tidak",tidak
900,id_hatespeech,id_hatespeech_nusantara_text,1eaf7dd3-9a40-4808-9021-de6afc76e78a,indo_unsur_benci,train,"Teks: Haha anies pendemo2 dr jawa barat kok ga ngomen. Takut kalah ya haha #MataNajwaDebatJakarta
Q: Apakah ada unsur benci di teks di atas
A: iya/tidak",tidak
901,id_hatespeech,id_hatespeech_nusantara_text,1eaf7dd3-9a40-4808-9021-de6afc76e78a,indo_unsur_benci,train,"Teks: #MataNajwaDebatJakarta pak uno habis 62M istrinya ga marah ya pak? Saya mo beli sepatu 300rb aja istri saya marah2 pak
Q: Apakah ada unsur benci di teks di atas
A: iya/tidak",tidak
902,id_hatespeech,id_hatespeech_nusantara_text,1eaf7dd3-9a40-4808-9021-de6afc76e78a,indo_unsur_benci,train,"Teks: #MataNajwaDebatJakarta jangan suka menyerang, ini bukan perang,. mengapa ingin ibadah harus menyerang orang..
Q: Apakah ada unsur benci di teks di atas
A: iya/tidak",tidak
903,id_hatespeech,id_hatespeech_nusantara_text,1eaf7dd3-9a40-4808-9021-de6afc76e78a,indo_unsur_benci,train,"Teks: #MataNajwaDebatJakarta Paslon 3 serang terus dengan membawa2 hal2 yg biasa menyerang, tp Paslon 2 tenang menjawabnya
Q: Apakah ada unsur benci di teks di atas
A: iya/tidak",tidak
904,id_hatespeech,id_hatespeech_nusantara_text,1eaf7dd3-9a40-4808-9021-de6afc76e78a,indo_unsur_benci,train,"Teks: Aahhh akuh sedih, akuh org depok ternyata ngga boleh ke jakarta pak mANIES jahattttt #MataNajwaDebatJakarta
Q: Apakah ada unsur benci di teks di atas
A: iya/tidak",tidak
905,id_hatespeech,id_hatespeech_nusantara_text,1eaf7dd3-9a40-4808-9021-de6afc76e78a,indo_unsur_benci,train,"Teks: #MataNajwaDebatJakarta saludd utk mata najwa, berbobot sekali perdebatan malam ini..
Q: Apakah ada unsur benci di teks di atas
A: iya/tidak",tidak
906,id_hatespeech,id_hatespeech_nusantara_text,1eaf7dd3-9a40-4808-9021-de6afc76e78a,indo_unsur_benci,train,"Teks: Jadilah orang yang bertanggung jawab atas segala tindakan anda. dengan demikian anda akan menuai hal yang positif. #SidangAhok
Q: Apakah ada unsur benci di teks di atas
A: iya/tidak",tidak
907,id_hatespeech,id_hatespeech_nusantara_text,1eaf7dd3-9a40-4808-9021-de6afc76e78a,indo_unsur_benci,train,"Teks: Menurut Anda, apakah #SidangAhok Dugaan Penistaan Agama dgn Terdakwa @basuki_btp murni isyu Pilkada DKI Jakarta atau murni demi Islam???
Q: Apakah ada unsur benci di teks di atas
A: iya/tidak",tidak
908,id_hatespeech,id_hatespeech_nusantara_text,1eaf7dd3-9a40-4808-9021-de6afc76e78a,indo_unsur_benci,train,"Teks: Semua kejujuran akan mendapatkan pahala dari surga. Sabar ya Pak Basuki #FreeAhok https://t.co/NlgbEcj4Jc
Q: Apakah ada unsur benci di teks di atas
A: iya/tidak",tidak
909,id_hatespeech,id_hatespeech_nusantara_text,1eaf7dd3-9a40-4808-9021-de6afc76e78a,indo_unsur_benci,train,"Teks: Jadilah orang yang bertanggung jawab atas segala tindakan anda. dengan demikian anda akan menuai hal yang positif. #SidangAhok
Q: Apakah ada unsur benci di teks di atas
A: iya/tidak",tidak
910,id_hatespeech,id_hatespeech_nusantara_text,1eaf7dd3-9a40-4808-9021-de6afc76e78a,indo_unsur_benci,train,"Teks: #MataNajwaDebatJakarta terima kasih telah memberikan pendidikan demokrasi pada rakyat Indonesia, khususnya Jakarta.
Q: Apakah ada unsur benci di teks di atas
A: iya/tidak",tidak
911,id_hatespeech,id_hatespeech_nusantara_text,1eaf7dd3-9a40-4808-9021-de6afc76e78a,indo_unsur_benci,train,"Teks: Keberagaman itu datang dr hati terdalam, bukan dr pencitraan #Tetap3 #JKTBeragam
Q: Apakah ada unsur benci di teks di atas
A: iya/tidak",tidak
912,id_hatespeech,id_hatespeech_nusantara_text,1eaf7dd3-9a40-4808-9021-de6afc76e78a,indo_unsur_benci,train,"Teks: Membangun bangsa dan negara ini engga cukup dengan metoda pencitraan saja ,tanpa teruji lewat rekam jejak dan integritas tokohnya
Q: Apakah ada unsur benci di teks di atas
A: iya/tidak",tidak
913,id_hatespeech,id_hatespeech_nusantara_text,1eaf7dd3-9a40-4808-9021-de6afc76e78a,indo_unsur_benci,train,"Teks: jangan ada keberpihakan dalam badan hukum karena itu akan merusak demokrasi #important #MataNajwaDebatJakarta
Q: Apakah ada unsur benci di teks di atas
A: iya/tidak",tidak
914,id_hatespeech,id_hatespeech_nusantara_text,1eaf7dd3-9a40-4808-9021-de6afc76e78a,indo_unsur_benci,train,"Teks: Jika lo bisa menceritakan kembali kalimat2 yg dilontarkan Anies di @MataNajwa dgn bahasa lo sendiri, lo luar biasa. #MataNajwaDebatJakarta
Q: Apakah ada unsur benci di teks di atas
A: iya/tidak",tidak
915,id_hatespeech,id_hatespeech_nusantara_text,1eaf7dd3-9a40-4808-9021-de6afc76e78a,indo_unsur_benci,train,"Teks: kalau liat sosmed, Pak Ahok menang telak. Namun sayang, hanya kata-kata manis lah yg diserap bbrp warga kecil. #matanajwadebatjakarta
Q: Apakah ada unsur benci di teks di atas
A: iya/tidak",tidak
916,id_hatespeech,id_hatespeech_nusantara_text,1eaf7dd3-9a40-4808-9021-de6afc76e78a,indo_unsur_benci,train,"Teks: Seharusnya mah basuki sudah bebas ya kan? #FreeAhok https://t.co/Mw3k0vYweF
Q: Apakah ada unsur benci di teks di atas
A: iya/tidak",tidak
917,id_hatespeech,id_hatespeech_nusantara_text,1eaf7dd3-9a40-4808-9021-de6afc76e78a,indo_unsur_benci,train,"Teks: Kenapa debat @MataNajwa ini, Ahok makin keliatan diatas angin ya. Kliatan dia sangat menguasai problem solusi tata kelola Jakarta.
Q: Apakah ada unsur benci di teks di atas
A: iya/tidak",tidak
918,id_hatespeech,id_hatespeech_nusantara_text,1eaf7dd3-9a40-4808-9021-de6afc76e78a,indo_unsur_benci,train,"Teks: Kalau lihat Ahok itu kayak lihat power rangers merah
Q: Apakah ada unsur benci di teks di atas
A: iya/tidak",tidak
919,id_hatespeech,id_hatespeech_nusantara_text,1eaf7dd3-9a40-4808-9021-de6afc76e78a,indo_unsur_benci,train,"Teks: Kesimpulan. Ahok spt biasa fokus detail ke program. Anies terlalu fokus menjatuhkan lawan #MataNajwaDebatJakarta
Q: Apakah ada unsur benci di teks di atas
A: iya/tidak",tidak
920,id_hatespeech,id_hatespeech_nusantara_text,1eaf7dd3-9a40-4808-9021-de6afc76e78a,indo_unsur_benci,train,"Teks: pertunjukan yang sangat membuat saya serius dan gak mau diganggu, selamat untuk pak @aniesbaswedan buat gagasan nya #MataNajwaDebatJakarta
Q: Apakah ada unsur benci di teks di atas
A: iya/tidak",tidak
921,id_hatespeech,id_hatespeech_nusantara_text,1eaf7dd3-9a40-4808-9021-de6afc76e78a,indo_unsur_benci,train,"Teks: Jangan berpihak...melayani rakyat dengan sepenuh hati..Tuhan yang memberi kekuasaan.. Tuhan yang mengambil..-ahok#MataNajwaDebatJakarta
Q: Apakah ada unsur benci di teks di atas
A: iya/tidak",tidak
922,id_hatespeech,id_hatespeech_nusantara_text,1eaf7dd3-9a40-4808-9021-de6afc76e78a,indo_unsur_benci,train,"Teks: Pak Ahok jangan blunder dong Pak..dari tadi udah bagus. Pertanyaannya komitmen menerima hasil kontestasi. #MataNajwaDebatJakarta
Q: Apakah ada unsur benci di teks di atas
A: iya/tidak",tidak
923,id_hatespeech,id_hatespeech_nusantara_text,1eaf7dd3-9a40-4808-9021-de6afc76e78a,indo_unsur_benci,train,"Teks: jangan ada keberpihakan dalam badan hukum karena itu akan merusak demokrasi #important #MataNajwaDebatJakarta
Q: Apakah ada unsur benci di teks di atas
A: iya/tidak",tidak
924,id_hatespeech,id_hatespeech_nusantara_text,1eaf7dd3-9a40-4808-9021-de6afc76e78a,indo_unsur_benci,train,"Teks: Jika lo bisa menceritakan kembali kalimat2 yg dilontarkan Anies di @MataNajwa dgn bahasa lo sendiri, lo luar biasa. #MataNajwaDebatJakarta
Q: Apakah ada unsur benci di teks di atas
A: iya/tidak",tidak
925,id_hatespeech,id_hatespeech_nusantara_text,1eaf7dd3-9a40-4808-9021-de6afc76e78a,indo_unsur_benci,train,"Teks: Kenapa debat @MataNajwa ini, Ahok makin keliatan diatas angin ya. Kliatan dia sangat menguasai problem solusi tata kelola Jakarta.
Q: Apakah ada unsur benci di teks di atas
A: iya/tidak",tidak
926,id_hatespeech,id_hatespeech_nusantara_text,1eaf7dd3-9a40-4808-9021-de6afc76e78a,indo_unsur_benci,train,"Teks: Kiranya Jakarta semakin baik. Selamat berjuang buat Pak Ahok dan Pak Anies ! #MataNajwaDebatJakarta
Q: Apakah ada unsur benci di teks di atas
A: iya/tidak",tidak
927,id_hatespeech,id_hatespeech_nusantara_text,1eaf7dd3-9a40-4808-9021-de6afc76e78a,indo_unsur_benci,train,"Teks: Masihkah Ahoker debat soal program? Jlebb.. KO kena uppercut Anies soal KJP. Pergubnya blm di rubah.. @roemahdjoeang @NetizenTofa @cepot234
Q: Apakah ada unsur benci di teks di atas
A: iya/tidak",tidak
928,id_hatespeech,id_hatespeech_nusantara_text,1eaf7dd3-9a40-4808-9021-de6afc76e78a,indo_unsur_benci,train,"Teks: RT @alysap_: Semua penganut agama harus dapet hak yang sama - Ahok #MataNajwaDebatJakarta
Q: Apakah ada unsur benci di teks di atas
A: iya/tidak",tidak
929,id_hatespeech,id_hatespeech_nusantara_text,1eaf7dd3-9a40-4808-9021-de6afc76e78a,indo_unsur_benci,train,"Teks: Aku heran kenapa ilklan kampanye #AhokDjarot yg terbaru itu begitu, ini aku loh yang bingung bkn akuang,asiang, atau aming #IklanAhokJahat
Q: Apakah ada unsur benci di teks di atas
A: iya/tidak",tidak
930,id_hatespeech,id_hatespeech_nusantara_text,1eaf7dd3-9a40-4808-9021-de6afc76e78a,indo_unsur_benci,train,"Teks: Abis nyoblos streaming video perkembangan Pilkada 2017 pake #SisaKuotaGakHangus dari @IM3Ooredoo kuota ga habis deh
Q: Apakah ada unsur benci di teks di atas
A: iya/tidak",tidak
931,id_hatespeech,id_hatespeech_nusantara_text,1eaf7dd3-9a40-4808-9021-de6afc76e78a,indo_unsur_benci,train,"Teks: muslim sedang diuji di negara yg mayoritas Islam..semoga kita smua bisa bersabar dan menahan utk tidak berbicara kasar sbg balasan
Q: Apakah ada unsur benci di teks di atas
A: iya/tidak",tidak
932,id_hatespeech,id_hatespeech_nusantara_text,1eaf7dd3-9a40-4808-9021-de6afc76e78a,indo_unsur_benci,train,"Teks: Kiranya Jakarta semakin baik. Selamat berjuang buat Pak Ahok dan Pak Anies ! #MataNajwaDebatJakarta
Q: Apakah ada unsur benci di teks di atas
A: iya/tidak",tidak
933,id_hatespeech,id_hatespeech_nusantara_text,1eaf7dd3-9a40-4808-9021-de6afc76e78a,indo_unsur_benci,train,"Teks: RT @grcllafrn: Pak Anies, inget, apa yg kau tabur itu yang akan kau tuai nanti... jadi takut sendiri :"") #MataNajwaDebatJakarta
Q: Apakah ada unsur benci di teks di atas
A: iya/tidak",tidak
934,id_hatespeech,id_hatespeech_nusantara_text,1eaf7dd3-9a40-4808-9021-de6afc76e78a,indo_unsur_benci,train,"Teks: RT @kompascom: Bagaimana metode penarikan sampel hitung cepat yg dilakukan Litbang Kompas dlm Pilkada DKI Jakarta 2017? Simak disini
Q: Apakah ada unsur benci di teks di atas
A: iya/tidak",tidak
935,id_hatespeech,id_hatespeech_nusantara_text,1eaf7dd3-9a40-4808-9021-de6afc76e78a,indo_unsur_benci,train,"Teks: mnding diem aja pak @basuki_btp semua pergerakanmu pasti disalahkan, klo wktunya menang ntar jga menang.... #IklanAhokJahat
Q: Apakah ada unsur benci di teks di atas
A: iya/tidak",tidak
936,id_hatespeech,id_hatespeech_nusantara_text,1eaf7dd3-9a40-4808-9021-de6afc76e78a,indo_unsur_benci,train,"Teks: RT @netmediatama: Perbincangan menarik di Quick Count Pilkada 2017 bersama @irakoesno. #NETPilkada https:\/\/t.co\/odbVw4uWMr
Q: Apakah ada unsur benci di teks di atas
A: iya/tidak",tidak
937,id_hatespeech,id_hatespeech_nusantara_text,1eaf7dd3-9a40-4808-9021-de6afc76e78a,indo_unsur_benci,train,"Teks: Bersyukur menutup kampanye hari ini dengan berdoa agar PILKADA DKI Jakarta pada 15 Februari 2017 berjalan dengan lancar
Q: Apakah ada unsur benci di teks di atas
A: iya/tidak",tidak
938,id_hatespeech,id_hatespeech_nusantara_text,1eaf7dd3-9a40-4808-9021-de6afc76e78a,indo_unsur_benci,train,"Teks: Julia Perez Kecewa Gagal Nyoblos Pilkada DKI 2017 di TPS 15 RSCM https:\/\/t.co\/vajPLioiek
Q: Apakah ada unsur benci di teks di atas
A: iya/tidak",tidak
939,id_hatespeech,id_hatespeech_nusantara_text,1eaf7dd3-9a40-4808-9021-de6afc76e78a,indo_unsur_benci,train,"Teks: Disediakan Ambulans untuk Pasien Mencoblos pada Pilkada DKI 2017
Q: Apakah ada unsur benci di teks di atas
A: iya/tidak",tidak
940,id_hatespeech,id_hatespeech_nusantara_text,1eaf7dd3-9a40-4808-9021-de6afc76e78a,indo_unsur_benci,train,"Teks: RT @miekarinayam: Saya bertanya apakah saya memang tak boleh ikut Pilkada 2017? Apakah saya kehilangan hak saya yg dijamin konstitusi?
Q: Apakah ada unsur benci di teks di atas
A: iya/tidak",tidak
941,id_hatespeech,id_hatespeech_nusantara_text,1eaf7dd3-9a40-4808-9021-de6afc76e78a,indo_unsur_benci,train,"Teks: Ya Allah! Anis dan Sandi bakal jadi Gubernur DKI Jakarta terpilih di tahun ini
Q: Apakah ada unsur benci di teks di atas
A: iya/tidak",tidak
942,id_hatespeech,id_hatespeech_nusantara_text,1eaf7dd3-9a40-4808-9021-de6afc76e78a,indo_unsur_benci,train,"Teks: Domisili gue di Jakpus bela-belain ke TPS yg berlokasi di Jakbar dgn bermodal e-KTP buat ikutan Pilkada 2017.
Q: Apakah ada unsur benci di teks di atas
A: iya/tidak",tidak
943,id_hatespeech,id_hatespeech_nusantara_text,1eaf7dd3-9a40-4808-9021-de6afc76e78a,indo_unsur_benci,train,"Teks: RT @netmediatama: Presiden @jokowi menggunakan hak suaranya untuk Pilkada DKI Jakarta 2017 di TPS 4 Gambir Jakarta Pusat. #NETPilkada
Q: Apakah ada unsur benci di teks di atas
A: iya/tidak",tidak
944,id_hatespeech,id_hatespeech_nusantara_text,1eaf7dd3-9a40-4808-9021-de6afc76e78a,indo_unsur_benci,train,"Teks: RT @boelatboelat: agree pak @basuki_btp kekuasaan itu Tuhan yang kasih, walau dijatuhkan, Tuhan akan menaikkan :) #MataNajwaDebatJakarta
Q: Apakah ada unsur benci di teks di atas
A: iya/tidak",tidak
945,id_hatespeech,id_hatespeech_nusantara_text,1eaf7dd3-9a40-4808-9021-de6afc76e78a,indo_unsur_benci,train,"Teks: RT @AzzamBarbarossa: Akibat Nila Setitik Rusak Susu Sebelangga, Akibat Mulut Oknum Tak terdidik Rusak Juga Persatuan Bangsa. #IklanAhokJahat
Q: Apakah ada unsur benci di teks di atas
A: iya/tidak",tidak
946,id_hatespeech,id_hatespeech_nusantara_text,1eaf7dd3-9a40-4808-9021-de6afc76e78a,indo_unsur_benci,train,"Teks: Mudah-mudahan Novel baswedan tidak alami kebutaan pada matanya. Kalau sampai buta, saya siap mendonorkan mata saya untuk dia.
Q: Apakah ada unsur benci di teks di atas
A: iya/tidak",tidak
947,id_hatespeech,id_hatespeech_nusantara_text,1eaf7dd3-9a40-4808-9021-de6afc76e78a,indo_unsur_benci,train,"Teks: Mengapa mereka melakukan ini, apakah bisa merubah keadaan bagi para pemilih nanti ? #IklanAhokJahat
Q: Apakah ada unsur benci di teks di atas
A: iya/tidak",tidak
948,id_hatespeech,id_hatespeech_nusantara_text,1eaf7dd3-9a40-4808-9021-de6afc76e78a,indo_unsur_benci,train,"Teks: RT @hariadhi: Siapa yg salah? Ahok? Iklannya? Bukan.. yang perlu diprotes adalah orang yg benar2 pake spanduk itu #IklanAhokJahat https://t
Q: Apakah ada unsur benci di teks di atas
A: iya/tidak",tidak
949,id_hatespeech,id_hatespeech_nusantara_text,1eaf7dd3-9a40-4808-9021-de6afc76e78a,indo_unsur_benci,train,"Teks: Sampe sekarang gue blm ngerti dp rumah 0% itu gmn skemanya. Trs emg ada ya perbankan yg mau ngasih kredit rumah gak pakai dp? #debatfinalpilkadadki
Q: Apakah ada unsur benci di teks di atas
A: iya/tidak",tidak
950,id_hatespeech,id_hatespeech_nusantara_text,1eaf7dd3-9a40-4808-9021-de6afc76e78a,indo_unsur_benci,train,"Teks: #debatfinalpilkadadki Bagi Anies gubernur adalah pemimpin, bukan administratur / pelayan masyarkt. Padahal melayani mencerminkan integritas.
Q: Apakah ada unsur benci di teks di atas
A: iya/tidak",tidak
951,id_hatespeech,id_hatespeech_nusantara_text,1eaf7dd3-9a40-4808-9021-de6afc76e78a,indo_unsur_benci,train,"Teks: Kalimat Penutup Anies Ambisius, Ahok Minta Maaf, Karakter Tidak Bisa Bohong. #DebatPilkadaDKI #DebatFinalPilkadaDKI
Q: Apakah ada unsur benci di teks di atas
A: iya/tidak",tidak
952,id_hatespeech,id_hatespeech_nusantara_text,1eaf7dd3-9a40-4808-9021-de6afc76e78a,indo_unsur_benci,train,"Teks: pertunjukan yang sangat membuat saya serius dan gak mau diganggu, selamat untuk pak @aniesbaswedan buat gagasan nya #MataNajwaDebatJakarta
Q: Apakah ada unsur benci di teks di atas
A: iya/tidak",tidak
953,id_hatespeech,id_hatespeech_nusantara_text,1eaf7dd3-9a40-4808-9021-de6afc76e78a,indo_unsur_benci,train,"Teks: RT @BelaQuran: Kami tdk akan terprovokasi dgn sentimen dan jualan SARA mu itu, karena kami cinta Indonesia #IklanAhokJahat
Q: Apakah ada unsur benci di teks di atas
A: iya/tidak",tidak
954,id_hatespeech,id_hatespeech_nusantara_text,1eaf7dd3-9a40-4808-9021-de6afc76e78a,indo_unsur_benci,train,"Teks: Semakin umat di suguhkan #IklanAhokJahat maka akan semakin terlihat siapa yang menebar kebencian terhadap kerukunan antar umat beragama
Q: Apakah ada unsur benci di teks di atas
A: iya/tidak",tidak
955,id_hatespeech,id_hatespeech_nusantara_text,1eaf7dd3-9a40-4808-9021-de6afc76e78a,indo_unsur_benci,train,"Teks: Hampir semua polling Anies - Sandi yang menang. Semoga hari H nya juga demikian. #AniesSandi
Q: Apakah ada unsur benci di teks di atas
A: iya/tidak",tidak
956,id_hatespeech,id_hatespeech_nusantara_text,1eaf7dd3-9a40-4808-9021-de6afc76e78a,indo_unsur_benci,train,"Teks: RT @anjisudirman: @fahiraidris Yg iklankan kampanye ahox adalah yg sama sebarin spanduk syariah dan brosur black campaign. #IklanAhokJahat
Q: Apakah ada unsur benci di teks di atas
A: iya/tidak",tidak
957,id_hatespeech,id_hatespeech_nusantara_text,1eaf7dd3-9a40-4808-9021-de6afc76e78a,indo_unsur_benci,train,"Teks: Oke Oce akan menjadi brand dimana, semuanya menjadi OKe Oce, bahkan nanti ada kampung Oke Oce #debatfinalpilkadadki
Q: Apakah ada unsur benci di teks di atas
A: iya/tidak",tidak
958,id_hatespeech,id_hatespeech_nusantara_text,1eaf7dd3-9a40-4808-9021-de6afc76e78a,indo_unsur_benci,train,"Teks: RT @BelaQuran: Sungguh sgt mengherankan, mengkampanyekan kebhinekaan tp dengan menyebarkan Islamophobia, kebhinekaan yg mana yg dimaksud?
Q: Apakah ada unsur benci di teks di atas
A: iya/tidak",tidak
959,id_hatespeech,id_hatespeech_nusantara_text,1eaf7dd3-9a40-4808-9021-de6afc76e78a,indo_unsur_benci,train,"Teks: Debat Final Pilkada DKI Jakarta, Siapa yang Gagap, dan Siapa yang Tepat Menjawab - Adjat Sudradjat
Q: Apakah ada unsur benci di teks di atas
A: iya/tidak",tidak
960,id_hatespeech,id_hatespeech_nusantara_text,1eaf7dd3-9a40-4808-9021-de6afc76e78a,indo_unsur_benci,train,"Teks: Jika persoalan pemimpin hanya dikaitkan dengan lisan, maka apa bedanya gubernur dengan anak-anak? #MataNajwaDebatJakarta
Q: Apakah ada unsur benci di teks di atas
A: iya/tidak",tidak
961,id_hatespeech,id_hatespeech_nusantara_text,1eaf7dd3-9a40-4808-9021-de6afc76e78a,indo_unsur_benci,train,"Teks: Cerita Djarot ini diharapkan membuat para pendukung tetap berdamai. #debatfinalpilkadadki #temanahok #AniesSandi
Q: Apakah ada unsur benci di teks di atas
A: iya/tidak",tidak
962,id_hatespeech,id_hatespeech_nusantara_text,1eaf7dd3-9a40-4808-9021-de6afc76e78a,indo_unsur_benci,train,"Teks: Cuman mau bilang sama yang serius banget ngetweet pakai hastag #IklanAhokJahat ""Gitu aja baper"".
Q: Apakah ada unsur benci di teks di atas
A: iya/tidak",tidak
963,id_hatespeech,id_hatespeech_nusantara_text,1eaf7dd3-9a40-4808-9021-de6afc76e78a,indo_unsur_benci,train,"Teks: Ira Koesno Didekati Anies-Sandi Lalu Marahi Pendukung Paslon Saat Debat Pilkada DKI
Q: Apakah ada unsur benci di teks di atas
A: iya/tidak",tidak
964,id_hatespeech,id_hatespeech_nusantara_text,1eaf7dd3-9a40-4808-9021-de6afc76e78a,indo_unsur_benci,train,"Teks: Alhamdulillah ya Allah SWT Semoga jakarta punya gubernur baru yg lebih bersahaja, bersahabat utk semuanya #AniesSandi
Q: Apakah ada unsur benci di teks di atas
A: iya/tidak",tidak
965,id_hatespeech,id_hatespeech_nusantara_text,1eaf7dd3-9a40-4808-9021-de6afc76e78a,indo_unsur_benci,train,"Teks: Jelang larut semalam. Diskusi dengan aktifis Golkar tingkat kelurahan. Siap bergabung dalam pemenangan #AniesSandi
Q: Apakah ada unsur benci di teks di atas
A: iya/tidak",tidak
966,id_hatespeech,id_hatespeech_nusantara_text,1eaf7dd3-9a40-4808-9021-de6afc76e78a,indo_unsur_benci,train,"Teks: RT @alayyubichoir: Sosok Anies Sandi harus diakui sgt mengayomi. Sangat kompeten utk membangun kerukukan & kebhinekaan di Jakarta
Q: Apakah ada unsur benci di teks di atas
A: iya/tidak",tidak
967,id_hatespeech,id_hatespeech_nusantara_text,1eaf7dd3-9a40-4808-9021-de6afc76e78a,indo_unsur_benci,train,"Teks: RT @nielchen99: Ngomong manis memang gampang giliran kerja bingung #MataNajwaDebatJakarta
Q: Apakah ada unsur benci di teks di atas
A: iya/tidak",tidak
968,id_hatespeech,id_hatespeech_nusantara_text,1eaf7dd3-9a40-4808-9021-de6afc76e78a,indo_unsur_benci,train,"Teks: 19 April adalah saat yang penting bagi warga Jakarta untuk menentukan masa depan Ibukota
Q: Apakah ada unsur benci di teks di atas
A: iya/tidak",tidak
969,id_hatespeech,id_hatespeech_nusantara_text,1eaf7dd3-9a40-4808-9021-de6afc76e78a,indo_unsur_benci,train,"Teks: RT @maharanisinta70: terimakasih Pak Anies pemaparantentang DP 0 ,memberi solusi bagi warga jakarta yang ingin punya rumah dan tidak nyewa terus.
Q: Apakah ada unsur benci di teks di atas
A: iya/tidak",tidak
970,id_hatespeech,id_hatespeech_nusantara_text,1eaf7dd3-9a40-4808-9021-de6afc76e78a,indo_unsur_benci,train,"Teks: Yang aku perhatikan, Tim Mas @aniesbaswedan sibuk ngoceh tentang @basuki_btp dan programnya. Kenapa gak ngurus diri sendiri?
Q: Apakah ada unsur benci di teks di atas
A: iya/tidak",tidak
971,id_hatespeech,id_hatespeech_nusantara_text,1eaf7dd3-9a40-4808-9021-de6afc76e78a,indo_unsur_benci,train,"Teks: kalo pilih gubernur yg jujur, kerja nyata,anti korupsi,tegas,pinter,mlyani rakyat iklas & peduli pilih ahok djarot,..
Q: Apakah ada unsur benci di teks di atas
A: iya/tidak",tidak
972,id_hatespeech,id_hatespeech_nusantara_text,1eaf7dd3-9a40-4808-9021-de6afc76e78a,indo_unsur_benci,train,"Teks: RT @anies_sandi: Bisa merangkul dan menegakkan hukum. Kepemimpinan itu hadir dengan memberikan contoh & perbuatan - @aniesbaswedan
Q: Apakah ada unsur benci di teks di atas
A: iya/tidak",tidak
973,id_hatespeech,id_hatespeech_nusantara_text,1eaf7dd3-9a40-4808-9021-de6afc76e78a,indo_unsur_benci,train,"Teks: Hasil kerja Ahok Djarot sungai di Jakarta kembali normal, bersih dan enak dipandang
Q: Apakah ada unsur benci di teks di atas
A: iya/tidak",tidak
974,id_hatespeech,id_hatespeech_nusantara_text,1eaf7dd3-9a40-4808-9021-de6afc76e78a,indo_unsur_benci,train,"Teks: Ahok & Anies sama baiknya kok, sama bagusnya, sama okenya. Siapa yg kepilih yg menang tetap rakyat jakarta
Q: Apakah ada unsur benci di teks di atas
A: iya/tidak",tidak
975,id_hatespeech,id_hatespeech_nusantara_text,1eaf7dd3-9a40-4808-9021-de6afc76e78a,indo_unsur_benci,train,"Teks: Semoga pak basuki bisa jadi presiden,agar Indonesia lebih maju.
Q: Apakah ada unsur benci di teks di atas
A: iya/tidak",tidak
976,id_hatespeech,id_hatespeech_nusantara_text,1eaf7dd3-9a40-4808-9021-de6afc76e78a,indo_unsur_benci,train,"Teks: Allah SWT tdk butuh anda. Tapi Anda yang butuh Allah,Rezeki, hidup matimu. Allah yg tentukan. Mau khianati Allah? yakin gak nyesel? #SidangAhok
Q: Apakah ada unsur benci di teks di atas
A: iya/tidak",tidak
977,id_hatespeech,id_hatespeech_nusantara_text,1eaf7dd3-9a40-4808-9021-de6afc76e78a,indo_unsur_benci,train,"Teks: #SidangAhok dilanjutkan dengan rekaman yang memuat kampanye Ahok di DPP Nasdem dan juga Pulau Seribu. | @adrieedu https://t.co/8P5P4DUcFG
Q: Apakah ada unsur benci di teks di atas
A: iya/tidak",tidak
978,id_hatespeech,id_hatespeech_nusantara_text,1eaf7dd3-9a40-4808-9021-de6afc76e78a,indo_unsur_benci,train,"Teks: RT @JanurOmank2626: Ahok harus bebas demi hukum demi keadilan demi kelanjutan perbaikan DKI. Semoga hakim mmpunyai sense of justice
Q: Apakah ada unsur benci di teks di atas
A: iya/tidak",tidak
979,id_hatespeech,id_hatespeech_nusantara_text,1eaf7dd3-9a40-4808-9021-de6afc76e78a,indo_unsur_benci,train,"Teks: Pembangkit Listrik Tenaga Panas Bumi Terbesar Dunia.. #CitiPeka #SidangAhok #Tebak2anHajiDjarot https://t.co/KtXdXZsh8H
Q: Apakah ada unsur benci di teks di atas
A: iya/tidak",tidak
980,id_hatespeech,id_hatespeech_nusantara_text,1eaf7dd3-9a40-4808-9021-de6afc76e78a,indo_unsur_benci,train,"Teks: RT @findririn: Dan toleransi itu, ketika muslim bisa menjalankan perintah agamanya, dan non muslim juga bisa menjalankan agamanya.
Q: Apakah ada unsur benci di teks di atas
A: iya/tidak",tidak
981,id_hatespeech,id_hatespeech_nusantara_text,1eaf7dd3-9a40-4808-9021-de6afc76e78a,indo_unsur_benci,train,"Teks: RT @findririn: Walaupun artinya teman setia, seharusnya lebih dihindari kalau jd pemimpin
Q: Apakah ada unsur benci di teks di atas
A: iya/tidak",tidak
982,id_hatespeech,id_hatespeech_nusantara_text,1eaf7dd3-9a40-4808-9021-de6afc76e78a,indo_unsur_benci,train,"Teks: Semua kejujuran akan mendapatkan pahala dr surga #FreeAhok
Q: Apakah ada unsur benci di teks di atas
A: iya/tidak",tidak
983,id_hatespeech,id_hatespeech_nusantara_text,1eaf7dd3-9a40-4808-9021-de6afc76e78a,indo_unsur_benci,train,"Teks: Seharusnya mah basuki sudah bebas ya kan? #FreeAhok https://t.co/Mw3k0vYweF
Q: Apakah ada unsur benci di teks di atas
A: iya/tidak",tidak
984,id_hatespeech,id_hatespeech_nusantara_text,1eaf7dd3-9a40-4808-9021-de6afc76e78a,indo_unsur_benci,train,"Teks: RT @RuridaJihandari: Itu sidang apa drama korea sampe 20kali, lagi menunggu sidang ahok season 2 nih... Kayaknya goblin mah kalah pamornya
Q: Apakah ada unsur benci di teks di atas
A: iya/tidak",tidak
985,id_hatespeech,id_hatespeech_nusantara_text,1eaf7dd3-9a40-4808-9021-de6afc76e78a,indo_unsur_benci,train,"Teks: Menurut Anda, Transportasi Online manakah dikatakan ""tarif murah, aman & nyaman"" melayani ???
Q: Apakah ada unsur benci di teks di atas
A: iya/tidak",tidak
986,id_hatespeech,id_hatespeech_nusantara_text,1eaf7dd3-9a40-4808-9021-de6afc76e78a,indo_unsur_benci,train,"Teks: Nelayan Jakarta Sudah Disiapin Pulau Khusus oleh Pemda DKI #LunchBreak #SidangAhok
Q: Apakah ada unsur benci di teks di atas
A: iya/tidak",tidak
987,id_hatespeech,id_hatespeech_nusantara_text,1eaf7dd3-9a40-4808-9021-de6afc76e78a,indo_unsur_benci,train,"Teks: Adakah Potensi Radikalisme di Pilgub DKI Jakarta? #LunchBreak #SidangAhok
Q: Apakah ada unsur benci di teks di atas
A: iya/tidak",tidak
988,id_hatespeech,id_hatespeech_nusantara_text,1eaf7dd3-9a40-4808-9021-de6afc76e78a,indo_unsur_benci,train,"Teks: RT @NovenStjK: Siaran ulang #AhokDjarotDiRosi malam ini, saksikan yuk di @KompasTV #AhokDjarot #Temanahok
Q: Apakah ada unsur benci di teks di atas
A: iya/tidak",tidak
989,id_hatespeech,id_hatespeech_nusantara_text,1eaf7dd3-9a40-4808-9021-de6afc76e78a,indo_unsur_benci,train,"Teks: cuma org"" yg salah saja yg takut dgn doa itu,anda salah?? kenapa takut??? bertobatlah sebelum doa itu dinyatakan,
Q: Apakah ada unsur benci di teks di atas
A: iya/tidak",tidak
990,id_hatespeech,id_hatespeech_nusantara_text,1eaf7dd3-9a40-4808-9021-de6afc76e78a,indo_unsur_benci,train,"Teks: Selamat Pagi met aktifitas happy weekend Semoga kita jadi orang jujur biar hidup slalu mujur Aamiin #FreeAhok
Q: Apakah ada unsur benci di teks di atas
A: iya/tidak",tidak
991,id_hatespeech,id_hatespeech_nusantara_text,1eaf7dd3-9a40-4808-9021-de6afc76e78a,indo_unsur_benci,train,"Teks: Ahok dituntut 1 tahun penjara. Kemungkinan akan divonis bebas. Masalahnya, warga DKI terlanjur kehilangan pemimpin terbaik. #FreeAhok
Q: Apakah ada unsur benci di teks di atas
A: iya/tidak",tidak
992,id_hatespeech,id_hatespeech_nusantara_text,1eaf7dd3-9a40-4808-9021-de6afc76e78a,indo_unsur_benci,train,"Teks: Alhamdulillah tuntutan jaksa hanya 1 tahun masa percobaan 2 tahun yg artinya sbnrnya jaksa mengakui kalo Ahok itu tak bersalah #FreeAhok
Q: Apakah ada unsur benci di teks di atas
A: iya/tidak",tidak
993,id_hatespeech,id_hatespeech_nusantara_text,1eaf7dd3-9a40-4808-9021-de6afc76e78a,indo_unsur_benci,train,"Teks: Kalah atau menang #tetapahok. Terimakasih krn banyak ngasih pelajaran bagaimana kerja keras utk rakyat dgn bersih.
Q: Apakah ada unsur benci di teks di atas
A: iya/tidak",tidak
994,id_hatespeech,id_hatespeech_nusantara_text,1eaf7dd3-9a40-4808-9021-de6afc76e78a,indo_unsur_benci,train,"Teks: Pilkada Serentak, Megawati Hanya Minta Jangan ada Intimidasi dan Politik Uang https:\/\/t.co\/zHhvJ4qrrY
Q: Apakah ada unsur benci di teks di atas
A: iya/tidak",tidak
995,id_hatespeech,id_hatespeech_nusantara_text,1eaf7dd3-9a40-4808-9021-de6afc76e78a,indo_unsur_benci,train,"Teks: #thw911 Saat Anies-Sandiaga Minta Doa Ustaz untuk Debat Pilkada https:\/\/t.co\/2odlrYteU1
Q: Apakah ada unsur benci di teks di atas
A: iya/tidak",tidak
996,id_hatespeech,id_hatespeech_nusantara_text,1eaf7dd3-9a40-4808-9021-de6afc76e78a,indo_unsur_benci,train,"Teks: Jangan pernah lelah mengabdi untuk Indonesia Pak @basuki_btp. #TetapAhok!
Q: Apakah ada unsur benci di teks di atas
A: iya/tidak",tidak
997,id_hatespeech,id_hatespeech_nusantara_text,1eaf7dd3-9a40-4808-9021-de6afc76e78a,indo_unsur_benci,train,"Teks: @LaitsSaja Jika Menang, Anies Siap Rangkul Paslon Lain Jika menang dalam kontestasi Pilkada https:\/\/t.co\/KG40YTelWX
Q: Apakah ada unsur benci di teks di atas
A: iya/tidak",tidak
998,id_hatespeech,id_hatespeech_nusantara_text,1eaf7dd3-9a40-4808-9021-de6afc76e78a,indo_unsur_benci,train,"Teks: @LaitsSaja TNI-Polri Bersinergi Jaga Keamanan Jelang Pilkada DKI TNI dan Polri terus bersin https:\/\/t.co\/HP77I9lffG
Q: Apakah ada unsur benci di teks di atas
A: iya/tidak",tidak
999,id_hatespeech,id_hatespeech_nusantara_text,1eaf7dd3-9a40-4808-9021-de6afc76e78a,indo_unsur_benci,train,"Teks: @novie_wednes72r Bismillah Inshaa ALLAH Agus Sylvi menang Pilkada DKI 1putaran dan jadi pemimpin yg amanah dan mencintai rakyat jakarta.
Q: Apakah ada unsur benci di teks di atas
A: iya/tidak",tidak
1000,id_hatespeech,id_hatespeech_nusantara_text,1eaf7dd3-9a40-4808-9021-de6afc76e78a,indo_unsur_benci,train,"Teks: Trima kasih pak uda bikin jakarta lebih baik selama bapak menjabat....
Q: Apakah ada unsur benci di teks di atas
A: iya/tidak",tidak
1001,id_hatespeech,id_hatespeech_nusantara_text,1eaf7dd3-9a40-4808-9021-de6afc76e78a,indo_unsur_benci,train,"Teks: @nu_online sikap yang jelas dan tegas demi ketertiban dan keamanan ibu kota negara menjelang pilkada dki jakarta
Q: Apakah ada unsur benci di teks di atas
A: iya/tidak",tidak
1002,id_hatespeech,id_hatespeech_nusantara_text,1eaf7dd3-9a40-4808-9021-de6afc76e78a,indo_unsur_benci,train,"Teks: Rencana Tuhan lebih baik dari rencana manusia. Mungkin Ahok bs bekerja kebih baik di posisi lain
Q: Apakah ada unsur benci di teks di atas
A: iya/tidak",tidak
1003,id_hatespeech,id_hatespeech_nusantara_text,1eaf7dd3-9a40-4808-9021-de6afc76e78a,indo_unsur_benci,train,"Teks: walau kalah tp aku tetap merasa terhormat mendukung BADJA #TerimakasihAhok
Q: Apakah ada unsur benci di teks di atas
A: iya/tidak",tidak
1004,id_hatespeech,id_hatespeech_nusantara_text,1eaf7dd3-9a40-4808-9021-de6afc76e78a,indo_unsur_benci,train,"Teks: Basuki TP Ahok Wawancara informal dengan wartawan Balaikota: https:\/\/t.co\/g7iB5H5RUL
Q: Apakah ada unsur benci di teks di atas
A: iya/tidak",tidak
1005,id_hatespeech,id_hatespeech_nusantara_text,1eaf7dd3-9a40-4808-9021-de6afc76e78a,indo_unsur_benci,train,"Teks: Terimakasih Pak Ahok @basuki_btp #tetapahok karena kita memang siap kalah, dan selamat buat Gubernur baru
Q: Apakah ada unsur benci di teks di atas
A: iya/tidak",tidak
1006,id_hatespeech,id_hatespeech_nusantara_text,1eaf7dd3-9a40-4808-9021-de6afc76e78a,indo_unsur_benci,train,"Teks: LUCU !! Yuk Melihat AHOK Promosikan Musik Dangdut Kepada Tamu Mancanegara
Q: Apakah ada unsur benci di teks di atas
A: iya/tidak",tidak
1007,id_hatespeech,id_hatespeech_nusantara_text,1eaf7dd3-9a40-4808-9021-de6afc76e78a,indo_unsur_benci,train,"Teks: Minggu Tenang Pilkada, Ahok Fokus Kerja di Balai Kota: Peresmian-peresmian RPTRA CSR ditunda.
Q: Apakah ada unsur benci di teks di atas
A: iya/tidak",tidak
1008,id_hatespeech,id_hatespeech_nusantara_text,1eaf7dd3-9a40-4808-9021-de6afc76e78a,indo_unsur_benci,train,"Teks: MANTAB !! AHOK dan Pemprov DKI Jakarta Terjunkan Alat Berat Untuk Keruk Sampah di Waduk Pluit
Q: Apakah ada unsur benci di teks di atas
A: iya/tidak",tidak
1009,id_hatespeech,id_hatespeech_nusantara_text,1eaf7dd3-9a40-4808-9021-de6afc76e78a,indo_unsur_benci,train,"Teks: Pagi Ini Polrestro Bekasi Gelar Pasukan Pilkada https:\/\/t.co\/ypRv5nNjSb
Q: Apakah ada unsur benci di teks di atas
A: iya/tidak",tidak
1010,id_hatespeech,id_hatespeech_nusantara_text,1eaf7dd3-9a40-4808-9021-de6afc76e78a,indo_unsur_benci,train,"Teks: Pak @basuki_btp saya hanya bantu menyampaikan. Sbg orang2 di sekitar Pak Ahok bisa menyampaikan ke beliau. @kurawa. #BlusukanAhok #Gue2
Q: Apakah ada unsur benci di teks di atas
A: iya/tidak",tidak
1011,id_hatespeech,id_hatespeech_nusantara_text,1eaf7dd3-9a40-4808-9021-de6afc76e78a,indo_unsur_benci,train,"Teks: pak ahok kalau anda jadi gubernur jangan lupa anda harus bangun provinsi Jambi buat lahan petani semua, dan jln kreta api jambi, riau, lampung
Q: Apakah ada unsur benci di teks di atas
A: iya/tidak",tidak
1012,id_hatespeech,id_hatespeech_nusantara_text,1eaf7dd3-9a40-4808-9021-de6afc76e78a,indo_unsur_benci,train,"Teks: Partai Nasdem Optimis Menang di Pilkada Serentak 2017 https:\/\/t.co\/EOAzcxai94
Q: Apakah ada unsur benci di teks di atas
A: iya/tidak",tidak
1013,id_hatespeech,id_hatespeech_nusantara_text,1eaf7dd3-9a40-4808-9021-de6afc76e78a,indo_unsur_benci,train,"Teks: biar kalah, tetap bangga. Sabar n iklas menerima nya. Masih bnyak jabatan lain untuk pak ahok. #TetapAhok
Q: Apakah ada unsur benci di teks di atas
A: iya/tidak",tidak
1014,id_hatespeech,id_hatespeech_nusantara_text,1eaf7dd3-9a40-4808-9021-de6afc76e78a,indo_unsur_benci,train,"Teks: Sabar n iklas ya pak. Apa pun hasil nya. Kita tetap dukung. Di mna pun/jabatn apa pun yg bpk emban nanti. #TetapAhok
Q: Apakah ada unsur benci di teks di atas
A: iya/tidak",tidak
1015,id_hatespeech,id_hatespeech_nusantara_text,1eaf7dd3-9a40-4808-9021-de6afc76e78a,indo_unsur_benci,train,"Teks: Wlaupun kita tak kenal,saya yakini slama ini kamu tlah bkerja kras tuk sebuah nilai yg diperjuangkan.
Q: Apakah ada unsur benci di teks di atas
A: iya/tidak",tidak
1016,id_hatespeech,id_hatespeech_nusantara_text,1eaf7dd3-9a40-4808-9021-de6afc76e78a,indo_unsur_benci,train,"Teks: RT @ahokdijegal: Kita mgk bs mendukung dia dlm hal kejujuran dan niat baik utk melayani warga, tapi gantiin dia dlm hal pekerjaan
Q: Apakah ada unsur benci di teks di atas
A: iya/tidak",tidak
1017,id_hatespeech,id_hatespeech_nusantara_text,1eaf7dd3-9a40-4808-9021-de6afc76e78a,indo_unsur_benci,train,"Teks: Puluhan Personel Brimob Nunukan Diberangkatkan, Amankan Pilkada di Dua Provinsi
Q: Apakah ada unsur benci di teks di atas
A: iya/tidak",tidak
1018,id_hatespeech,id_hatespeech_nusantara_text,1eaf7dd3-9a40-4808-9021-de6afc76e78a,indo_unsur_benci,train,"Teks: @basuki_btp sing sabar pak.. Simpen energi bapak untuk bagian lain Indonesia... Gusti Allah mboten sare pak...
Q: Apakah ada unsur benci di teks di atas
A: iya/tidak",tidak
1019,id_hatespeech,id_hatespeech_nusantara_text,1eaf7dd3-9a40-4808-9021-de6afc76e78a,indo_unsur_benci,train,"Teks: Karena saya memilih dengan sehat maka saya kompensasikan dengan sarapan pagi yang, uhm, secara umum gak sehat. IMPAS
Q: Apakah ada unsur benci di teks di atas
A: iya/tidak",tidak
1020,id_hatespeech,id_hatespeech_nusantara_text,1eaf7dd3-9a40-4808-9021-de6afc76e78a,indo_unsur_benci,train,"Teks: RT @Aktualco: Mahfud MD Heran, UU Pemda Sangat Jelas Tapi Mendagri Keukeuh Pertahankan Ahok
Q: Apakah ada unsur benci di teks di atas
A: iya/tidak",tidak
1021,id_hatespeech,id_hatespeech_nusantara_text,1eaf7dd3-9a40-4808-9021-de6afc76e78a,indo_unsur_benci,train,"Teks: RT @AlissaWahid: Tuips, Ibu Sinta Nuriyah tidak pernah mengeluarkan pernyataan terkait pilkada DKI
Q: Apakah ada unsur benci di teks di atas
A: iya/tidak",tidak
1022,id_hatespeech,id_hatespeech_nusantara_text,1eaf7dd3-9a40-4808-9021-de6afc76e78a,indo_unsur_benci,train,"Teks: RT @AmaliaAmelCute2: Lebih tambah jatuh hati deh jadinya Tak bisa berpaling ke pilihan yg lain Tetap ke pak ahok -Djarotlah yg terbaik
Q: Apakah ada unsur benci di teks di atas
A: iya/tidak",tidak
1023,id_hatespeech,id_hatespeech_nusantara_text,1eaf7dd3-9a40-4808-9021-de6afc76e78a,indo_unsur_benci,train,"Teks: RT @AnakBaranusa: Yoi... Yang Jelas Pemenagnya itu hanya satu pasang calon, buka dua apa lagi tiga. 1, 2 dan 3 memiliki Peluang yg sama
Q: Apakah ada unsur benci di teks di atas
A: iya/tidak",tidak
1024,id_hatespeech,id_hatespeech_nusantara_text,1eaf7dd3-9a40-4808-9021-de6afc76e78a,indo_unsur_benci,train,"Teks: RT @AT_AbdillahToha: Aksi 112 tampaknya akan diubah jadi zikir pilkada. Sejauh yg saya tahu, zikir adalah ibadah dekatkan diri ke Allah.
Q: Apakah ada unsur benci di teks di atas
A: iya/tidak",tidak
1025,id_hatespeech,id_hatespeech_nusantara_text,1eaf7dd3-9a40-4808-9021-de6afc76e78a,indo_unsur_benci,train,"Teks: RT @blogdokter: Janganlah karena pilkada dan kepentingan politik sesaat, persahabatan dan persaudaraan kita terputus | Kita adalah saudara.
Q: Apakah ada unsur benci di teks di atas
A: iya/tidak",tidak
1026,id_hatespeech,id_hatespeech_nusantara_text,1eaf7dd3-9a40-4808-9021-de6afc76e78a,indo_unsur_benci,train,"Teks: RT @Brani2000: Pilkada di Beltim di kampung sendiri ahok hanya 33% suara. Di Babel kalah telak. Pilkada di DKI? paling cuma 3% suara
Q: Apakah ada unsur benci di teks di atas
A: iya/tidak",tidak
1027,id_hatespeech,id_hatespeech_nusantara_text,1eaf7dd3-9a40-4808-9021-de6afc76e78a,indo_unsur_benci,train,"Teks: RT @digembok: Ya allah... Beneran... Pak ahok akhirnya samperin si emak...
Q: Apakah ada unsur benci di teks di atas
A: iya/tidak",tidak
1028,id_hatespeech,id_hatespeech_nusantara_text,1eaf7dd3-9a40-4808-9021-de6afc76e78a,indo_unsur_benci,train,"Teks: Terimakasih Pak @basukibtp untuk 5 tahunnya, 3 tahun sbg wakil gubernur & 2 tahun sbg gubernur!
Q: Apakah ada unsur benci di teks di atas
A: iya/tidak",tidak
1029,id_hatespeech,id_hatespeech_nusantara_text,1eaf7dd3-9a40-4808-9021-de6afc76e78a,indo_unsur_benci,train,"Teks: RT @eliya_mkom: kesimpulannya tuips, mari kita menangkan Agus Sylvi SATU Putaran, gak perlu pakai 2 putaran segala, cuma habiskan waktu
Q: Apakah ada unsur benci di teks di atas
A: iya/tidak",tidak
1030,id_hatespeech,id_hatespeech_nusantara_text,1eaf7dd3-9a40-4808-9021-de6afc76e78a,indo_unsur_benci,train,"Teks: Dan selamat atas kemenangannya untuk bapak Anies & Sandi. Semoga Jakarta bisa bersatu lagi
Q: Apakah ada unsur benci di teks di atas
A: iya/tidak",tidak
1031,id_hatespeech,id_hatespeech_nusantara_text,1eaf7dd3-9a40-4808-9021-de6afc76e78a,indo_unsur_benci,train,"Teks: Bangga masih memiliki putra bangsa seperti pak Basuki dan pak Jarot.
Q: Apakah ada unsur benci di teks di atas
A: iya/tidak",tidak
1032,id_hatespeech,id_hatespeech_nusantara_text,1eaf7dd3-9a40-4808-9021-de6afc76e78a,indo_unsur_benci,train,"Teks: Temen-temen, apapun pilihannya, masih ada kehidupan setelah pilkada. Mari saling merangkul & saatnya Jakarta maju dan bahagia bersama.
Q: Apakah ada unsur benci di teks di atas
A: iya/tidak",tidak
1033,id_hatespeech,id_hatespeech_nusantara_text,1eaf7dd3-9a40-4808-9021-de6afc76e78a,indo_unsur_benci,train,"Teks: Selamat atas status barunya pak #Aniessandi, semangat ya pak, semoga semua sesuai dengan janjinya
Q: Apakah ada unsur benci di teks di atas
A: iya/tidak",tidak
1034,id_hatespeech,id_hatespeech_nusantara_text,1eaf7dd3-9a40-4808-9021-de6afc76e78a,indo_unsur_benci,train,"Teks: Pak ahok @basukibtp tetep semangat yaaa, saya akan selalu menghargai kerja keras bapak dan saya ucapkan selamat atas kemenangan paslon nomor 3 yaitu #AniesSandi!
Q: Apakah ada unsur benci di teks di atas
A: iya/tidak",tidak
1035,id_hatespeech,id_hatespeech_nusantara_text,1eaf7dd3-9a40-4808-9021-de6afc76e78a,indo_unsur_benci,train,"Teks: Terima kasih pak ahok pak djarot kami bangga perna di pimpin sama bapak berdua...tetap semangat...sukses terus pak
Q: Apakah ada unsur benci di teks di atas
A: iya/tidak",tidak
1036,id_hatespeech,id_hatespeech_nusantara_text,1eaf7dd3-9a40-4808-9021-de6afc76e78a,indo_unsur_benci,train,"Teks: Terima kasih Pak Ahok-Djarot telah bersama kami beberapa tahun ini
Q: Apakah ada unsur benci di teks di atas
A: iya/tidak",tidak
1037,id_hatespeech,id_hatespeech_nusantara_text,1eaf7dd3-9a40-4808-9021-de6afc76e78a,indo_unsur_benci,train,"Teks: RT @FerpuAdvocates: Sumarsono: Gaya Pak Ahok yg Kerja Keras Patut Dicontoh dan itu Bagus!!!
Q: Apakah ada unsur benci di teks di atas
A: iya/tidak",tidak
1038,id_hatespeech,id_hatespeech_nusantara_text,1eaf7dd3-9a40-4808-9021-de6afc76e78a,indo_unsur_benci,train,"Teks: RT @Franstone888: Klo semua mau jujur dan pake hati nurani, Ahok adlh yg terbaik buat Jakarta. Gubernur yg jujur dan benar2 perhatian pd warga
Q: Apakah ada unsur benci di teks di atas
A: iya/tidak",tidak
1039,id_hatespeech,id_hatespeech_nusantara_text,1eaf7dd3-9a40-4808-9021-de6afc76e78a,indo_unsur_benci,train,"Teks: Pak Ahok the best aku salut sama pak orang nya sabar dengan cobaan dari tuhan Pak Ahok is the best
Q: Apakah ada unsur benci di teks di atas
A: iya/tidak",tidak
1040,id_hatespeech,id_hatespeech_nusantara_text,1eaf7dd3-9a40-4808-9021-de6afc76e78a,indo_unsur_benci,train,"Teks: RT @hariadhi: Makasih Pak Ahok, sudah ajarkan kami makna peduli sama rakyat. Andai di masa depan saya dpt kesempatan
Q: Apakah ada unsur benci di teks di atas
A: iya/tidak",tidak
1041,id_hatespeech,id_hatespeech_nusantara_text,1eaf7dd3-9a40-4808-9021-de6afc76e78a,indo_unsur_benci,train,"Teks: RT @IpungLombok: Hadeuuuh.. Kenapa jadi gaduh gini Pilkada DKI ya... Padahal Pilkada serentak 2015 lalu aman aman saja?
Q: Apakah ada unsur benci di teks di atas
A: iya/tidak",tidak
1042,id_hatespeech,id_hatespeech_nusantara_text,1eaf7dd3-9a40-4808-9021-de6afc76e78a,indo_unsur_benci,train,"Teks: RT @MbakNevi: Masyarakat Transportasi Jakarta dukung Ahok-Djarot, https:\/\/t.co\/7fdwk8XvCB
Q: Apakah ada unsur benci di teks di atas
A: iya/tidak",tidak
1043,id_hatespeech,id_hatespeech_nusantara_text,1eaf7dd3-9a40-4808-9021-de6afc76e78a,indo_unsur_benci,train,"Teks: Saya sudah tidak tertarik melihat Debat Pilkada DKI, namun ada yang menarik. Salah satu Cagub sering mengepalkan tangan pada saat menjelas
Q: Apakah ada unsur benci di teks di atas
A: iya/tidak",tidak
1044,id_hatespeech,id_hatespeech_nusantara_text,1eaf7dd3-9a40-4808-9021-de6afc76e78a,indo_unsur_benci,train,"Teks: Semangat terus. Maju terus di dalam TUHAN. God Bless you more and forever bpk ahok dan family
Q: Apakah ada unsur benci di teks di atas
A: iya/tidak",tidak
1045,id_hatespeech,id_hatespeech_nusantara_text,1eaf7dd3-9a40-4808-9021-de6afc76e78a,indo_unsur_benci,train,"Teks: Selamat bertugas pak Anis, semoga Jakarta menjadi lebih baik lagi!
Q: Apakah ada unsur benci di teks di atas
A: iya/tidak",tidak
1046,id_hatespeech,id_hatespeech_nusantara_text,1eaf7dd3-9a40-4808-9021-de6afc76e78a,indo_unsur_benci,train,"Teks: @aniesbaswedan @sandiuno selamat ya pak, kami tunggu program terealisasi. Jangan kecewakan Jakarta
Q: Apakah ada unsur benci di teks di atas
A: iya/tidak",tidak
1047,id_hatespeech,id_hatespeech_nusantara_text,1eaf7dd3-9a40-4808-9021-de6afc76e78a,indo_unsur_benci,train,"Teks: Saya selalu mendoakan yg terbaik untk bapak dan bapak juga mendapatkan banyak ucapan dari saudara di gaza palestina
Q: Apakah ada unsur benci di teks di atas
A: iya/tidak",tidak
1048,id_hatespeech,id_hatespeech_nusantara_text,1eaf7dd3-9a40-4808-9021-de6afc76e78a,indo_unsur_benci,train,"Teks: Selamat untk bpk @aniesbaswedan & @sandiagauno atas kemenangannya. Semoga allah memberkahi disetiap langkah yg bapak ambil aminnn salam3jari
Q: Apakah ada unsur benci di teks di atas
A: iya/tidak",tidak
1049,id_hatespeech,id_hatespeech_nusantara_text,1eaf7dd3-9a40-4808-9021-de6afc76e78a,indo_unsur_benci,train,"Teks: RT @netmediatama: Mereka telah siap berikan yang terbaik di ajang debat terbuka!
Q: Apakah ada unsur benci di teks di atas
A: iya/tidak",tidak
1050,id_hatespeech,id_hatespeech_nusantara_text,1eaf7dd3-9a40-4808-9021-de6afc76e78a,indo_unsur_benci,train,"Teks: Pak anies dan pak @sandiuno selamat ya sudah terpilih jd gubernur dan wagub Jakarta.
Q: Apakah ada unsur benci di teks di atas
A: iya/tidak",tidak
1051,id_hatespeech,id_hatespeech_nusantara_text,1eaf7dd3-9a40-4808-9021-de6afc76e78a,indo_unsur_benci,train,"Teks: RT @PartaiSocmed: Kejahatan perbankan yg di spin oleh tim AHY untuk kepentingan pilkada
Q: Apakah ada unsur benci di teks di atas
A: iya/tidak",tidak
1052,id_hatespeech,id_hatespeech_nusantara_text,1eaf7dd3-9a40-4808-9021-de6afc76e78a,indo_unsur_benci,train,"Teks: RT @swamediumcom: Agus-Sylvi Diprediksi Maju di Putaran Kedua Pilkada DKI versi Survey GRP
Q: Apakah ada unsur benci di teks di atas
A: iya/tidak",tidak
1053,id_hatespeech,id_hatespeech_nusantara_text,1eaf7dd3-9a40-4808-9021-de6afc76e78a,indo_unsur_benci,train,"Teks: RT @temanAhok: Alhamdulillah sambutan antusias warga di tiap blusukan pak Ahok selalu real. Ngga ada settingan.
Q: Apakah ada unsur benci di teks di atas
A: iya/tidak",tidak
1054,id_hatespeech,id_hatespeech_nusantara_text,1eaf7dd3-9a40-4808-9021-de6afc76e78a,indo_unsur_benci,train,"Teks: Sampai detik ini pak ahok masih harapan terbesar saya #prayforjakarta
Q: Apakah ada unsur benci di teks di atas
A: iya/tidak",tidak
1055,id_hatespeech,id_hatespeech_nusantara_text,1eaf7dd3-9a40-4808-9021-de6afc76e78a,indo_unsur_benci,train,"Teks: Tuhan punya rencana yg indah buat Pak Ahok dan Pak Djarot
Q: Apakah ada unsur benci di teks di atas
A: iya/tidak",tidak
1056,id_hatespeech,id_hatespeech_nusantara_text,1eaf7dd3-9a40-4808-9021-de6afc76e78a,indo_unsur_benci,train,"Teks: Selamat dan terima kasih banyak untuk pak Ahok dan pak Djarot yg sudah menunjukan bahwa negara ini masih punya orang2 baik
Q: Apakah ada unsur benci di teks di atas
A: iya/tidak",tidak
1057,id_hatespeech,id_hatespeech_nusantara_text,1eaf7dd3-9a40-4808-9021-de6afc76e78a,indo_unsur_benci,train,"Teks: Terima kasih pak atas segala kebaikan untuk jakarta yang sudah kalian tancapkan di hati warga jakarta
Q: Apakah ada unsur benci di teks di atas
A: iya/tidak",tidak
1058,id_hatespeech,id_hatespeech_nusantara_text,1eaf7dd3-9a40-4808-9021-de6afc76e78a,indo_unsur_benci,train,"Teks: Pasti bapak anies sandi kemungkinan besar menang
Q: Apakah ada unsur benci di teks di atas
A: iya/tidak",tidak
1059,id_hatespeech,id_hatespeech_nusantara_text,1eaf7dd3-9a40-4808-9021-de6afc76e78a,indo_unsur_benci,train,"Teks: Terima kasih. Kepada pendukung kami, percayalah... Tuhan tahu yang terbaik. #JakartaPunyaSemua
Q: Apakah ada unsur benci di teks di atas
A: iya/tidak",tidak
1060,id_hatespeech,id_hatespeech_nusantara_text,1eaf7dd3-9a40-4808-9021-de6afc76e78a,indo_unsur_benci,train,"Teks: Gubernur dan wakil gubernur terbaik yang pernah jakarta miliki.
Q: Apakah ada unsur benci di teks di atas
A: iya/tidak",tidak
1061,id_hatespeech,id_hatespeech_nusantara_text,1eaf7dd3-9a40-4808-9021-de6afc76e78a,indo_unsur_benci,train,"Teks: RT @triwul82: Jelang Akhir Masa Tugas, Plt Gubernur DKI Akui Kinerja Ahok https:\/\/t.co\/04ihgI5cwZ
Q: Apakah ada unsur benci di teks di atas
A: iya/tidak",tidak
1062,id_hatespeech,id_hatespeech_nusantara_text,1eaf7dd3-9a40-4808-9021-de6afc76e78a,indo_unsur_benci,train,"Teks: RT @Wolfcrime: Pendukung yang Telah Dibaiat tapi Tak Pilih Agus-Sylvi Akan Terima Risikonya
Q: Apakah ada unsur benci di teks di atas
A: iya/tidak",tidak
1063,id_hatespeech,id_hatespeech_nusantara_text,1eaf7dd3-9a40-4808-9021-de6afc76e78a,indo_unsur_benci,train,"Teks: Mutiara tetap mutiara Pak Ahok Djarot. Tuhan pny rencana yg lebih dahsyat utk Bapak ber2 utk Indonesia. Maju terus.
Q: Apakah ada unsur benci di teks di atas
A: iya/tidak",tidak
1064,id_hatespeech,id_hatespeech_nusantara_text,1eaf7dd3-9a40-4808-9021-de6afc76e78a,indo_unsur_benci,train,"Teks: Tuhan percayakan hal yang lebih Besar lagi kepada Pak Ahok selain hanya menjadi Gubernur Dki jakarta.
Q: Apakah ada unsur benci di teks di atas
A: iya/tidak",tidak
1065,id_hatespeech,id_hatespeech_nusantara_text,1eaf7dd3-9a40-4808-9021-de6afc76e78a,indo_unsur_benci,train,"Teks: I LOVE YOU PAK AHOK.AKU HANYA BISA BERDOA SEMOGA TUHAN MEMBERKATI. SALAM 2 JARI UNTUK PA AHOK I LOVE YOU
Q: Apakah ada unsur benci di teks di atas
A: iya/tidak",tidak
1066,id_hatespeech,id_hatespeech_nusantara_text,1eaf7dd3-9a40-4808-9021-de6afc76e78a,indo_unsur_benci,train,"Teks: Survei Terbaru: Anies-Sandi Melejit Jauh Tinggalkan Ahok-Djarot https:\/\/t.co\/2IHhuzPsbF
Q: Apakah ada unsur benci di teks di atas
A: iya/tidak",tidak
1067,id_hatespeech,id_hatespeech_nusantara_text,1eaf7dd3-9a40-4808-9021-de6afc76e78a,indo_unsur_benci,train,"Teks: Aku akui pak ahok itu tangguh sekali dan apa adanya
Q: Apakah ada unsur benci di teks di atas
A: iya/tidak",tidak
1068,id_hatespeech,id_hatespeech_nusantara_text,1eaf7dd3-9a40-4808-9021-de6afc76e78a,indo_unsur_benci,train,"Teks: saya selalu mendukung dan berdoa untukmu ahokdjarot terimakasih
Q: Apakah ada unsur benci di teks di atas
A: iya/tidak",tidak
1069,id_hatespeech,id_hatespeech_nusantara_text,1eaf7dd3-9a40-4808-9021-de6afc76e78a,indo_unsur_benci,train,"Teks: Meski Badj tak lagi menjadi pelayan rakyat...kami selalu berdoa terbaik buat Badja. Kami bangga pernah memiliki kalian.
Q: Apakah ada unsur benci di teks di atas
A: iya/tidak",tidak
1070,id_hatespeech,id_hatespeech_nusantara_text,1eaf7dd3-9a40-4808-9021-de6afc76e78a,indo_unsur_benci,train,"Teks: Mudah2han pak ahok jadi nomor satu di Indonesia
Q: Apakah ada unsur benci di teks di atas
A: iya/tidak",tidak
1071,id_hatespeech,id_hatespeech_nusantara_text,1eaf7dd3-9a40-4808-9021-de6afc76e78a,indo_unsur_benci,train,"Teks: TPS Paslon Pilkada DKI Akan Dijaga Ketat
Q: Apakah ada unsur benci di teks di atas
A: iya/tidak",tidak
1072,id_hatespeech,id_hatespeech_nusantara_text,1eaf7dd3-9a40-4808-9021-de6afc76e78a,indo_unsur_benci,train,"Teks: saya bukan penduduk jakarta. tapi saya kagum pada sosok ahok dan jarot.allah memang punya rencana lain.selamat pada beliau
Q: Apakah ada unsur benci di teks di atas
A: iya/tidak",tidak
1073,id_hatespeech,id_hatespeech_nusantara_text,1eaf7dd3-9a40-4808-9021-de6afc76e78a,indo_unsur_benci,train,"Teks: Pak anies tolong bongkar lagi masjid yg di bangun pak ahok di daan mogot
Q: Apakah ada unsur benci di teks di atas
A: iya/tidak",tidak
1074,id_hatespeech,id_hatespeech_nusantara_text,1eaf7dd3-9a40-4808-9021-de6afc76e78a,indo_unsur_benci,train,"Teks: Yang blm pada move on mending bsk piknik aja mumpung long weekend hehehe
Q: Apakah ada unsur benci di teks di atas
A: iya/tidak",tidak
1075,id_hatespeech,id_hatespeech_nusantara_text,1eaf7dd3-9a40-4808-9021-de6afc76e78a,indo_unsur_benci,train,"Teks: Semoga bapak bisa meneladani sosok bang yos gubernur jakarta yang sangat cinta @persijajkt
Q: Apakah ada unsur benci di teks di atas
A: iya/tidak",tidak
1076,id_hatespeech,id_hatespeech_nusantara_text,1eaf7dd3-9a40-4808-9021-de6afc76e78a,indo_unsur_benci,train,"Teks: Pemimpin yg baik pemimpin yg mengerti akan jiwa pemuda, lanjutkan pak @aniesbaswedan
Q: Apakah ada unsur benci di teks di atas
A: iya/tidak",tidak
1077,id_hatespeech,id_hatespeech_nusantara_text,1eaf7dd3-9a40-4808-9021-de6afc76e78a,indo_unsur_benci,train,"Teks: kami disini mendulungmu untuk jakarta yg maju bukan hanya ekonomi nya tapi juga prestasi sepakbola nya
Q: Apakah ada unsur benci di teks di atas
A: iya/tidak",tidak
1078,id_hatespeech,id_hatespeech_nusantara_text,1eaf7dd3-9a40-4808-9021-de6afc76e78a,indo_unsur_benci,train,"Teks: Negara kita negara BHINEKA TUNGGAL IKA. jadi ga liat pemimpin dengan agama ,ras ,budaya
Q: Apakah ada unsur benci di teks di atas
A: iya/tidak",tidak
1079,id_hatespeech,id_hatespeech_nusantara_text,1eaf7dd3-9a40-4808-9021-de6afc76e78a,indo_unsur_benci,train,"Teks: pak @aniesbaswedan kami disini mendulungmu untuk jakarta yg maju bukan hanya ekonomi nya tapi juga prestasi sepakbola nya
Q: Apakah ada unsur benci di teks di atas
A: iya/tidak",tidak
1080,id_hatespeech,id_hatespeech_nusantara_text,1eaf7dd3-9a40-4808-9021-de6afc76e78a,indo_unsur_benci,train,"Teks: Gw yakin suatu saat pasti Pak @basuki_btp akan ada patungnya sebagai tanda jasa entah itu di indo atau di madame tussaud.
Q: Apakah ada unsur benci di teks di atas
A: iya/tidak",tidak
1081,id_hatespeech,id_hatespeech_nusantara_text,1eaf7dd3-9a40-4808-9021-de6afc76e78a,indo_unsur_benci,train,"Teks: Doa itu sebaiknya yg baik2. Karena Tuhan juga baik. Klo doa jelek jahat, akan berbalik ke diri yg mendoakan loh
Q: Apakah ada unsur benci di teks di atas
A: iya/tidak",tidak
1082,id_hatespeech,id_hatespeech_nusantara_text,1eaf7dd3-9a40-4808-9021-de6afc76e78a,indo_unsur_benci,train,"Teks: #badja Jakarta tidak butuh kalian lagi, tapi Indonesia menunggu untuk pengabdian kalian.
Q: Apakah ada unsur benci di teks di atas
A: iya/tidak",tidak
1083,id_hatespeech,id_hatespeech_nusantara_text,1eaf7dd3-9a40-4808-9021-de6afc76e78a,indo_unsur_benci,train,"Teks: Artikel saya untuk Mas @pandji. Dari reklamasi, penggusuran, DP 0 Rupiah, OKE OCE, hingga ""figur pemersatu"".
Q: Apakah ada unsur benci di teks di atas
A: iya/tidak",tidak
1084,id_hatespeech,id_hatespeech_nusantara_text,1eaf7dd3-9a40-4808-9021-de6afc76e78a,indo_unsur_benci,train,"Teks: #BesokGueAhok Karena Terbukti Dan Teruji Dari Segi Kerjanya,Ahok Untuk DKI Jakarta Lebih Baik Kemudian #TetapAhok
Q: Apakah ada unsur benci di teks di atas
A: iya/tidak",tidak
1085,id_hatespeech,id_hatespeech_nusantara_text,1eaf7dd3-9a40-4808-9021-de6afc76e78a,indo_unsur_benci,train,"Teks: ga tinggal di Jakarta sih, tp 1 rumah ngotot banget dukung Pak @basuki_btp!
Q: Apakah ada unsur benci di teks di atas
A: iya/tidak",tidak
1086,id_hatespeech,id_hatespeech_nusantara_text,1eaf7dd3-9a40-4808-9021-de6afc76e78a,indo_unsur_benci,train,"Teks: Semangat Pilkada! Untukmu pilihanmu dan untukku pilihanku #tetapahok
Q: Apakah ada unsur benci di teks di atas
A: iya/tidak",tidak
1087,id_hatespeech,id_hatespeech_nusantara_text,1eaf7dd3-9a40-4808-9021-de6afc76e78a,indo_unsur_benci,train,"Teks: Tapi perbedaan vital di reklamasi sama perumahan, justru gak bisa berkutik sama sekali.
Q: Apakah ada unsur benci di teks di atas
A: iya/tidak",tidak
1088,id_hatespeech,id_hatespeech_nusantara_text,1eaf7dd3-9a40-4808-9021-de6afc76e78a,indo_unsur_benci,train,"Teks: Sabar dulu jgn tergesa2 nagih, beliau belum dilantik baru bulan Oktober nanti.
Q: Apakah ada unsur benci di teks di atas
A: iya/tidak",tidak
1089,id_hatespeech,id_hatespeech_nusantara_text,1eaf7dd3-9a40-4808-9021-de6afc76e78a,indo_unsur_benci,train,"Teks: Pak @aniesbaswedan knpa ngga mampir dulu ke tempat saya. Orangtua saya ngefans bgt
Q: Apakah ada unsur benci di teks di atas
A: iya/tidak",tidak
1090,id_hatespeech,id_hatespeech_nusantara_text,1eaf7dd3-9a40-4808-9021-de6afc76e78a,indo_unsur_benci,train,"Teks: Semoga @persijajkt lebih maju dengan adanya gubernur era baru.
Q: Apakah ada unsur benci di teks di atas
A: iya/tidak",tidak
1091,id_hatespeech,id_hatespeech_nusantara_text,1eaf7dd3-9a40-4808-9021-de6afc76e78a,indo_unsur_benci,train,"Teks: Tetap di masyarakat jakarta dan selalu membuat jakarta lebih baik.Dan hasilnya pun sudah terbukti
Q: Apakah ada unsur benci di teks di atas
A: iya/tidak",tidak
1092,id_hatespeech,id_hatespeech_nusantara_text,1eaf7dd3-9a40-4808-9021-de6afc76e78a,indo_unsur_benci,train,"Teks: saya sebagai masyarakat jakarta salut terhadap kepemimpinan pak ahok.
Q: Apakah ada unsur benci di teks di atas
A: iya/tidak",tidak
1093,id_hatespeech,id_hatespeech_nusantara_text,1eaf7dd3-9a40-4808-9021-de6afc76e78a,indo_unsur_benci,train,"Teks: Semua sayang ahok. Saya berharap ahok bisa jadi presiden selanjutnya bersama pak jokowi.
Q: Apakah ada unsur benci di teks di atas
A: iya/tidak",tidak
1094,id_hatespeech,id_hatespeech_nusantara_text,1eaf7dd3-9a40-4808-9021-de6afc76e78a,indo_unsur_benci,train,"Teks: Bukan lagi milik jakarta lagi ahok tapi milik kita untuk membangun jakarta lebih baik
Q: Apakah ada unsur benci di teks di atas
A: iya/tidak",tidak
1095,id_hatespeech,id_hatespeech_nusantara_text,1eaf7dd3-9a40-4808-9021-de6afc76e78a,indo_unsur_benci,train,"Teks: Pak Ahok, jadi cagub di Bekasi aja ya pak... Bekasi mau dipimpin orang seperti bapak, biar ada perubahan lebih baik @basukibtp
Q: Apakah ada unsur benci di teks di atas
A: iya/tidak",tidak
1096,id_hatespeech,id_hatespeech_nusantara_text,1eaf7dd3-9a40-4808-9021-de6afc76e78a,indo_unsur_benci,train,"Teks: Kekalahan Ahok adalah kemunduran peradaban di Indonesia. Selamat datang radikalisme. Akal sehat sudah tidak ada dinegara ini.
Q: Apakah ada unsur benci di teks di atas
A: iya/tidak",tidak
1097,id_hatespeech,id_hatespeech_nusantara_text,1eaf7dd3-9a40-4808-9021-de6afc76e78a,indo_unsur_benci,train,"Teks: Semangat pak ahok , bapak sudah berjuang sekuat tenaga dan sudah berusaha melakukan yang terbaik, terima kasih pak
Q: Apakah ada unsur benci di teks di atas
A: iya/tidak",tidak
1098,id_hatespeech,id_hatespeech_nusantara_text,1eaf7dd3-9a40-4808-9021-de6afc76e78a,indo_unsur_benci,train,"Teks: Terima Kasih pak sudah mengabdi dijakarta dengan segudang permintaan warga.
Q: Apakah ada unsur benci di teks di atas
A: iya/tidak",tidak
1099,id_hatespeech,id_hatespeech_nusantara_text,1eaf7dd3-9a40-4808-9021-de6afc76e78a,indo_unsur_benci,train,"Teks: Mungkin ada kata kata yang menyakitkan ya pak, tapi semoga itu menjadi semangat untuk bapak kedepannya.
Q: Apakah ada unsur benci di teks di atas
A: iya/tidak",tidak
1100,id_hatespeech,id_hatespeech_nusantara_text,1eaf7dd3-9a40-4808-9021-de6afc76e78a,indo_unsur_benci,train,"Teks: Walaupun bapak tidak menang. Tapi saya menikmati kerja keras bapak selama menjabat. Terima kasih untuk bapak ahok.
Q: Apakah ada unsur benci di teks di atas
A: iya/tidak",tidak
1101,id_hatespeech,id_hatespeech_nusantara_text,1eaf7dd3-9a40-4808-9021-de6afc76e78a,indo_unsur_benci,train,"Teks: miris ya pak ahok...sukses slalu buat my idola pak ahok
Q: Apakah ada unsur benci di teks di atas
A: iya/tidak",tidak
1102,id_hatespeech,id_hatespeech_nusantara_text,1eaf7dd3-9a40-4808-9021-de6afc76e78a,indo_unsur_benci,train,"Teks: Gue lebih suka Ahok bantuin Jokowi ngurusin Indonesia agar lebih cepet maju, bukan hanya Jakarta.
Q: Apakah ada unsur benci di teks di atas
A: iya/tidak",tidak
1103,id_hatespeech,id_hatespeech_nusantara_text,1eaf7dd3-9a40-4808-9021-de6afc76e78a,indo_unsur_benci,train,"Teks: Pak kok saya pngn peluk bapak sambil bilang "" pak tetap semangat ya, saya selalu mendoakan yg terbaik untuk bapak""
Q: Apakah ada unsur benci di teks di atas
A: iya/tidak",tidak
1104,id_hatespeech,id_hatespeech_nusantara_text,1eaf7dd3-9a40-4808-9021-de6afc76e78a,indo_unsur_benci,train,"Teks: aya bukan warga jakarta tp saya sering ke jakarta.....saya bangga jakarta pernah di pegang bapak. Jadi rapih pak sekarang.....
Q: Apakah ada unsur benci di teks di atas
A: iya/tidak",tidak
1105,id_hatespeech,id_hatespeech_nusantara_text,1eaf7dd3-9a40-4808-9021-de6afc76e78a,indo_unsur_benci,train,"Teks: Maka seyogyanya pilihanku #TetapAhok karna terlihat pencerahan pd sistem birokrasi.
Q: Apakah ada unsur benci di teks di atas
A: iya/tidak",tidak
1106,id_hatespeech,id_hatespeech_nusantara_text,1eaf7dd3-9a40-4808-9021-de6afc76e78a,indo_unsur_benci,train,"Teks: Pak ahok tetap menjadi gubenur dihatiku ....
Q: Apakah ada unsur benci di teks di atas
A: iya/tidak",tidak
1107,id_hatespeech,id_hatespeech_nusantara_text,1eaf7dd3-9a40-4808-9021-de6afc76e78a,indo_unsur_benci,train,"Teks: Dari lahir di Jakarta sampe detik ini baru gue liat kali & pintu air Manggarai bersih dari sampah ya pas jaman Jokowi sampe Ahok. #TetapAhok
Q: Apakah ada unsur benci di teks di atas
A: iya/tidak",tidak
1108,id_hatespeech,id_hatespeech_nusantara_text,1eaf7dd3-9a40-4808-9021-de6afc76e78a,indo_unsur_benci,train,"Teks: Gpp kalah. mungkin belom rejekinya ya pak. Bagi kami bapak tetap pemimpin yang jujur. Tetap berkarya nyata
Q: Apakah ada unsur benci di teks di atas
A: iya/tidak",tidak
1109,id_hatespeech,id_hatespeech_nusantara_text,1eaf7dd3-9a40-4808-9021-de6afc76e78a,indo_unsur_benci,train,"Teks: Selama 20 tahun tinggal di Jakarta, baru 5 tahun terakhir benar-benar terasa perubahan dan sadar kalau itu akitbat gubernurnya.
Q: Apakah ada unsur benci di teks di atas
A: iya/tidak",tidak
1110,id_hatespeech,id_hatespeech_nusantara_text,1eaf7dd3-9a40-4808-9021-de6afc76e78a,indo_unsur_benci,train,"Teks: Aku cinta Pak Ahok. Terimakasih ya Pak atas jasa-jasa dan kerja nyatanya selama 5 tahun terakhir.
Q: Apakah ada unsur benci di teks di atas
A: iya/tidak",tidak
1111,id_hatespeech,id_hatespeech_nusantara_text,1eaf7dd3-9a40-4808-9021-de6afc76e78a,indo_unsur_benci,train,"Teks: Tetap semangat pak ahok.... terimakasih atas semua yg anda berikan untuk jakarta. sukses selalu buat pak ahok.
Q: Apakah ada unsur benci di teks di atas
A: iya/tidak",tidak
1112,id_hatespeech,id_hatespeech_nusantara_text,1eaf7dd3-9a40-4808-9021-de6afc76e78a,indo_unsur_benci,train,"Teks: Pak ahok kita tetap mendukung apapun yang terjadi
Q: Apakah ada unsur benci di teks di atas
A: iya/tidak",tidak
1113,id_hatespeech,id_hatespeech_nusantara_text,1eaf7dd3-9a40-4808-9021-de6afc76e78a,indo_unsur_benci,train,"Teks: Terima kasih banyak buat kinerja keras dari Pak Ahok dan team selama memimpin DKI Jakarta. Tetap semangat selalu Pak. God Bless Bapak & Family.
Q: Apakah ada unsur benci di teks di atas
A: iya/tidak",tidak
1114,id_hatespeech,id_hatespeech_nusantara_text,1eaf7dd3-9a40-4808-9021-de6afc76e78a,indo_unsur_benci,train,"Teks: Bapak ahok sosok yang saya banggakan, terimakasih pak sudah merubah jakarta.
Q: Apakah ada unsur benci di teks di atas
A: iya/tidak",tidak
1115,id_hatespeech,id_hatespeech_nusantara_text,1eaf7dd3-9a40-4808-9021-de6afc76e78a,indo_unsur_benci,train,"Teks: semoga pak ahok selalu dlm lindungan tuhan, saya sayang sama pak ahok, pak ahok orang baik.
Q: Apakah ada unsur benci di teks di atas
A: iya/tidak",tidak
1116,id_hatespeech,id_hatespeech_nusantara_text,1eaf7dd3-9a40-4808-9021-de6afc76e78a,indo_unsur_benci,train,"Teks: Terima kasih pak Basuki. Sampai kapan pun sejarah akan mencatat bapak membawa perubahan bagi kami warga jakarta
Q: Apakah ada unsur benci di teks di atas
A: iya/tidak",tidak
1117,id_hatespeech,id_hatespeech_nusantara_text,1eaf7dd3-9a40-4808-9021-de6afc76e78a,indo_unsur_benci,train,"Teks: Lanjutkan perjuangan Pak, Bapak orang baik pasti ditempatkan di tempat yg lebih baik juga.
Q: Apakah ada unsur benci di teks di atas
A: iya/tidak",tidak
1118,id_hatespeech,id_hatespeech_nusantara_text,1eaf7dd3-9a40-4808-9021-de6afc76e78a,indo_unsur_benci,train,"Teks: Kau lah yang terhebat.. Karna kau lah kami mendapat inspirasi dan pengalaman yang sangat berharga.
Q: Apakah ada unsur benci di teks di atas
A: iya/tidak",tidak
1119,id_hatespeech,id_hatespeech_nusantara_text,1eaf7dd3-9a40-4808-9021-de6afc76e78a,indo_unsur_benci,train,"Teks: Buat Pak Ahok tetap berkarya pak. Masih ada kesempatan lebih baik di 2019
Q: Apakah ada unsur benci di teks di atas
A: iya/tidak",tidak
1120,id_hatespeech,id_hatespeech_nusantara_text,1eaf7dd3-9a40-4808-9021-de6afc76e78a,indo_unsur_benci,train,"Teks: Pak saya setuju kalo pak jadi gubenur karena kerja pak sangat bagus kerena kerja pak basuki tegas keluarga kami mendukung pak basuki
Q: Apakah ada unsur benci di teks di atas
A: iya/tidak",tidak
1121,id_hatespeech,id_hatespeech_nusantara_text,1eaf7dd3-9a40-4808-9021-de6afc76e78a,indo_unsur_benci,train,"Teks: Bapak tetap yg terbaik untuk jakarta..terima kasih pak untuk semua yg bapak kerjakan selama ini semoga Allah selalu meridhoi bapak dalam setiap langkah bapak..
Q: Apakah ada unsur benci di teks di atas
A: iya/tidak",tidak
1122,id_hatespeech,id_hatespeech_nusantara_text,1eaf7dd3-9a40-4808-9021-de6afc76e78a,indo_unsur_benci,train,"Teks: jabatan bukan hal penting yg terpenting bapak tetap orang terhebat di jakarta tentang kerja keras Pak Ahok..sekali lagi terima kasih Pak Ahok
Q: Apakah ada unsur benci di teks di atas
A: iya/tidak",tidak
1123,id_hatespeech,id_hatespeech_nusantara_text,1eaf7dd3-9a40-4808-9021-de6afc76e78a,indo_unsur_benci,train,"Teks: Pak Ahok....walau saya bukan warga DKI....saya sangat sedih bapak tidak terpilih lg jd Gubenur DKI.....
Q: Apakah ada unsur benci di teks di atas
A: iya/tidak",tidak
1124,id_hatespeech,id_hatespeech_nusantara_text,1eaf7dd3-9a40-4808-9021-de6afc76e78a,indo_unsur_benci,train,"Teks: Hanya bpk lah gubernur satu satunya yg bisa membawa perubahan di Jakarta...semangat pak...
Q: Apakah ada unsur benci di teks di atas
A: iya/tidak",tidak
1125,id_hatespeech,id_hatespeech_nusantara_text,1eaf7dd3-9a40-4808-9021-de6afc76e78a,indo_unsur_benci,train,"Teks: Pak ahok, saya mempunyai ibu, ibu saya selalu mendoakan pak ahok setiap waktu dan setiap pagi jam 3 ibu saya sebenarnya kecewa dengan hasil pilkada
Q: Apakah ada unsur benci di teks di atas
A: iya/tidak",tidak
1126,id_hatespeech,id_hatespeech_nusantara_text,1eaf7dd3-9a40-4808-9021-de6afc76e78a,indo_unsur_benci,train,"Teks: tapi kalah menang itu biasa. kekuasaan ada di tangan tuhan, asal bapak ahok tidak menjual iman pak ahok dengan jabatan
Q: Apakah ada unsur benci di teks di atas
A: iya/tidak",tidak
1127,id_hatespeech,id_hatespeech_nusantara_text,1eaf7dd3-9a40-4808-9021-de6afc76e78a,indo_unsur_benci,train,"Teks: Terimakasih banyak pak ahok dan djarot untuk kerja tulus dan kerasnya untuk Jakarta..
Q: Apakah ada unsur benci di teks di atas
A: iya/tidak",tidak
1128,id_hatespeech,id_hatespeech_nusantara_text,1eaf7dd3-9a40-4808-9021-de6afc76e78a,indo_unsur_benci,train,"Teks: Media Asing Menyorot Hasil Pilkada Jakarta
Q: Apakah ada unsur benci di teks di atas
A: iya/tidak",tidak
1129,id_hatespeech,id_hatespeech_nusantara_text,1eaf7dd3-9a40-4808-9021-de6afc76e78a,indo_unsur_benci,train,"Teks: Ahok Banyak Belajar di Pilkada DKI
Q: Apakah ada unsur benci di teks di atas
A: iya/tidak",tidak
1130,id_hatespeech,id_hatespeech_nusantara_text,1eaf7dd3-9a40-4808-9021-de6afc76e78a,indo_unsur_benci,train,"Teks: Ini Pelajaran yang Dipetik Ahok dari Pilkada DKI
Q: Apakah ada unsur benci di teks di atas
A: iya/tidak",tidak
1131,id_hatespeech,id_hatespeech_nusantara_text,1eaf7dd3-9a40-4808-9021-de6afc76e78a,indo_unsur_benci,train,"Teks: Ahok: Lupakan Semua Masalah Kampanye dan Pilkada
Q: Apakah ada unsur benci di teks di atas
A: iya/tidak",tidak
1132,id_hatespeech,id_hatespeech_nusantara_text,1eaf7dd3-9a40-4808-9021-de6afc76e78a,indo_unsur_benci,train,"Teks: Presiden Percaya Pilkada DKI Hasilkan Pemimpin Terbaik
Q: Apakah ada unsur benci di teks di atas
A: iya/tidak",tidak
1133,id_hatespeech,id_hatespeech_nusantara_text,1eaf7dd3-9a40-4808-9021-de6afc76e78a,indo_unsur_benci,train,"Teks: Kapolri Pastikan Pilkada DKI Berjalan Lancar dan Sejuk
Q: Apakah ada unsur benci di teks di atas
A: iya/tidak",tidak
1134,id_hatespeech,id_hatespeech_nusantara_text,1eaf7dd3-9a40-4808-9021-de6afc76e78a,indo_unsur_benci,train,"Teks: Pengamat: Pilkada DKI Panas Karena Parpol Sulit Disiplinkan Massa
Q: Apakah ada unsur benci di teks di atas
A: iya/tidak",tidak
1135,id_hatespeech,id_hatespeech_nusantara_text,1eaf7dd3-9a40-4808-9021-de6afc76e78a,indo_unsur_benci,train,"Teks: Parpol Pendukung Ahok-Djarot Komitmen Jaga Pilkada Damai
Q: Apakah ada unsur benci di teks di atas
A: iya/tidak",tidak
1136,id_hatespeech,id_hatespeech_nusantara_text,1eaf7dd3-9a40-4808-9021-de6afc76e78a,indo_unsur_benci,train,"Teks: Amankan Pilkada DKI, Polisi Terapkan Dua Sistem Pengamanan
Q: Apakah ada unsur benci di teks di atas
A: iya/tidak",tidak
1137,id_hatespeech,id_hatespeech_nusantara_text,1eaf7dd3-9a40-4808-9021-de6afc76e78a,indo_unsur_benci,train,"Teks: Tiga Instansi Keluarkan Maklumat Larangan Mobilisasi Massa di Pilkada DKI
Q: Apakah ada unsur benci di teks di atas
A: iya/tidak",tidak
1138,id_hatespeech,id_hatespeech_nusantara_text,1eaf7dd3-9a40-4808-9021-de6afc76e78a,indo_unsur_benci,train,"Teks: TERNYATA BAJU YANG DIPAKAI AHOK DI DEBAT PILKADA YG SAYA TONTON MELALUI METRO TV SAMA DENGAN YANG DI TV ONE. BARUSAN SAYA CEK
Q: Apakah ada unsur benci di teks di atas
A: iya/tidak",tidak
1139,id_hatespeech,id_hatespeech_nusantara_text,1eaf7dd3-9a40-4808-9021-de6afc76e78a,indo_unsur_benci,train,"Teks: Sebagai warga negara yang baik, lo wajib ikut mensukseskan Pilkada Jakarta 2017. Temukan performa berbeda Debat Pilkada pukul 7
Q: Apakah ada unsur benci di teks di atas
A: iya/tidak",tidak
1140,id_hatespeech,id_hatespeech_nusantara_text,1eaf7dd3-9a40-4808-9021-de6afc76e78a,indo_unsur_benci,train,"Teks: Debat Terakhir Menentukan Elektabilitas di Pilkada DKI Putaran Kedua
Q: Apakah ada unsur benci di teks di atas
A: iya/tidak",tidak
1141,id_hatespeech,id_hatespeech_nusantara_text,1eaf7dd3-9a40-4808-9021-de6afc76e78a,indo_unsur_benci,train,"Teks: Terima kasih bapak ahok dengan jasa2 bapak selalu membangun jakarta lebih baik lagi
Q: Apakah ada unsur benci di teks di atas
A: iya/tidak",tidak
1142,id_hatespeech,id_hatespeech_nusantara_text,1eaf7dd3-9a40-4808-9021-de6afc76e78a,indo_unsur_benci,train,"Teks: Salut banget sm pak ahok.. benar2 berjiwa kesatria.. langsung mengucapkan selamat ke pasangan anis dan sandi..
Q: Apakah ada unsur benci di teks di atas
A: iya/tidak",tidak
1143,id_hatespeech,id_hatespeech_nusantara_text,1eaf7dd3-9a40-4808-9021-de6afc76e78a,indo_unsur_benci,train,"Teks: keluarga sudah ke menggunakan hak pilihnya pagi ini. Jangan lupa bagi warga Jakarta untuk datang ke TPS sebelum jam 1 siang!
Q: Apakah ada unsur benci di teks di atas
A: iya/tidak",tidak
1144,id_hatespeech,id_hatespeech_nusantara_text,1eaf7dd3-9a40-4808-9021-de6afc76e78a,indo_unsur_benci,train,"Teks: Terima kasih telah membuat Jakarta menjadi lebih baik pak... Tetap semangat!
Q: Apakah ada unsur benci di teks di atas
A: iya/tidak",tidak
1145,id_hatespeech,id_hatespeech_nusantara_text,1eaf7dd3-9a40-4808-9021-de6afc76e78a,indo_unsur_benci,train,"Teks: Pada akhirnya, orang jahat akan jatuh, dan orang baik, akan dibangkitkan!
Q: Apakah ada unsur benci di teks di atas
A: iya/tidak",tidak
1146,id_hatespeech,id_hatespeech_nusantara_text,1eaf7dd3-9a40-4808-9021-de6afc76e78a,indo_unsur_benci,train,"Teks: Meski dijatuhkan berkali2, Tuhan akan selalu mengangkat yg benar
Q: Apakah ada unsur benci di teks di atas
A: iya/tidak",tidak
1147,id_hatespeech,id_hatespeech_nusantara_text,1eaf7dd3-9a40-4808-9021-de6afc76e78a,indo_unsur_benci,train,"Teks: Rencana Bapak yang di surga itu lebih indah yangg kita inginkan bapak ahok tetap semangat ya pak
Q: Apakah ada unsur benci di teks di atas
A: iya/tidak",tidak
1148,id_hatespeech,id_hatespeech_nusantara_text,1eaf7dd3-9a40-4808-9021-de6afc76e78a,indo_unsur_benci,train,"Teks: Pak Basuki dan Pak Djarot tetap kuat didalam iman dan pengharapan...
Q: Apakah ada unsur benci di teks di atas
A: iya/tidak",tidak
1149,id_hatespeech,id_hatespeech_nusantara_text,1eaf7dd3-9a40-4808-9021-de6afc76e78a,indo_unsur_benci,train,"Teks: Yakin bahwa ini bukan jalan yang terbaik untuk anda dari hanya sekedar Gubernur dan Wakil gubernur DKI..
Q: Apakah ada unsur benci di teks di atas
A: iya/tidak",tidak
1150,id_hatespeech,id_hatespeech_nusantara_text,1eaf7dd3-9a40-4808-9021-de6afc76e78a,indo_unsur_benci,train,"Teks: Masyarakat Indonesia khusus DKI melihat pemimpin itu bukan dilihat hasil kerjanya
Q: Apakah ada unsur benci di teks di atas
A: iya/tidak",tidak
1151,id_hatespeech,id_hatespeech_nusantara_text,1eaf7dd3-9a40-4808-9021-de6afc76e78a,indo_unsur_benci,train,"Teks: Kami sebagai rakyat indonesia yang bukan berasal dari DKI turut mendoakan semoga pak Basuki dan pak Djarot tidak pernah lelah melayani kami dan tetap terus semangat
Q: Apakah ada unsur benci di teks di atas
A: iya/tidak",tidak
1152,id_hatespeech,id_hatespeech_nusantara_text,1eaf7dd3-9a40-4808-9021-de6afc76e78a,indo_unsur_benci,train,"Teks: jangan padam untuk kemanusiaan ya pak, saya mengenang semua hal manis yg telah bapak perjuangkan
Q: Apakah ada unsur benci di teks di atas
A: iya/tidak",tidak
1153,id_hatespeech,id_hatespeech_nusantara_text,1eaf7dd3-9a40-4808-9021-de6afc76e78a,indo_unsur_benci,train,"Teks: Saya doakan pak ahok dan tamengnya tidak kejang2
Q: Apakah ada unsur benci di teks di atas
A: iya/tidak",tidak
1154,id_hatespeech,id_hatespeech_nusantara_text,1eaf7dd3-9a40-4808-9021-de6afc76e78a,indo_unsur_benci,train,"Teks: Tetap semangat pak. Ahok.. Aku selalu dukung pak ahok djarot.
Q: Apakah ada unsur benci di teks di atas
A: iya/tidak",tidak
1155,id_hatespeech,id_hatespeech_nusantara_text,1eaf7dd3-9a40-4808-9021-de6afc76e78a,indo_unsur_benci,train,"Teks: Pemenang Debat Pilkada DKI malam ini adalah...... IRA KOESNO!!!
Q: Apakah ada unsur benci di teks di atas
A: iya/tidak",tidak
1156,id_hatespeech,id_hatespeech_nusantara_text,1eaf7dd3-9a40-4808-9021-de6afc76e78a,indo_unsur_benci,train,"Teks: Selamat buat pasangan no 3, Anies-Sandi pemenang versi Quick Count... Terima kasih buat Ahok-Djarot atas kerja luar biasa untuk Jakarta...
Q: Apakah ada unsur benci di teks di atas
A: iya/tidak",tidak
1157,id_hatespeech,id_hatespeech_nusantara_text,1eaf7dd3-9a40-4808-9021-de6afc76e78a,indo_unsur_benci,train,"Teks: Semangat pak ahok walaupun saya warga bandung tapi saya yakin pak ahok yg jadi juara...
Q: Apakah ada unsur benci di teks di atas
A: iya/tidak",tidak
1158,id_hatespeech,id_hatespeech_nusantara_text,1eaf7dd3-9a40-4808-9021-de6afc76e78a,indo_unsur_benci,train,"Teks: yg jelas, kerja keras, pasti, dan jujur tetap pak ahok.
Q: Apakah ada unsur benci di teks di atas
A: iya/tidak",tidak
1159,id_hatespeech,id_hatespeech_nusantara_text,1eaf7dd3-9a40-4808-9021-de6afc76e78a,indo_unsur_benci,train,"Teks: Maaf pak saya tidak bisa ikutan nyoblos, KTP saya jakarta, tapi saya skrg tinggal bandung, saya hanya bisa berdoa
Q: Apakah ada unsur benci di teks di atas
A: iya/tidak",tidak
1160,id_hatespeech,id_hatespeech_nusantara_text,1eaf7dd3-9a40-4808-9021-de6afc76e78a,indo_unsur_benci,train,"Teks: semoga ahokdjarot bisa terus melanjutkan visi misi nya untuk membangun kota Jakarta, agar lebih rapih bersih dan nyaman
Q: Apakah ada unsur benci di teks di atas
A: iya/tidak",tidak
1161,id_hatespeech,id_hatespeech_nusantara_text,1eaf7dd3-9a40-4808-9021-de6afc76e78a,indo_unsur_benci,train,"Teks: Dalam nama Tuhan Untuk jakarta yg lebih baik
Q: Apakah ada unsur benci di teks di atas
A: iya/tidak",tidak
1162,id_hatespeech,id_hatespeech_nusantara_text,1eaf7dd3-9a40-4808-9021-de6afc76e78a,indo_unsur_benci,train,"Teks: semagat buat pak Anies semoga selalu dalam rahmat tuhan YME
Q: Apakah ada unsur benci di teks di atas
A: iya/tidak",tidak
1163,id_hatespeech,id_hatespeech_nusantara_text,1eaf7dd3-9a40-4808-9021-de6afc76e78a,indo_unsur_benci,train,"Teks: semua warga DKI gunakan hak pilihmu....jangan takut kita smua warga yg punya hak dan sehat lahir batin
Q: Apakah ada unsur benci di teks di atas
A: iya/tidak",tidak
1164,id_hatespeech,id_hatespeech_nusantara_text,1eaf7dd3-9a40-4808-9021-de6afc76e78a,indo_unsur_benci,train,"Teks: semoga Tuhan memberikan seluruh masyarakat DKI jakarta keadilan sesuai pemimpin yg benar2 demi rakyat Amin.
Q: Apakah ada unsur benci di teks di atas
A: iya/tidak",tidak
1165,id_hatespeech,id_hatespeech_nusantara_text,1eaf7dd3-9a40-4808-9021-de6afc76e78a,indo_unsur_benci,train,"Teks: Eks Pendukung Agus-Sylvi di Jakarta Timur Deklarasikan Dukungan Untuk Ahok-Djarot
Q: Apakah ada unsur benci di teks di atas
A: iya/tidak",tidak
1166,id_hatespeech,id_hatespeech_nusantara_text,1eaf7dd3-9a40-4808-9021-de6afc76e78a,indo_unsur_benci,train,"Teks: Ini pasti salah Jokowi, Ahok dan kafir-kafir ateis. https:\/\/t.co\/v2GRcUeStI
Q: Apakah ada unsur benci di teks di atas
A: iya/tidak",iya
1167,id_hatespeech,id_hatespeech_nusantara_text,1eaf7dd3-9a40-4808-9021-de6afc76e78a,indo_unsur_benci,train,"Teks: @fahmiabuazzam1 biar aja biar tai nya kena bapak lo itu ya. Loh tuh kan gak suka sm ahok jadi biar loh sm bpk loh sm ibu loh kena tai nya.
Q: Apakah ada unsur benci di teks di atas
A: iya/tidak",iya
1168,id_hatespeech,id_hatespeech_nusantara_text,1eaf7dd3-9a40-4808-9021-de6afc76e78a,indo_unsur_benci,train,"Teks: RT @BungWinar: Angin memporakporandakan basis pemenangan Si Penista Agama...Cililitan.\nYa Alloh Ampuni Kami\n#JakartaBanjir
Q: Apakah ada unsur benci di teks di atas
A: iya/tidak",iya
1169,id_hatespeech,id_hatespeech_nusantara_text,1eaf7dd3-9a40-4808-9021-de6afc76e78a,indo_unsur_benci,train,"Teks: RT @Lupuz0503: Prestasi Ahok, \nSelain mjadi mafia koruptor n penista agama, dirinya bhasil tenggelamkan JKT MELALUI congoran CEBON
Q: Apakah ada unsur benci di teks di atas
A: iya/tidak",iya
1170,id_hatespeech,id_hatespeech_nusantara_text,1eaf7dd3-9a40-4808-9021-de6afc76e78a,indo_unsur_benci,train,"Teks: Ulama Kompak Nyatakan #HaramPemimpinKafir Pilih Ahok = Murtad!
Q: Apakah ada unsur benci di teks di atas
A: iya/tidak",iya
1171,id_hatespeech,id_hatespeech_nusantara_text,1eaf7dd3-9a40-4808-9021-de6afc76e78a,indo_unsur_benci,train,"Teks: KAU PENDIKAN TINGGI TAPI BODOH....GK ADA LARANG BAWA AGAMA..BIAR ORANG ISLAM YG DI BAYAR AHOK SADAR GK JADI MILIH AHOK GLA
Q: Apakah ada unsur benci di teks di atas
A: iya/tidak",iya
1172,id_hatespeech,id_hatespeech_nusantara_text,1eaf7dd3-9a40-4808-9021-de6afc76e78a,indo_unsur_benci,train,"Teks: @indopoints di tanah abang cina udah mulai resah dan stres gara2 si penista agama dan pilkada pasar jd sepi. Sepi sampai 2 minggu lg ha. ha
Q: Apakah ada unsur benci di teks di atas
A: iya/tidak",iya
1173,id_hatespeech,id_hatespeech_nusantara_text,1eaf7dd3-9a40-4808-9021-de6afc76e78a,indo_unsur_benci,train,"Teks: @investigator_RI betul dan semua pihak yg menentang si cina kafir ahok akan di kriminalisasi oleh polisi dgn smua rekayasa hukum nya
Q: Apakah ada unsur benci di teks di atas
A: iya/tidak",iya
1174,id_hatespeech,id_hatespeech_nusantara_text,1eaf7dd3-9a40-4808-9021-de6afc76e78a,indo_unsur_benci,train,"Teks: @YohanesTarigan9 saya ga habis pikir kenapa fanboy ahok bego bego ya pada ga ngerti sejarah. Gampang kejebak iklan. Maaf ya.
Q: Apakah ada unsur benci di teks di atas
A: iya/tidak",iya
1175,id_hatespeech,id_hatespeech_nusantara_text,1eaf7dd3-9a40-4808-9021-de6afc76e78a,indo_unsur_benci,train,"Teks: @Zufrianto3 lebih baik pilih ahok drpd pilih yg se iman tp koruptor dn munafik !! Bodoh kau
Q: Apakah ada unsur benci di teks di atas
A: iya/tidak",iya
1176,id_hatespeech,id_hatespeech_nusantara_text,1eaf7dd3-9a40-4808-9021-de6afc76e78a,indo_unsur_benci,train,"Teks: Ahok si penghina Al - Qur'an dan Ulama ini selalu bersikap menjijikkan yaitu sok suci dan merasa paling benar https:\/\/t.co\/bTkCeTNk0g
Q: Apakah ada unsur benci di teks di atas
A: iya/tidak",iya
1177,id_hatespeech,id_hatespeech_nusantara_text,1eaf7dd3-9a40-4808-9021-de6afc76e78a,indo_unsur_benci,train,"Teks: Ayo umat Islam yg pinter, jgn percaya klo aksi 112 tdk ada hubungannya dgn pilkada, pihak AHY yg bayar anies yg untung \ud83d\ude01
Q: Apakah ada unsur benci di teks di atas
A: iya/tidak",iya
1178,id_hatespeech,id_hatespeech_nusantara_text,1eaf7dd3-9a40-4808-9021-de6afc76e78a,indo_unsur_benci,train,"Teks: #DebatFinalPilkadaJKT mampuuuusssssss mpoK Silvy!!!!
Q: Apakah ada unsur benci di teks di atas
A: iya/tidak",iya
1179,id_hatespeech,id_hatespeech_nusantara_text,1eaf7dd3-9a40-4808-9021-de6afc76e78a,indo_unsur_benci,train,"Teks: Hidup china komunis ! https:\/\/t.co\/b1RheVKrXl
Q: Apakah ada unsur benci di teks di atas
A: iya/tidak",iya
1180,id_hatespeech,id_hatespeech_nusantara_text,1eaf7dd3-9a40-4808-9021-de6afc76e78a,indo_unsur_benci,train,"Teks: Ini tuh kesalahan Jokowi dan Ahok si babi ateis. https:\/\/t.co\/v2GRcUeStI
Q: Apakah ada unsur benci di teks di atas
A: iya/tidak",iya
1181,id_hatespeech,id_hatespeech_nusantara_text,1eaf7dd3-9a40-4808-9021-de6afc76e78a,indo_unsur_benci,train,"Teks: Kalo ahok menang pilkada bikin video sex bareng anaknya dong tan.? https:\/\/t.co\/7msmThwwLK
Q: Apakah ada unsur benci di teks di atas
A: iya/tidak",iya
1182,id_hatespeech,id_hatespeech_nusantara_text,1eaf7dd3-9a40-4808-9021-de6afc76e78a,indo_unsur_benci,train,"Teks: Keluarga Besar Kami Yang Berdomisili di Jakarta TIDAK PILIH AHOK!! https:\/\/t.co\/GZKZFTpvCw Suara Ulama Bulat! #HaramPilihAhok #JanganGolput
Q: Apakah ada unsur benci di teks di atas
A: iya/tidak",iya
1183,id_hatespeech,id_hatespeech_nusantara_text,1eaf7dd3-9a40-4808-9021-de6afc76e78a,indo_unsur_benci,train,"Teks: ketutunan cina dari luar kota dan pulau mulai kejakarta mau coblos ahok dengan KTP aspal dari kamboja
Q: Apakah ada unsur benci di teks di atas
A: iya/tidak",iya
1184,id_hatespeech,id_hatespeech_nusantara_text,1eaf7dd3-9a40-4808-9021-de6afc76e78a,indo_unsur_benci,train,"Teks: RT @indopoints: china babi... china maling...\n#UsirChina https:\/\/t.co\/9y4HIWHJp2
Q: Apakah ada unsur benci di teks di atas
A: iya/tidak",iya
1185,id_hatespeech,id_hatespeech_nusantara_text,1eaf7dd3-9a40-4808-9021-de6afc76e78a,indo_unsur_benci,train,"Teks: RT @mosangada72: Masih mau memilih Agus-Sylvi???\nAnaknya SBY dan Keluarga Koruptor\n#BlusukanAhok\n#BerjamaahCoblosPecinya\u2026
Q: Apakah ada unsur benci di teks di atas
A: iya/tidak",iya
1186,id_hatespeech,id_hatespeech_nusantara_text,1eaf7dd3-9a40-4808-9021-de6afc76e78a,indo_unsur_benci,train,"Teks: tangkap ahok dan klompok nya yg melakukan pemalsuan e KTP karna merupakan penghiyanat bagi bangsa dan negara
Q: Apakah ada unsur benci di teks di atas
A: iya/tidak",iya
1187,id_hatespeech,id_hatespeech_nusantara_text,1eaf7dd3-9a40-4808-9021-de6afc76e78a,indo_unsur_benci,train,"Teks: Tangkap Ahok Sekarang Juga, Share Jika Setuju !!!
Q: Apakah ada unsur benci di teks di atas
A: iya/tidak",iya
1188,id_hatespeech,id_hatespeech_nusantara_text,1eaf7dd3-9a40-4808-9021-de6afc76e78a,indo_unsur_benci,train,"Teks: Sayang sekali Bangsa ini Paling jago kalau merasa-rasa. Yg mendukung Pak Ahok merasa paling benar, yg mendukung Mas Anies merasa paling suci
Q: Apakah ada unsur benci di teks di atas
A: iya/tidak",iya
1189,id_hatespeech,id_hatespeech_nusantara_text,1eaf7dd3-9a40-4808-9021-de6afc76e78a,indo_unsur_benci,train,"Teks: Video Ahok Menghina Agama Kristen Agama Konyol #AhokPecahBelahBangsa
Q: Apakah ada unsur benci di teks di atas
A: iya/tidak",iya
1190,id_hatespeech,id_hatespeech_nusantara_text,1eaf7dd3-9a40-4808-9021-de6afc76e78a,indo_unsur_benci,train,"Teks: Bukan Hanya Penista Agama, Bagi JPU Ahok Pemecah Belah Bangsa https:\/\/t.co\/6qkIFCjqhq
Q: Apakah ada unsur benci di teks di atas
A: iya/tidak",iya
1191,id_hatespeech,id_hatespeech_nusantara_text,1eaf7dd3-9a40-4808-9021-de6afc76e78a,indo_unsur_benci,train,"Teks: Mbak Sylviana please Anda sehat? #DebatFinalPilkadaJKT #perjuanganbelumselesai
Q: Apakah ada unsur benci di teks di atas
A: iya/tidak",iya
1192,id_hatespeech,id_hatespeech_nusantara_text,1eaf7dd3-9a40-4808-9021-de6afc76e78a,indo_unsur_benci,train,"Teks: Nomor 1 sok tau lagi lansung di skak wkwkwk #DebatFinalPilkadaJKT
Q: Apakah ada unsur benci di teks di atas
A: iya/tidak",iya
1193,id_hatespeech,id_hatespeech_nusantara_text,1eaf7dd3-9a40-4808-9021-de6afc76e78a,indo_unsur_benci,train,"Teks: RT @Gemacan70: Ayoo jaga keutuhan NKRI!!! Tangkap Penista Agama!!! #StopKriminalisasiUlama https:\/\/t.co\/dxIDQ4ZQHV
Q: Apakah ada unsur benci di teks di atas
A: iya/tidak",iya
1194,id_hatespeech,id_hatespeech_nusantara_text,1eaf7dd3-9a40-4808-9021-de6afc76e78a,indo_unsur_benci,train,"Teks: @Lupuz0503: Terlihat salah satu pendukung mafia koruptor dan penista agama, para gerombolan BANCI TITOT lakukan bidikan ke arah
Q: Apakah ada unsur benci di teks di atas
A: iya/tidak",iya
1195,id_hatespeech,id_hatespeech_nusantara_text,1eaf7dd3-9a40-4808-9021-de6afc76e78a,indo_unsur_benci,train,"Teks: tobat yuk sebelum terlambat. biar gerombolan JIL aja yg kita doakan konsisten bela kekafiran hingga akhir hayat https:\/\/t.co\/979uJ6ItrM
Q: Apakah ada unsur benci di teks di atas
A: iya/tidak",iya
1196,id_hatespeech,id_hatespeech_nusantara_text,1eaf7dd3-9a40-4808-9021-de6afc76e78a,indo_unsur_benci,train,"Teks: RT @UstadTengku: Ya Allah Jika Mereka Menempuh Cara2 Curang utk Memenangkan Si Penista Agama, Engkau Kirimkanlah MALAIKAT MAUT Utk menyeles\u2026
Q: Apakah ada unsur benci di teks di atas
A: iya/tidak",iya
1197,id_hatespeech,id_hatespeech_nusantara_text,1eaf7dd3-9a40-4808-9021-de6afc76e78a,indo_unsur_benci,train,"Teks: ;Kebanyakan fitnah nih mpok silvy #DebatFinalPilkadaJKT #Gue2
Q: Apakah ada unsur benci di teks di atas
A: iya/tidak",iya
1198,id_hatespeech,id_hatespeech_nusantara_text,1eaf7dd3-9a40-4808-9021-de6afc76e78a,indo_unsur_benci,train,"Teks: FPI: Pendukung Ahok kalah jumlah, dengan izin Allah kita gusur Gubernur koruptor dan penista agama https:\/\/t.co\/Jp7pGLRGiE
Q: Apakah ada unsur benci di teks di atas
A: iya/tidak",iya
1199,id_hatespeech,id_hatespeech_nusantara_text,1eaf7dd3-9a40-4808-9021-de6afc76e78a,indo_unsur_benci,train,"Teks: #JakartaBanjir Pemimpinnya gak punya akhlak yg baik... PENISTA AGAMA. https:\/\/t.co\/PNEGDJMPCH
Q: Apakah ada unsur benci di teks di atas
A: iya/tidak",iya
1200,id_hatespeech,id_hatespeech_nusantara_text,1eaf7dd3-9a40-4808-9021-de6afc76e78a,indo_unsur_benci,train,"Teks: RT @felixsiauw: tapi twit begini asik lo, kita jadi tau yang mana akun-akun pro-penista agama, akun-akun buzzer yang kerjanya menghujat :)
Q: Apakah ada unsur benci di teks di atas
A: iya/tidak",iya
1201,id_hatespeech,id_hatespeech_nusantara_text,1eaf7dd3-9a40-4808-9021-de6afc76e78a,indo_unsur_benci,train,"Teks: @DivHumasHansip: ahoker siap bela penista agama https:\/\/t.co\/HxuU4rUDFX\
Q: Apakah ada unsur benci di teks di atas
A: iya/tidak",iya
1202,id_hatespeech,id_hatespeech_nusantara_text,1eaf7dd3-9a40-4808-9021-de6afc76e78a,indo_unsur_benci,train,"Teks: RT @alwinazar24: sepertinya CUCUnya DAJJAL telah hadir
Q: Apakah ada unsur benci di teks di atas
A: iya/tidak",iya
1203,id_hatespeech,id_hatespeech_nusantara_text,1eaf7dd3-9a40-4808-9021-de6afc76e78a,indo_unsur_benci,train,"Teks: Mereka Siang MALAM Maki2 Ulama Kita, Nongkrongi Medsos Ulama2\nBela PENISTA Agama yg SOMBONGNYA Minta AMPUN.
Q: Apakah ada unsur benci di teks di atas
A: iya/tidak",iya
1204,id_hatespeech,id_hatespeech_nusantara_text,1eaf7dd3-9a40-4808-9021-de6afc76e78a,indo_unsur_benci,train,"Teks: RT @Jhonkosmik: Ada apa dengan mayoritas etnis China di DKI?\nMengapa begitu solid mendukung penista agama Islam?\n\nDendam?\nTidak nasionalis?
Q: Apakah ada unsur benci di teks di atas
A: iya/tidak",iya
1205,id_hatespeech,id_hatespeech_nusantara_text,1eaf7dd3-9a40-4808-9021-de6afc76e78a,indo_unsur_benci,train,"Teks: Mukanya mpo Silvy Asem bangett ngakak kena deh abis jahat sih #DebatFinalPilkadaJKT
Q: Apakah ada unsur benci di teks di atas
A: iya/tidak",iya
1206,id_hatespeech,id_hatespeech_nusantara_text,1eaf7dd3-9a40-4808-9021-de6afc76e78a,indo_unsur_benci,train,"Teks: RT @GodinJ760478: @tempodotco gara2 belain terdakwa penista agama jadi remek semua. Sukurin
Q: Apakah ada unsur benci di teks di atas
A: iya/tidak",iya
1207,id_hatespeech,id_hatespeech_nusantara_text,1eaf7dd3-9a40-4808-9021-de6afc76e78a,indo_unsur_benci,train,"Teks: RT @Chaeruddin_B: Sekumpulan Teman Penista Agama\nTdk ada empati buat korban banjir, hanya koar2 memuji junjunganya https:\/\/t.co\/XQFktDG74x
Q: Apakah ada unsur benci di teks di atas
A: iya/tidak",iya
1208,id_hatespeech,id_hatespeech_nusantara_text,1eaf7dd3-9a40-4808-9021-de6afc76e78a,indo_unsur_benci,train,"Teks: RT @TerorisSocmed: PENJARAKAN PENISTA AGAMA !!! ATAU @jokowi TURUN !!! https:\/\/t.co\/vqH0TNXaRz
Q: Apakah ada unsur benci di teks di atas
A: iya/tidak",iya
1209,id_hatespeech,id_hatespeech_nusantara_text,1eaf7dd3-9a40-4808-9021-de6afc76e78a,indo_unsur_benci,train,"Teks: Si penista agama, Jaga mulut aja gabisa apalagi jaga jkt?
Q: Apakah ada unsur benci di teks di atas
A: iya/tidak",iya
1210,id_hatespeech,id_hatespeech_nusantara_text,1eaf7dd3-9a40-4808-9021-de6afc76e78a,indo_unsur_benci,train,"Teks: Ahok : program paslon no. 1 ini programnya ngambang | yaiyalah pakkk gak ada program diaa cma ada celaan #DebatFinalPilkadaJKT
Q: Apakah ada unsur benci di teks di atas
A: iya/tidak",iya
1211,id_hatespeech,id_hatespeech_nusantara_text,1eaf7dd3-9a40-4808-9021-de6afc76e78a,indo_unsur_benci,train,"Teks: Akui saja Ahok dan Djarot kalian gagal atasi banjir.Orang kena banjir anda sibuk sidang kasus penista agama
Q: Apakah ada unsur benci di teks di atas
A: iya/tidak",iya
1212,id_hatespeech,id_hatespeech_nusantara_text,1eaf7dd3-9a40-4808-9021-de6afc76e78a,indo_unsur_benci,train,"Teks: RT @87_julay: Iyaa... Ahog Ngak pantes jadi pemimpin.. Pantesnya penista agama dipenjarakan!!! https:\/\/t.co\/YhhO40QWXS
Q: Apakah ada unsur benci di teks di atas
A: iya/tidak",iya
1213,id_hatespeech,id_hatespeech_nusantara_text,1eaf7dd3-9a40-4808-9021-de6afc76e78a,indo_unsur_benci,train,"Teks: RT @wongawas: Overdosis @Metro_TV membela penista agama. https:\/\/t.co\/i84RARpy5w
Q: Apakah ada unsur benci di teks di atas
A: iya/tidak",iya
1214,id_hatespeech,id_hatespeech_nusantara_text,1eaf7dd3-9a40-4808-9021-de6afc76e78a,indo_unsur_benci,train,"Teks: Kaga masuk diakal kite kalo suara seorang penista agama yg dah dikutuk ame umat islam suara nye bisa tinggi, emang sengaja ditinggiin tuh
Q: Apakah ada unsur benci di teks di atas
A: iya/tidak",iya
1215,id_hatespeech,id_hatespeech_nusantara_text,1eaf7dd3-9a40-4808-9021-de6afc76e78a,indo_unsur_benci,train,"Teks: RT @andreobz: Pantasan di pecat dr menteri...data2 aj ngawur dan memkasakan betul..hahaha #AhokPastiTumbang #paslon3 #pilgubdki
Q: Apakah ada unsur benci di teks di atas
A: iya/tidak",iya
1216,id_hatespeech,id_hatespeech_nusantara_text,1eaf7dd3-9a40-4808-9021-de6afc76e78a,indo_unsur_benci,train,"Teks: RT @BangsaPenguasa: Penjarakan ahoax penista agama atau jokowi turun.#KonsolidasiDewanPKB https:\/\/t.co\/XoW5eakIsk
Q: Apakah ada unsur benci di teks di atas
A: iya/tidak",iya
1217,id_hatespeech,id_hatespeech_nusantara_text,1eaf7dd3-9a40-4808-9021-de6afc76e78a,indo_unsur_benci,train,"Teks: Napa dibiarin tim si penista agama maen curang maren, emang sengaja dibiarin biar ntar digaplok umat islam rame2 se jakarta tuh penista
Q: Apakah ada unsur benci di teks di atas
A: iya/tidak",iya
1218,id_hatespeech,id_hatespeech_nusantara_text,1eaf7dd3-9a40-4808-9021-de6afc76e78a,indo_unsur_benci,train,"Teks: Hahahahhahaa silvy ohh silvy cacingan amat loe ahhh wkwkwkwkwkk #DebatFinalPilkadaJKT
Q: Apakah ada unsur benci di teks di atas
A: iya/tidak",iya
1219,id_hatespeech,id_hatespeech_nusantara_text,1eaf7dd3-9a40-4808-9021-de6afc76e78a,indo_unsur_benci,train,"Teks: RT @Rakyat_Angin: Ahok Taik. \""MENFITNAH\"". Emang lu tukang caci maki perempuannn!! Asuuu #AhokPastiTumbang #DebatFinalPilkadaJKT
Q: Apakah ada unsur benci di teks di atas
A: iya/tidak",iya
1220,id_hatespeech,id_hatespeech_nusantara_text,1eaf7dd3-9a40-4808-9021-de6afc76e78a,indo_unsur_benci,train,"Teks: RT @HasanArisandi: #AhokPastiTumbang fakta di bilang fitnah\n#DebatFinalPilkadaJKT
Q: Apakah ada unsur benci di teks di atas
A: iya/tidak",iya
1221,id_hatespeech,id_hatespeech_nusantara_text,1eaf7dd3-9a40-4808-9021-de6afc76e78a,indo_unsur_benci,train,"Teks: Shame on you silvy !! Ga malu fitnah?? Tuh rasain pak ahok panas, skak mat #DebatFinalPilkadaJKT
Q: Apakah ada unsur benci di teks di atas
A: iya/tidak",iya
1222,id_hatespeech,id_hatespeech_nusantara_text,1eaf7dd3-9a40-4808-9021-de6afc76e78a,indo_unsur_benci,train,"Teks: Bu silvi anti pns level rendah katanya #DebatFinalPilkadaJKT
Q: Apakah ada unsur benci di teks di atas
A: iya/tidak",iya
1223,id_hatespeech,id_hatespeech_nusantara_text,1eaf7dd3-9a40-4808-9021-de6afc76e78a,indo_unsur_benci,train,"Teks: RT @AnnisaFYtr: Hanya Orang Islam Yang Bodoh dan Goblok Yang Memilik Ahok! #DebatFinalPilkadaJKT
Q: Apakah ada unsur benci di teks di atas
A: iya/tidak",iya
1224,id_hatespeech,id_hatespeech_nusantara_text,1eaf7dd3-9a40-4808-9021-de6afc76e78a,indo_unsur_benci,train,"Teks: @DivHumasHansip: fitnah FPI pecah adalah ulah ahoker yg melihat elektabilitas ahok tinggal 10%,mereka kelojotan melihat MUI+NU+Muhammadi
Q: Apakah ada unsur benci di teks di atas
A: iya/tidak",iya
1225,id_hatespeech,id_hatespeech_nusantara_text,1eaf7dd3-9a40-4808-9021-de6afc76e78a,indo_unsur_benci,train,"Teks: Norak banget iklan mantan mendikbud @aniesbaswedan ini. Tambah gak respech.. inilah tenun kebangsaan yg dia maksud.\u2026 https:\/\/t.co\/Ux7HEYkBLG
Q: Apakah ada unsur benci di teks di atas
A: iya/tidak",iya
1226,id_hatespeech,id_hatespeech_nusantara_text,1eaf7dd3-9a40-4808-9021-de6afc76e78a,indo_unsur_benci,train,"Teks: RT @DivHumasHansip: yg nebar kebencian itu ahok mbak,masa mbak gak tau sih sampai dia jadi terdakwa loh @AnizzahGedrun
Q: Apakah ada unsur benci di teks di atas
A: iya/tidak",iya
1227,id_hatespeech,id_hatespeech_nusantara_text,1eaf7dd3-9a40-4808-9021-de6afc76e78a,indo_unsur_benci,train,"Teks: pertanyaan dari Bu Sylvi gak mutu amat. #DebatFinalPilkadaJKT
Q: Apakah ada unsur benci di teks di atas
A: iya/tidak",iya
1228,id_hatespeech,id_hatespeech_nusantara_text,1eaf7dd3-9a40-4808-9021-de6afc76e78a,indo_unsur_benci,train,"Teks: Huuu sylvi tak tahu apa-apa asal ngoceh #NobarAhokDjarot #DebatFinalPilkadaJKT
Q: Apakah ada unsur benci di teks di atas
A: iya/tidak",iya
1229,id_hatespeech,id_hatespeech_nusantara_text,1eaf7dd3-9a40-4808-9021-de6afc76e78a,indo_unsur_benci,train,"Teks: Sylvi keliatan bloonnya #DebatFinalPilkadaJKT
Q: Apakah ada unsur benci di teks di atas
A: iya/tidak",iya
1230,id_hatespeech,id_hatespeech_nusantara_text,1eaf7dd3-9a40-4808-9021-de6afc76e78a,indo_unsur_benci,train,"Teks: RT @WanitaRevolusi: Ahoax penista agama kembali mengolok olok surat AL-MAIDAH 51. Cc @Dahnilanzar
Q: Apakah ada unsur benci di teks di atas
A: iya/tidak",iya
1231,id_hatespeech,id_hatespeech_nusantara_text,1eaf7dd3-9a40-4808-9021-de6afc76e78a,indo_unsur_benci,train,"Teks: #JakartaBanjir Pemimpinnya gak punya akhlak yg baik... PENISTA AGAMA.
Q: Apakah ada unsur benci di teks di atas
A: iya/tidak",iya
1232,id_hatespeech,id_hatespeech_nusantara_text,1eaf7dd3-9a40-4808-9021-de6afc76e78a,indo_unsur_benci,train,"Teks: #DebatFinalPilkadaJKT mati kau hok
Q: Apakah ada unsur benci di teks di atas
A: iya/tidak",iya
1233,id_hatespeech,id_hatespeech_nusantara_text,1eaf7dd3-9a40-4808-9021-de6afc76e78a,indo_unsur_benci,train,"Teks: Yg ga punya program bisanya cuma fitnah. Ciri Orang yg demen ngambil kjp kontan #DebatFinalPilkadaJKT
Q: Apakah ada unsur benci di teks di atas
A: iya/tidak",iya
1234,id_hatespeech,id_hatespeech_nusantara_text,1eaf7dd3-9a40-4808-9021-de6afc76e78a,indo_unsur_benci,train,"Teks: Mpok silvi nyinyir melulu pertanyaan nya tapi sayang sesat! Maklum sih dese emakemak! #DebatFinalDKI #DebatFinalPilkadaJKT
Q: Apakah ada unsur benci di teks di atas
A: iya/tidak",iya
1235,id_hatespeech,id_hatespeech_nusantara_text,1eaf7dd3-9a40-4808-9021-de6afc76e78a,indo_unsur_benci,train,"Teks: RT @bajigurceleng: @jpnncom hahaha jelas2 buat pilkada dasar polisi made in cina pelindung penista agama
Q: Apakah ada unsur benci di teks di atas
A: iya/tidak",iya
1236,id_hatespeech,id_hatespeech_nusantara_text,1eaf7dd3-9a40-4808-9021-de6afc76e78a,indo_unsur_benci,train,"Teks: Kurangnya pemberdayaan wanita DKI Jakarta bisa dilihat dari telaknya perbedaan warna muka dan warna tangan mpok sylvi #DebatFinalPilkadaJKT
Q: Apakah ada unsur benci di teks di atas
A: iya/tidak",iya
1237,id_hatespeech,id_hatespeech_nusantara_text,1eaf7dd3-9a40-4808-9021-de6afc76e78a,indo_unsur_benci,train,"Teks: Agus silvy Tukang Fitnah #DebatFinalPilkadaJKT
Q: Apakah ada unsur benci di teks di atas
A: iya/tidak",iya
1238,id_hatespeech,id_hatespeech_nusantara_text,1eaf7dd3-9a40-4808-9021-de6afc76e78a,indo_unsur_benci,train,"Teks: #DebatFinalPilkadaJKT yaudah gus sini kalo ga sakit secara fisik daripada verbal gw gebukin lo rame2
Q: Apakah ada unsur benci di teks di atas
A: iya/tidak",iya
1239,id_hatespeech,id_hatespeech_nusantara_text,1eaf7dd3-9a40-4808-9021-de6afc76e78a,indo_unsur_benci,train,"Teks: Keluarga kita gak ada yg maling coyy gak perlu trauma kaleeeee emang kluarga ente?
Q: Apakah ada unsur benci di teks di atas
A: iya/tidak",iya
1240,id_hatespeech,id_hatespeech_nusantara_text,1eaf7dd3-9a40-4808-9021-de6afc76e78a,indo_unsur_benci,train,"Teks: JG KAITKAN JOKOWI DENGAN AHOK KATA JOHAN BUDI. KATA KAMI. SEBAB JOKOWI ANJING. SEDANGKAN AHOK BABI. YA JELAS BERBEDA. WALAUPUN OTAKNYA SAMA
Q: Apakah ada unsur benci di teks di atas
A: iya/tidak",iya
1241,id_hatespeech,id_hatespeech_nusantara_text,1eaf7dd3-9a40-4808-9021-de6afc76e78a,indo_unsur_benci,train,"Teks: Bajingan lu silvy #DebatFinalPilkadaJKT
Q: Apakah ada unsur benci di teks di atas
A: iya/tidak",iya
1242,id_hatespeech,id_hatespeech_nusantara_text,1eaf7dd3-9a40-4808-9021-de6afc76e78a,indo_unsur_benci,train,"Teks: Hasil Akhir, Menyatakan @jokowi Melindungi Ahok TERDAKWA PENISTA AGAMA !!!
Q: Apakah ada unsur benci di teks di atas
A: iya/tidak",iya
1243,id_hatespeech,id_hatespeech_nusantara_text,1eaf7dd3-9a40-4808-9021-de6afc76e78a,indo_unsur_benci,train,"Teks: RT @SiBonekaKayu: Selepas banjir Jakarta 212 Pendukung Ahok mengganti narasi doa. Semua demi keuntungan Sang Penista Agama
Q: Apakah ada unsur benci di teks di atas
A: iya/tidak",iya
1244,id_hatespeech,id_hatespeech_nusantara_text,1eaf7dd3-9a40-4808-9021-de6afc76e78a,indo_unsur_benci,train,"Teks: Tionghoa katanya kaya? Kok pada putus sekolah? Kebanyakan dugem?
Q: Apakah ada unsur benci di teks di atas
A: iya/tidak",iya
1245,id_hatespeech,id_hatespeech_nusantara_text,1eaf7dd3-9a40-4808-9021-de6afc76e78a,indo_unsur_benci,train,"Teks: Gusur Ahok demi Indonesia. Teladan buruk pembangkangan hukum dan anti kemanusiaan di Jakarta jgn tertular ke daerah. #CoblosPecinya
Q: Apakah ada unsur benci di teks di atas
A: iya/tidak",iya
1246,id_hatespeech,id_hatespeech_nusantara_text,1eaf7dd3-9a40-4808-9021-de6afc76e78a,indo_unsur_benci,train,"Teks: BUAT AHOKER YANG TAKUT MATINYA GG DISHOLATIN , TENANG ADA ABU JANDA UST GADUNGAN YG SIAP SHOLATIN AHOKER & JOKOWER
Q: Apakah ada unsur benci di teks di atas
A: iya/tidak",iya
1247,id_hatespeech,id_hatespeech_nusantara_text,1eaf7dd3-9a40-4808-9021-de6afc76e78a,indo_unsur_benci,train,"Teks: Mampuuss ! Di tembak dalem banget silvyy .. lo urusin tuh dapurr ! Gak punya program demennya nyerang terus !!! #gue2 #DebatFinalPilkadaJKT
Q: Apakah ada unsur benci di teks di atas
A: iya/tidak",iya
1248,id_hatespeech,id_hatespeech_nusantara_text,1eaf7dd3-9a40-4808-9021-de6afc76e78a,indo_unsur_benci,train,"Teks: Anjir baru kali ini lihat orang bego mau debat pilkada. Kerjanya nyerang karakter. Shame on you mpok silvy and agus. #DebatFinalPilkadaJKT
Q: Apakah ada unsur benci di teks di atas
A: iya/tidak",iya
1249,id_hatespeech,id_hatespeech_nusantara_text,1eaf7dd3-9a40-4808-9021-de6afc76e78a,indo_unsur_benci,train,"Teks: Uang Taipan tuh. Nanti dibayar dengan ratusan penggusuran biadab oleh Ahok.
Q: Apakah ada unsur benci di teks di atas
A: iya/tidak",iya
1250,id_hatespeech,id_hatespeech_nusantara_text,1eaf7dd3-9a40-4808-9021-de6afc76e78a,indo_unsur_benci,train,"Teks: CINA ASU https:\/\/t.co\/zM1BsjAIHA
Q: Apakah ada unsur benci di teks di atas
A: iya/tidak",iya
1251,id_hatespeech,id_hatespeech_nusantara_text,1eaf7dd3-9a40-4808-9021-de6afc76e78a,indo_unsur_benci,train,"Teks: Ketika ngomong, Sylvi keliatan oke. Tapi begitu didebat Ahok, Sylvi langsung kekuatan goblok.
Q: Apakah ada unsur benci di teks di atas
A: iya/tidak",iya
1252,id_hatespeech,id_hatespeech_nusantara_text,1eaf7dd3-9a40-4808-9021-de6afc76e78a,indo_unsur_benci,train,"Teks: Jangankan Banjir, Tuhan aja Dilawan Sama Ahok #JakartaBanjir Tapi Jakarta hari Ini Bukan Banjir, Hanya GENANGAN.
Q: Apakah ada unsur benci di teks di atas
A: iya/tidak",iya
1253,id_hatespeech,id_hatespeech_nusantara_text,1eaf7dd3-9a40-4808-9021-de6afc76e78a,indo_unsur_benci,train,"Teks: ADA PEMIMPIM PRIBUMI knp pilih PEMIMPIN IMPOR yg g BERADAB tukang BERBOHONG yuk PRIBUMIKAN DKI milik BANGSA IND @Gemacan70 @TerorisSocmed
Q: Apakah ada unsur benci di teks di atas
A: iya/tidak",iya
1254,id_hatespeech,id_hatespeech_nusantara_text,1eaf7dd3-9a40-4808-9021-de6afc76e78a,indo_unsur_benci,train,"Teks: Karna dia ga punya program hanya modal bacot doang
Q: Apakah ada unsur benci di teks di atas
A: iya/tidak",iya
1255,id_hatespeech,id_hatespeech_nusantara_text,1eaf7dd3-9a40-4808-9021-de6afc76e78a,indo_unsur_benci,train,"Teks: Pendukung berarti dia bagian dr penista agama tersebut!!! Dukung gerakan ini 100%
Q: Apakah ada unsur benci di teks di atas
A: iya/tidak",iya
1256,id_hatespeech,id_hatespeech_nusantara_text,1eaf7dd3-9a40-4808-9021-de6afc76e78a,indo_unsur_benci,train,"Teks: Narkoba yg paling berbahaya adalah ILUSI KESUCIAN AHOK SANG PENISTA.
Q: Apakah ada unsur benci di teks di atas
A: iya/tidak",iya
1257,id_hatespeech,id_hatespeech_nusantara_text,1eaf7dd3-9a40-4808-9021-de6afc76e78a,indo_unsur_benci,train,"Teks: @tribunnews emang ahok siapa?? Orang penting?? Dia hanya penista agama!!
Q: Apakah ada unsur benci di teks di atas
A: iya/tidak",iya
1258,id_hatespeech,id_hatespeech_nusantara_text,1eaf7dd3-9a40-4808-9021-de6afc76e78a,indo_unsur_benci,train,"Teks: cina mah duitnya dari hasil maling di Indonesia di balikin lgi berkedok invest plus bawa gembel2 & napi dari Cina negeri nenek moyang ahok
Q: Apakah ada unsur benci di teks di atas
A: iya/tidak",iya
1259,id_hatespeech,id_hatespeech_nusantara_text,1eaf7dd3-9a40-4808-9021-de6afc76e78a,indo_unsur_benci,train,"Teks: Tangkap Ahok @basuki_btp skrng juga, koruptor reklamasi Jakarta dan penista Agama Islam.
Q: Apakah ada unsur benci di teks di atas
A: iya/tidak",iya
1260,id_hatespeech,id_hatespeech_nusantara_text,1eaf7dd3-9a40-4808-9021-de6afc76e78a,indo_unsur_benci,train,"Teks: keliatan banget bego nya mpok silvy and agus. #DebatFinalPilkadaJKT
Q: Apakah ada unsur benci di teks di atas
A: iya/tidak",iya
1261,id_hatespeech,id_hatespeech_nusantara_text,1eaf7dd3-9a40-4808-9021-de6afc76e78a,indo_unsur_benci,train,"Teks: Yg Ahokers, Klo gak seneng ama cuitan gw silahkan unfollow krn gw Anti AHOK (Si Penista Agama Islam)
Q: Apakah ada unsur benci di teks di atas
A: iya/tidak",iya
1262,id_hatespeech,id_hatespeech_nusantara_text,1eaf7dd3-9a40-4808-9021-de6afc76e78a,indo_unsur_benci,train,"Teks: AGAMA DI NISTAKAN! ULAMA DI LECEHKAN!! Ini Alasannya #HaramPemimpinKafir
Q: Apakah ada unsur benci di teks di atas
A: iya/tidak",iya
1263,id_hatespeech,id_hatespeech_nusantara_text,1eaf7dd3-9a40-4808-9021-de6afc76e78a,indo_unsur_benci,train,"Teks: RT @FredyBastian3: Cara serang Ahok : Kafir galak
Q: Apakah ada unsur benci di teks di atas
A: iya/tidak",iya
1264,id_hatespeech,id_hatespeech_nusantara_text,1eaf7dd3-9a40-4808-9021-de6afc76e78a,indo_unsur_benci,train,"Teks: @umnia77 @ruhutsitompul @sahal_as anjing2 ahok.kaum babi lo bnyk bacot.mnding duel sma gw.
Q: Apakah ada unsur benci di teks di atas
A: iya/tidak",iya
1265,id_hatespeech,id_hatespeech_nusantara_text,1eaf7dd3-9a40-4808-9021-de6afc76e78a,indo_unsur_benci,train,"Teks: Ahok memang verbalnya keras. Pelampiasan dan pelarian karena kelelakiannya lunak.
Q: Apakah ada unsur benci di teks di atas
A: iya/tidak",iya
1266,id_hatespeech,id_hatespeech_nusantara_text,1eaf7dd3-9a40-4808-9021-de6afc76e78a,indo_unsur_benci,train,"Teks: yg maling itu kan china2 babi BLBI , korupsi nya triliunan , termasuk si AHok korupsi 2 triliun..
Q: Apakah ada unsur benci di teks di atas
A: iya/tidak",iya
1267,id_hatespeech,id_hatespeech_nusantara_text,1eaf7dd3-9a40-4808-9021-de6afc76e78a,indo_unsur_benci,train,"Teks: Mimpi djan farid jakarta lebih islami dari aceh jika ahok terpilih itu ibarat babi merindukan halal
Q: Apakah ada unsur benci di teks di atas
A: iya/tidak",iya
1268,id_hatespeech,id_hatespeech_nusantara_text,1eaf7dd3-9a40-4808-9021-de6afc76e78a,indo_unsur_benci,train,"Teks: @KompasTV @ridwankamil ridwal kamil memang hebat dan top nggak kaya ahok tukang penista agama dan koruptor
Q: Apakah ada unsur benci di teks di atas
A: iya/tidak",iya
1269,id_hatespeech,id_hatespeech_nusantara_text,1eaf7dd3-9a40-4808-9021-de6afc76e78a,indo_unsur_benci,train,"Teks: @TPK_RI ITULAH si ahok kutil babi
Q: Apakah ada unsur benci di teks di atas
A: iya/tidak",iya
1270,id_hatespeech,id_hatespeech_nusantara_text,1eaf7dd3-9a40-4808-9021-de6afc76e78a,indo_unsur_benci,train,"Teks: Dasar si Kutil babi ahok memang Tukang Bohong. selain Bohong ahok jg biasa Menyalahkan yg lain menutupi Kegagalan nya . contoh soal banjir
Q: Apakah ada unsur benci di teks di atas
A: iya/tidak",iya
1271,id_hatespeech,id_hatespeech_nusantara_text,1eaf7dd3-9a40-4808-9021-de6afc76e78a,indo_unsur_benci,train,"Teks: @PonkEcha @Fahrihamzah Si Terdakwa Penista Agama Alias Si Ahok Babi Jamban tuh yang Morfotin Uang Rakyat Jakarta
Q: Apakah ada unsur benci di teks di atas
A: iya/tidak",iya
1272,id_hatespeech,id_hatespeech_nusantara_text,1eaf7dd3-9a40-4808-9021-de6afc76e78a,indo_unsur_benci,train,"Teks: Om...Ahoknya...Mana Om,Katanya Si BABi Ahok Bisa Ngatasi Banjir...Om...BABi Jgn Membual Om...?!!?
Q: Apakah ada unsur benci di teks di atas
A: iya/tidak",iya
1273,id_hatespeech,id_hatespeech_nusantara_text,1eaf7dd3-9a40-4808-9021-de6afc76e78a,indo_unsur_benci,train,"Teks: kenapa anak babi jalan nya nunduk???karena malu liat ulah bapak nya yang ngebelain ahok..
Q: Apakah ada unsur benci di teks di atas
A: iya/tidak",iya
1274,id_hatespeech,id_hatespeech_nusantara_text,1eaf7dd3-9a40-4808-9021-de6afc76e78a,indo_unsur_benci,train,"Teks: Perilaku Si BABI @jokoanwar ini memang benci dgn hal berbau Islam. Cocok dgn Ahok. @SiBonekaKayu
Q: Apakah ada unsur benci di teks di atas
A: iya/tidak",iya
1275,id_hatespeech,id_hatespeech_nusantara_text,1eaf7dd3-9a40-4808-9021-de6afc76e78a,indo_unsur_benci,train,"Teks: @budimandjatmiko ahok si kutil babi kembali ke rumah lembang kenapa jakarta jadi banjir bud?
Q: Apakah ada unsur benci di teks di atas
A: iya/tidak",iya
1276,id_hatespeech,id_hatespeech_nusantara_text,1eaf7dd3-9a40-4808-9021-de6afc76e78a,indo_unsur_benci,train,"Teks: #jujur orang cerdas dan pintar pilih orang imam dan mampu memimpin ..bisa sholat...bisa ngaji..santun, sopan..tidak seperti babi kafir ahok
Q: Apakah ada unsur benci di teks di atas
A: iya/tidak",iya
1277,id_hatespeech,id_hatespeech_nusantara_text,1eaf7dd3-9a40-4808-9021-de6afc76e78a,indo_unsur_benci,train,"Teks: Teman Ahok emank TAI. apalagi pemimpinnya kek BABI! @temanahok
Q: Apakah ada unsur benci di teks di atas
A: iya/tidak",iya
1278,id_hatespeech,id_hatespeech_nusantara_text,1eaf7dd3-9a40-4808-9021-de6afc76e78a,indo_unsur_benci,train,"Teks: Mana para babi ahok yg ngejek onta, biar di injek2 ama onta
Q: Apakah ada unsur benci di teks di atas
A: iya/tidak",iya
1279,id_hatespeech,id_hatespeech_nusantara_text,1eaf7dd3-9a40-4808-9021-de6afc76e78a,indo_unsur_benci,train,"Teks: @gotcancer2 bukannya stigma babi itu milik tuhan elu si ahok kafir
Q: Apakah ada unsur benci di teks di atas
A: iya/tidak",iya
1280,id_hatespeech,id_hatespeech_nusantara_text,1eaf7dd3-9a40-4808-9021-de6afc76e78a,indo_unsur_benci,train,"Teks: Kampungan ya pendukung AHY https:\/\/t.co\/GmezpOYLsY
Q: Apakah ada unsur benci di teks di atas
A: iya/tidak",iya
1281,id_hatespeech,id_hatespeech_nusantara_text,1eaf7dd3-9a40-4808-9021-de6afc76e78a,indo_unsur_benci,train,"Teks: @Ananda_harahaP udah lu jgn panik gitu. ahok si kutil babi bakal tumbang kok di putaran kedua. teruskan cuapcuap mu di sosmed, gak ngaruh.
Q: Apakah ada unsur benci di teks di atas
A: iya/tidak",iya
1282,id_hatespeech,id_hatespeech_nusantara_text,1eaf7dd3-9a40-4808-9021-de6afc76e78a,indo_unsur_benci,train,"Teks: ahok tidak layak seperti manusia, dia lebih tepat seperti babi yg tidak punya akal pikiran dan jiwa manusiawi
Q: Apakah ada unsur benci di teks di atas
A: iya/tidak",iya
1283,id_hatespeech,id_hatespeech_nusantara_text,1eaf7dd3-9a40-4808-9021-de6afc76e78a,indo_unsur_benci,train,"Teks: @haloJakarta Ahok (BTP) Basuki Tai Babi
Q: Apakah ada unsur benci di teks di atas
A: iya/tidak",iya
1284,id_hatespeech,id_hatespeech_nusantara_text,1eaf7dd3-9a40-4808-9021-de6afc76e78a,indo_unsur_benci,train,"Teks: RT @diyahaudya: @yusuf_dumdum Yg ada, cacimaki penista agama tapi ternyata ketauan poligami ngumpet2. Apa mau digituin? Saya sih ogah.
Q: Apakah ada unsur benci di teks di atas
A: iya/tidak",iya
1285,id_hatespeech,id_hatespeech_nusantara_text,1eaf7dd3-9a40-4808-9021-de6afc76e78a,indo_unsur_benci,train,"Teks: @adichandramang2 @CummaRachel @korban_gusur iya , trump memang penista agama atau anti islam emang hubungannya dgn anis apa?
Q: Apakah ada unsur benci di teks di atas
A: iya/tidak",iya
1286,id_hatespeech,id_hatespeech_nusantara_text,1eaf7dd3-9a40-4808-9021-de6afc76e78a,indo_unsur_benci,train,"Teks: @adichandramang2\nAda aseng KOPLO pembela si PENISTA AGAMA yg durjana nyuruh org lain ngaji!
Q: Apakah ada unsur benci di teks di atas
A: iya/tidak",iya
1287,id_hatespeech,id_hatespeech_nusantara_text,1eaf7dd3-9a40-4808-9021-de6afc76e78a,indo_unsur_benci,train,"Teks: @bayprio Itulah kebodohan para penista agama, sudah saatnya pilih pemimpin yg mengerjakan shalat 5 waktu
Q: Apakah ada unsur benci di teks di atas
A: iya/tidak",iya
1288,id_hatespeech,id_hatespeech_nusantara_text,1eaf7dd3-9a40-4808-9021-de6afc76e78a,indo_unsur_benci,train,"Teks: @iwanfals pilih Anis sandi doong..jgn pilih si penista agama pemecah NKRI
Q: Apakah ada unsur benci di teks di atas
A: iya/tidak",iya
1289,id_hatespeech,id_hatespeech_nusantara_text,1eaf7dd3-9a40-4808-9021-de6afc76e78a,indo_unsur_benci,train,"Teks: @posmetroinfo Emang terdakwa penista agama, salahnya dimana coba, kl yg biasa bikin hoax metrotipu aman2 aja tuh dewan peres
Q: Apakah ada unsur benci di teks di atas
A: iya/tidak",iya
1290,id_hatespeech,id_hatespeech_nusantara_text,1eaf7dd3-9a40-4808-9021-de6afc76e78a,indo_unsur_benci,train,"Teks: @RamadanMalka Pamor RK jadi seakan tak ada artinya jika parpol pengusungnya pendukung penista agama...
Q: Apakah ada unsur benci di teks di atas
A: iya/tidak",iya
1291,id_hatespeech,id_hatespeech_nusantara_text,1eaf7dd3-9a40-4808-9021-de6afc76e78a,indo_unsur_benci,train,"Teks: @RestySeterah si ahok pantasnya dinobatkan sbgai Babi ngepret
Q: Apakah ada unsur benci di teks di atas
A: iya/tidak",iya
1292,id_hatespeech,id_hatespeech_nusantara_text,1eaf7dd3-9a40-4808-9021-de6afc76e78a,indo_unsur_benci,train,"Teks: @roninpribumi @dewanpers yg salah itu mereka menulis TERDAKWA PENISTA AGAMA,coba klo ditulis BAGINDA YANG MULIA pasti ga masalah..cuih..
Q: Apakah ada unsur benci di teks di atas
A: iya/tidak",iya
1293,id_hatespeech,id_hatespeech_nusantara_text,1eaf7dd3-9a40-4808-9021-de6afc76e78a,indo_unsur_benci,train,"Teks: Faktanya Cina2 parasit tuh ngotot belain si penista Agama @PradanaBhakti @IrianaPasirua @PutraSumedang18 @khoirulilham12 @ronavioleta
Q: Apakah ada unsur benci di teks di atas
A: iya/tidak",iya
1294,id_hatespeech,id_hatespeech_nusantara_text,1eaf7dd3-9a40-4808-9021-de6afc76e78a,indo_unsur_benci,train,"Teks: jokowi ratu adil apaan..??? dia ga ada keturunan darah biruadanya DARAH KOTOR cina babi..!!! https://t.co/JtwFRRdLF4
Q: Apakah ada unsur benci di teks di atas
A: iya/tidak",iya
1295,id_hatespeech,id_hatespeech_nusantara_text,1eaf7dd3-9a40-4808-9021-de6afc76e78a,indo_unsur_benci,train,"Teks: RT @RestySeterah: Keren nih apps kawal TPS .. Yuk gabung buat pastikan cagub terdakwa penista Agama lebih cepat diantar kehabitatnya
Q: Apakah ada unsur benci di teks di atas
A: iya/tidak",iya
1296,id_hatespeech,id_hatespeech_nusantara_text,1eaf7dd3-9a40-4808-9021-de6afc76e78a,indo_unsur_benci,train,"Teks: Kalau lo gak tau apa-apa ya jangan berkoar sembarangan dong, keliatan banget kalau lo itu beneran bego :)) #FuckYou
Q: Apakah ada unsur benci di teks di atas
A: iya/tidak",iya
1297,id_hatespeech,id_hatespeech_nusantara_text,1eaf7dd3-9a40-4808-9021-de6afc76e78a,indo_unsur_benci,train,"Teks: @AHMADDHANIPRAST ahmad dhani yang terhormat paling babi paling anjing aing kontol paling lonte tungu saat nya karier mu akan habis!!!!
Q: Apakah ada unsur benci di teks di atas
A: iya/tidak",iya
1298,id_hatespeech,id_hatespeech_nusantara_text,1eaf7dd3-9a40-4808-9021-de6afc76e78a,indo_unsur_benci,train,"Teks: Kang @ridwankamil ,fakta hari ini,partai pendukung si penista agama sangat dibenci rakyat,termasuk rakyat Jabar. https://t.co/b2WetyvrbZ
Q: Apakah ada unsur benci di teks di atas
A: iya/tidak",iya
1299,id_hatespeech,id_hatespeech_nusantara_text,1eaf7dd3-9a40-4808-9021-de6afc76e78a,indo_unsur_benci,train,"Teks: plis jangan sok kecantikan selalu pacarin artis2 yang lagi meletek, jijik gw liatnya
Q: Apakah ada unsur benci di teks di atas
A: iya/tidak",iya
1300,id_hatespeech,id_hatespeech_nusantara_text,1eaf7dd3-9a40-4808-9021-de6afc76e78a,indo_unsur_benci,train,"Teks: paling mau muntah liat lagak nya @AHMADDHANIPRAST, jadi orang sok iye banget hoek
Q: Apakah ada unsur benci di teks di atas
A: iya/tidak",iya
1301,id_hatespeech,id_hatespeech_nusantara_text,1eaf7dd3-9a40-4808-9021-de6afc76e78a,indo_unsur_benci,train,"Teks: @Metro_TV kalau boleh saya ngomong ingin saya katakan ahmad dhani monyet babi anjing. tapi itu tidak boleh
Q: Apakah ada unsur benci di teks di atas
A: iya/tidak",iya
1302,id_hatespeech,id_hatespeech_nusantara_text,1eaf7dd3-9a40-4808-9021-de6afc76e78a,indo_unsur_benci,train,"Teks: perempuan kaya lo mending mati aja deh, jelek aja, gausa sok jadi make up artist!
Q: Apakah ada unsur benci di teks di atas
A: iya/tidak",iya
1303,id_hatespeech,id_hatespeech_nusantara_text,1eaf7dd3-9a40-4808-9021-de6afc76e78a,indo_unsur_benci,train,"Teks: ahmad dhani itu borok, sampah, babi, anjing. Saya adalah orang pertama yg sangat muak liat muka dhani dan saya berbangga.
Q: Apakah ada unsur benci di teks di atas
A: iya/tidak",iya
1304,id_hatespeech,id_hatespeech_nusantara_text,1eaf7dd3-9a40-4808-9021-de6afc76e78a,indo_unsur_benci,train,"Teks: Lah emang sdh jelas2 si ahok terdakwa penista agama. Malu woy! https://t.co/2K0HlMpR9t
Q: Apakah ada unsur benci di teks di atas
A: iya/tidak",iya
1305,id_hatespeech,id_hatespeech_nusantara_text,1eaf7dd3-9a40-4808-9021-de6afc76e78a,indo_unsur_benci,train,"Teks: Keputusan ERKA hari ini harus kita HORMATI, begitupun sebaliknya KAMI tidak akan memilih partai pendukung PENISTA AGAMA.
Q: Apakah ada unsur benci di teks di atas
A: iya/tidak",iya
1306,id_hatespeech,id_hatespeech_nusantara_text,1eaf7dd3-9a40-4808-9021-de6afc76e78a,indo_unsur_benci,train,"Teks: Lupakan @ridwankamil biarkan karam dg kapal munafiknya. kita bangun jabar dg kapal yg bersih. Delete partai pendukung penista agama dari hati
Q: Apakah ada unsur benci di teks di atas
A: iya/tidak",iya
1307,id_hatespeech,id_hatespeech_nusantara_text,1eaf7dd3-9a40-4808-9021-de6afc76e78a,indo_unsur_benci,train,"Teks: Masalah dunia dan masalah nafsu ya kang @ridwankamil . Kata2 kok bersayap kayak burung hantu. https://t.co/mwClbkU4sT
Q: Apakah ada unsur benci di teks di atas
A: iya/tidak",iya
1308,id_hatespeech,id_hatespeech_nusantara_text,1eaf7dd3-9a40-4808-9021-de6afc76e78a,indo_unsur_benci,train,"Teks: Penista Agama menjadi Santri Kehormatan.Yang kasih ini ke ahok otaknya perlu direparasi.Demi Pulkada nama Santri yg baik kailan jual belikan
Q: Apakah ada unsur benci di teks di atas
A: iya/tidak",iya
1309,id_hatespeech,id_hatespeech_nusantara_text,1eaf7dd3-9a40-4808-9021-de6afc76e78a,indo_unsur_benci,train,"Teks: Payah banget @ridwankamil maju Jabar1 pakai partai Nasdem pendukung penista agama, ente lagi butuh uang ya kang? Payah loe!!
Q: Apakah ada unsur benci di teks di atas
A: iya/tidak",iya
1310,id_hatespeech,id_hatespeech_nusantara_text,1eaf7dd3-9a40-4808-9021-de6afc76e78a,indo_unsur_benci,train,"Teks: polisi yg jadi imam sholat ini adalah seorang penista agama, bodoh, BERISLAM cuma ikut2an. COPOT KAPOLRES JAKBAR !! https://t.co/s2h2Ybrthm
Q: Apakah ada unsur benci di teks di atas
A: iya/tidak",iya
1311,id_hatespeech,id_hatespeech_nusantara_text,1eaf7dd3-9a40-4808-9021-de6afc76e78a,indo_unsur_benci,train,"Teks: RT @ferdyfrodoo: @bayprio Itulah kebodohan para penista agama, sudah saatnya pilih pemimpin yg mengerjakan shalat 5 waktu
Q: Apakah ada unsur benci di teks di atas
A: iya/tidak",iya
1312,id_hatespeech,id_hatespeech_nusantara_text,1eaf7dd3-9a40-4808-9021-de6afc76e78a,indo_unsur_benci,train,"Teks: RT @Ra_Ria_Rana: GAK HABIS PIKIR???\n\nTINGGAL NUNGGU ADZAB ALLAH NIH NEGERI,,,, PEMIMPINNYA SDH DZALIM https://t.co/UmZK4bTyi4
Q: Apakah ada unsur benci di teks di atas
A: iya/tidak",iya
1313,id_hatespeech,id_hatespeech_nusantara_text,1eaf7dd3-9a40-4808-9021-de6afc76e78a,indo_unsur_benci,train,"Teks: Sini lu, kami enggak mau kampung kami didatangi sama penista agama, https://t.co/1z3MtHs9ck
Q: Apakah ada unsur benci di teks di atas
A: iya/tidak",iya
1314,id_hatespeech,id_hatespeech_nusantara_text,1eaf7dd3-9a40-4808-9021-de6afc76e78a,indo_unsur_benci,train,"Teks: SETUJU SAYA,KLAU AHOK DAPAT GELAR SANTRI KEHORMATAN.... TAPI SANTRI KEHORMATAN BABI.... https://t.co/uD16d7Gwhd
Q: Apakah ada unsur benci di teks di atas
A: iya/tidak",iya
1315,id_hatespeech,id_hatespeech_nusantara_text,1eaf7dd3-9a40-4808-9021-de6afc76e78a,indo_unsur_benci,train,"Teks: Senang dong ada yg fans mati sampai lupa kalau dia bego banget https://t.co/ctJFC5a8Zz
Q: Apakah ada unsur benci di teks di atas
A: iya/tidak",iya
1316,id_hatespeech,id_hatespeech_nusantara_text,1eaf7dd3-9a40-4808-9021-de6afc76e78a,indo_unsur_benci,train,"Teks: @AHMADDHANIPRAST LO TUH BABI ANJING. Mampus kalah jatuh miskin deh #bekasisah
Q: Apakah ada unsur benci di teks di atas
A: iya/tidak",iya
1317,id_hatespeech,id_hatespeech_nusantara_text,1eaf7dd3-9a40-4808-9021-de6afc76e78a,indo_unsur_benci,train,"Teks: @bayprio : Si AHOAK @basuki_btp CINA ANJING KAFIR PENISTA AGAMA ISLAM....!!!
Q: Apakah ada unsur benci di teks di atas
A: iya/tidak",iya
1318,id_hatespeech,id_hatespeech_nusantara_text,1eaf7dd3-9a40-4808-9021-de6afc76e78a,indo_unsur_benci,train,"Teks: @AHMADDHANIPRAST aku katakan anjing kpd ahmad dani, boleh....aku katakan babi kpd ahmad dhani, boleh...
Q: Apakah ada unsur benci di teks di atas
A: iya/tidak",iya
1319,id_hatespeech,id_hatespeech_nusantara_text,1eaf7dd3-9a40-4808-9021-de6afc76e78a,indo_unsur_benci,train,"Teks: @Bisniscom haha memaki untuk melawan mah harus, drpd ditindas pemimpin munafik melindungi penista agama, dll. Agama no 1 (islam), taubat rot
Q: Apakah ada unsur benci di teks di atas
A: iya/tidak",iya
1320,id_hatespeech,id_hatespeech_nusantara_text,1eaf7dd3-9a40-4808-9021-de6afc76e78a,indo_unsur_benci,train,"Teks: @Anakran63208433 @5ec4a1e80d3c48c @aniesbaswedan pikiran anak bani kampret g beda jauh sma penista agama. Penfitnah, Penipu Dan Garong..
Q: Apakah ada unsur benci di teks di atas
A: iya/tidak",iya
1321,id_hatespeech,id_hatespeech_nusantara_text,1eaf7dd3-9a40-4808-9021-de6afc76e78a,indo_unsur_benci,train,"Teks: @Gemacan70 itu yg cewe pake kerudung ngapain ya? Setiap kali konfrensi pers ada aja.. Pencitraan Islami kaliiii... Bwahaha..!!
Q: Apakah ada unsur benci di teks di atas
A: iya/tidak",iya
1322,id_hatespeech,id_hatespeech_nusantara_text,1eaf7dd3-9a40-4808-9021-de6afc76e78a,indo_unsur_benci,train,"Teks: @republikaonline spt ahok dulu .. nasdem disusul dg cs nya .. yg mendukung paslon penista agama dan tukang caci maki tai tai ..
Q: Apakah ada unsur benci di teks di atas
A: iya/tidak",iya
1323,id_hatespeech,id_hatespeech_nusantara_text,1eaf7dd3-9a40-4808-9021-de6afc76e78a,indo_unsur_benci,train,"Teks: @topan_julian1 kalo mecin jangan dijadiin cemilan mangkannya kang. Jadi begonya bego banget.
Q: Apakah ada unsur benci di teks di atas
A: iya/tidak",iya
1324,id_hatespeech,id_hatespeech_nusantara_text,1eaf7dd3-9a40-4808-9021-de6afc76e78a,indo_unsur_benci,train,"Teks: @ulinyusron cm didoain kalau saya mah ketemu si penista agama langsung saya ceburin laut yg direklamasi ijin sembunyi2 buat tumbal reklamasi
Q: Apakah ada unsur benci di teks di atas
A: iya/tidak",iya
1325,id_hatespeech,id_hatespeech_nusantara_text,1eaf7dd3-9a40-4808-9021-de6afc76e78a,indo_unsur_benci,train,"Teks: @ymerdeka33 @ach_qodr @basuki_btp cabe2an bisa nya hanya bbm.n facrbook.n!! Masalah politik mana tau doi, tau nya berita2 sampah pencitraan
Q: Apakah ada unsur benci di teks di atas
A: iya/tidak",iya
1326,id_hatespeech,id_hatespeech_nusantara_text,1eaf7dd3-9a40-4808-9021-de6afc76e78a,indo_unsur_benci,train,"Teks: INI MANUSIA APA ANJING MATI-MATIAN RELA JADI MURTADZ DEMI BABI AHOK KAFIR. https://t.co/2XXN5CFdVM
Q: Apakah ada unsur benci di teks di atas
A: iya/tidak",iya
1327,id_hatespeech,id_hatespeech_nusantara_text,1eaf7dd3-9a40-4808-9021-de6afc76e78a,indo_unsur_benci,train,"Teks: ini semua berawal dari AHOK JAMBAN yg dibela aparat, para kristen serta china kafir yang lain semakin berani menghi https://t.co/qUutkrlsP3
Q: Apakah ada unsur benci di teks di atas
A: iya/tidak",iya
1328,id_hatespeech,id_hatespeech_nusantara_text,1eaf7dd3-9a40-4808-9021-de6afc76e78a,indo_unsur_benci,train,"Teks: Kami lebih resah anda jd presiden!!!! hidup anda penuh drama dan pencitraan, main FTV aja joko judulnya https://t.co/T2BUgLTnUO
Q: Apakah ada unsur benci di teks di atas
A: iya/tidak",iya
1329,id_hatespeech,id_hatespeech_nusantara_text,1eaf7dd3-9a40-4808-9021-de6afc76e78a,indo_unsur_benci,train,"Teks: Mana bisa percya lagi,sdgkan induknya penista smp skrg lum ditahan tp malah dibela. https://t.co/Oc1vGdX0Z4
Q: Apakah ada unsur benci di teks di atas
A: iya/tidak",iya
1330,id_hatespeech,id_hatespeech_nusantara_text,1eaf7dd3-9a40-4808-9021-de6afc76e78a,indo_unsur_benci,train,"Teks: Mari seluruh Muslim CYBER Army mulai skrg ganti semua sebutan A....K menjadi Terdakwa Penista Agama !
Q: Apakah ada unsur benci di teks di atas
A: iya/tidak",iya
1331,id_hatespeech,id_hatespeech_nusantara_text,1eaf7dd3-9a40-4808-9021-de6afc76e78a,indo_unsur_benci,train,"Teks: Orang Islam lebih suka si HOAX penista agama, menjaga lisan dan tindakan dari hal-hal yang merusak hubungan... https://t.co/FLhW31wXdU
Q: Apakah ada unsur benci di teks di atas
A: iya/tidak",iya
1332,id_hatespeech,id_hatespeech_nusantara_text,1eaf7dd3-9a40-4808-9021-de6afc76e78a,indo_unsur_benci,train,"Teks: RT @izzah_pandeka: #Nomor2Koruptor negeri para korup diasuh cino babi https://t.co/wJXalyPxPn
Q: Apakah ada unsur benci di teks di atas
A: iya/tidak",iya
1333,id_hatespeech,id_hatespeech_nusantara_text,1eaf7dd3-9a40-4808-9021-de6afc76e78a,indo_unsur_benci,train,"Teks: RT @Gemacan70: Hajar bleh hanya untuk bela #Nomor2Koruptor...cuihhhhhh https://t.co/o4nnZBkNYS
Q: Apakah ada unsur benci di teks di atas
A: iya/tidak",iya
1334,id_hatespeech,id_hatespeech_nusantara_text,1eaf7dd3-9a40-4808-9021-de6afc76e78a,indo_unsur_benci,train,"Teks: RT @korban_gusur: @RakyatBiasa1945 Ada CEBONG GENDHENG NGAMUK2 belain si HOMO PENISTA AGAMA!! HAHAHA @OshMuslim @RebusKentang @m3g4
Q: Apakah ada unsur benci di teks di atas
A: iya/tidak",iya
1335,id_hatespeech,id_hatespeech_nusantara_text,1eaf7dd3-9a40-4808-9021-de6afc76e78a,indo_unsur_benci,train,"Teks: RT @Ustadtengku1: @RizieqSyihabFPI tolol itu banyak yg bela penista agama walau sudah tersangka
Q: Apakah ada unsur benci di teks di atas
A: iya/tidak",iya
1336,id_hatespeech,id_hatespeech_nusantara_text,1eaf7dd3-9a40-4808-9021-de6afc76e78a,indo_unsur_benci,train,"Teks: Orang punya saksi anjing dikasus babi.. Tolol https://t.co/ssePg5FCXm
Q: Apakah ada unsur benci di teks di atas
A: iya/tidak",iya
1337,id_hatespeech,id_hatespeech_nusantara_text,1eaf7dd3-9a40-4808-9021-de6afc76e78a,indo_unsur_benci,train,"Teks: Si Ahok kampret emang gak becus kerja. Pencitraan mlulu tuh si Ahok kampret. https://t.co/yM5ViOFvpc
Q: Apakah ada unsur benci di teks di atas
A: iya/tidak",iya
1338,id_hatespeech,id_hatespeech_nusantara_text,1eaf7dd3-9a40-4808-9021-de6afc76e78a,indo_unsur_benci,train,"Teks: Sini lu, kami enggak mau kampung kami didatangi sama penista agama, https://t.co/1z3MtHs9ck
Q: Apakah ada unsur benci di teks di atas
A: iya/tidak",iya
1339,id_hatespeech,id_hatespeech_nusantara_text,1eaf7dd3-9a40-4808-9021-de6afc76e78a,indo_unsur_benci,train,"Teks: Tanda2 kiamat x yak, masih banyak aja orang muslim yg mengingkari Al-Quran dan pilih Penista Agama. #Nomor2Koruptor #Nomor2Koruptor
Q: Apakah ada unsur benci di teks di atas
A: iya/tidak",iya
1340,id_hatespeech,id_hatespeech_nusantara_text,1eaf7dd3-9a40-4808-9021-de6afc76e78a,indo_unsur_benci,train,"Teks: #JanganMauDibohongiAhok sebab Ahok Sumber Kekacauan Politik, Ramaikan Aski 313 FIGHT!! https://t.co/WOBxlxvZnx
Q: Apakah ada unsur benci di teks di atas
A: iya/tidak",iya
1341,id_hatespeech,id_hatespeech_nusantara_text,1eaf7dd3-9a40-4808-9021-de6afc76e78a,indo_unsur_benci,train,"Teks: #MataNajwaDebatJakarta Anies anda SADIS. Topengmu terbuka lebar malam ini. Biar warga DKI yg menilai...apa yg anda katakan adalah PENGECUT
Q: Apakah ada unsur benci di teks di atas
A: iya/tidak",iya
1342,id_hatespeech,id_hatespeech_nusantara_text,1eaf7dd3-9a40-4808-9021-de6afc76e78a,indo_unsur_benci,train,"Teks: Anies congornya aja gede. Realisasinya gak ada. Janji terus dari awal bisanya paling korupsi. Balik jadi dosen aja bangsat.
Q: Apakah ada unsur benci di teks di atas
A: iya/tidak",iya
1343,id_hatespeech,id_hatespeech_nusantara_text,1eaf7dd3-9a40-4808-9021-de6afc76e78a,indo_unsur_benci,train,"Teks: #MataNajwaDebatJakarta Hebatnya, Ahok masih mau salaman loh sm Pak Anies yang Amat terhormat. Idih gw sih ogah.
Q: Apakah ada unsur benci di teks di atas
A: iya/tidak",iya
1344,id_hatespeech,id_hatespeech_nusantara_text,1eaf7dd3-9a40-4808-9021-de6afc76e78a,indo_unsur_benci,train,"Teks: #MataNajwaDebatJakarta kalau untuk urusan bacot memang anis nya juaranya..memang kita bakal makan bacot di jakarta..haha..paslon yg aneh gede bacot doang.
Q: Apakah ada unsur benci di teks di atas
A: iya/tidak",iya
1345,id_hatespeech,id_hatespeech_nusantara_text,1eaf7dd3-9a40-4808-9021-de6afc76e78a,indo_unsur_benci,train,"Teks: #MataNajwaDebatJakarta pak anies banyak omdo dulu waktu jd menteri terobosannya apa?? skrg ngomong ky sok Jago bgt
Q: Apakah ada unsur benci di teks di atas
A: iya/tidak",iya
1346,id_hatespeech,id_hatespeech_nusantara_text,1eaf7dd3-9a40-4808-9021-de6afc76e78a,indo_unsur_benci,train,"Teks: #MataNajwaDebatJakarta si Cina Babi ahok bloon banget. Sok pinter banget lagi. Asal bukan Ahok
Q: Apakah ada unsur benci di teks di atas
A: iya/tidak",iya
1347,id_hatespeech,id_hatespeech_nusantara_text,1eaf7dd3-9a40-4808-9021-de6afc76e78a,indo_unsur_benci,train,"Teks: #MataNajwaDebatJakarta lucu banget jawaban ahok.. gak nyambung. Ditanya apa di jawab apa. Kena skak mat d pertanyaan isu agama tdi. Dasar cina tolol hahaha
Q: Apakah ada unsur benci di teks di atas
A: iya/tidak",iya
1348,id_hatespeech,id_hatespeech_nusantara_text,1eaf7dd3-9a40-4808-9021-de6afc76e78a,indo_unsur_benci,train,"Teks: #MataNajwaDebatJakarta topeng anda hari ini fix terbuka @aniesbaswedan .. anda sama dgn yg mendukung anda.. BAU BUSUK
Q: Apakah ada unsur benci di teks di atas
A: iya/tidak",iya
1349,id_hatespeech,id_hatespeech_nusantara_text,1eaf7dd3-9a40-4808-9021-de6afc76e78a,indo_unsur_benci,train,"Teks: #MataNajwaDebatJakarta Pak Anies suka nyinyir, suka memutar balik kan fakta, ga punya program yg jelas bisanya jelekkan kinerja pak Basuki
Q: Apakah ada unsur benci di teks di atas
A: iya/tidak",iya
1350,id_hatespeech,id_hatespeech_nusantara_text,1eaf7dd3-9a40-4808-9021-de6afc76e78a,indo_unsur_benci,train,"Teks: Babi... iya memang si Ahok gak jauh kayak Babi..
Q: Apakah ada unsur benci di teks di atas
A: iya/tidak",iya
1351,id_hatespeech,id_hatespeech_nusantara_text,1eaf7dd3-9a40-4808-9021-de6afc76e78a,indo_unsur_benci,train,"Teks: Si tengkuk babi sipit bangke agen dajjal mau jadi onta hahaha. Orang waras juga tau kasus ahok dipaksakan!!
Q: Apakah ada unsur benci di teks di atas
A: iya/tidak",iya
1352,id_hatespeech,id_hatespeech_nusantara_text,1eaf7dd3-9a40-4808-9021-de6afc76e78a,indo_unsur_benci,train,"Teks: itu kan kata ahok kafir..umat islam anti ahok karena ahok itu kafr ditambah ahok itu cina yg suka makan babi & bir
Q: Apakah ada unsur benci di teks di atas
A: iya/tidak",iya
1353,id_hatespeech,id_hatespeech_nusantara_text,1eaf7dd3-9a40-4808-9021-de6afc76e78a,indo_unsur_benci,train,"Teks: gw harus bilang Babi Ahok apa dong selain kafir, gw hanya pengen gerombolannyA Babi Ahok merasakan bagaiamana klo di anjing2in, Bangsat2in
Q: Apakah ada unsur benci di teks di atas
A: iya/tidak",iya
1354,id_hatespeech,id_hatespeech_nusantara_text,1eaf7dd3-9a40-4808-9021-de6afc76e78a,indo_unsur_benci,train,"Teks: sibabi china sangat biadab memperlakukan kaum PRIBUMI, dan para jongon2 spt banser & nu nusantara mendukung ketimpangan ini, biadabnya mrk!
Q: Apakah ada unsur benci di teks di atas
A: iya/tidak",iya
1355,id_hatespeech,id_hatespeech_nusantara_text,1eaf7dd3-9a40-4808-9021-de6afc76e78a,indo_unsur_benci,train,"Teks: ahok kafir takut debat dengan rakyat asli pribumi nelayan dan para pakar reklamasi dari rakyat.. ahok kafir bencong
Q: Apakah ada unsur benci di teks di atas
A: iya/tidak",iya
1356,id_hatespeech,id_hatespeech_nusantara_text,1eaf7dd3-9a40-4808-9021-de6afc76e78a,indo_unsur_benci,train,"Teks: nampaknya sudah satu paket penyokong cina babi pasti juga sokong LGBT
Q: Apakah ada unsur benci di teks di atas
A: iya/tidak",iya
1357,id_hatespeech,id_hatespeech_nusantara_text,1eaf7dd3-9a40-4808-9021-de6afc76e78a,indo_unsur_benci,train,"Teks: kebiadaban ahok cina kafir anak2 rakyat kecil pribumi dan ibu2 islam semua digusur dari rumahnya serta kehidupannya
Q: Apakah ada unsur benci di teks di atas
A: iya/tidak",iya
1358,id_hatespeech,id_hatespeech_nusantara_text,1eaf7dd3-9a40-4808-9021-de6afc76e78a,indo_unsur_benci,train,"Teks: tim ahok yg otak wc otak tumpul justru anies itu sdh komit sekali dgn pancasila ,ahok kafir sgt tdk bs berpancasila
Q: Apakah ada unsur benci di teks di atas
A: iya/tidak",iya
1359,id_hatespeech,id_hatespeech_nusantara_text,1eaf7dd3-9a40-4808-9021-de6afc76e78a,indo_unsur_benci,train,"Teks: #MataNajwaDebatJakarta Pak Anies sudah meninggalkan ketenangan dan ketulusannya dalam debat malam ini, mjd agitatif dan licik. semoga kalah kau anjing
Q: Apakah ada unsur benci di teks di atas
A: iya/tidak",iya
1360,id_hatespeech,id_hatespeech_nusantara_text,1eaf7dd3-9a40-4808-9021-de6afc76e78a,indo_unsur_benci,train,"Teks: SELAMA PROSES #SidangAhok WASPADAI ULAMA2 KUBU AHOK..YAKNI ULAMA2 ""MUNAFIK"" YANG SESAT DAN MENYESATKAN..!!
Q: Apakah ada unsur benci di teks di atas
A: iya/tidak",iya
1361,id_hatespeech,id_hatespeech_nusantara_text,1eaf7dd3-9a40-4808-9021-de6afc76e78a,indo_unsur_benci,train,"Teks: anies akan merangkul dua2nya untuk persatuan tidak spt ente dangkal & cekak intelektual hanya jadi budak ahok kafir.
Q: Apakah ada unsur benci di teks di atas
A: iya/tidak",iya
1362,id_hatespeech,id_hatespeech_nusantara_text,1eaf7dd3-9a40-4808-9021-de6afc76e78a,indo_unsur_benci,train,"Teks: kebiadaban ahok cina kafir rakyat kecil yg jadi PKL & asongan2 digusur2 dan dianiaya spt teroris, ahok kafir biadab
Q: Apakah ada unsur benci di teks di atas
A: iya/tidak",iya
1363,id_hatespeech,id_hatespeech_nusantara_text,1eaf7dd3-9a40-4808-9021-de6afc76e78a,indo_unsur_benci,train,"Teks: RT @LeonartoRabono: tapi kenyataanya jutaan rakyat kecil asli pribumi yg miskin justru semakin dimiskinkan oleh ahok cina kafir....
Q: Apakah ada unsur benci di teks di atas
A: iya/tidak",iya
1364,id_hatespeech,id_hatespeech_nusantara_text,1eaf7dd3-9a40-4808-9021-de6afc76e78a,indo_unsur_benci,train,"Teks: Itulah Indonesia. Yg dibully org yg bener.Yg salah dan binatang2 seperti nomor tiga dibiarin berkeliaran #matanajwadebatjakarta pak an https://t.co/jYSg6x1A
Q: Apakah ada unsur benci di teks di atas
A: iya/tidak",iya
1365,id_hatespeech,id_hatespeech_nusantara_text,1eaf7dd3-9a40-4808-9021-de6afc76e78a,indo_unsur_benci,train,"Teks: #SidangAhok smg sipenista agama n ateknya matinya tdk wjar n jasadnya tdk dtrma tnh n dia tdk prnh mrs kn sorga,aamiin semoga tuhan setuju
Q: Apakah ada unsur benci di teks di atas
A: iya/tidak",iya
1366,id_hatespeech,id_hatespeech_nusantara_text,1eaf7dd3-9a40-4808-9021-de6afc76e78a,indo_unsur_benci,train,"Teks: iya,kelasnya penista agama,bs nya cm ngebacot doang yg arogan sk blg taik"" nenek lu,oh ya sumber waras n nama d kasus E ktp apkabar?skakmat
Q: Apakah ada unsur benci di teks di atas
A: iya/tidak",iya
1367,id_hatespeech,id_hatespeech_nusantara_text,1eaf7dd3-9a40-4808-9021-de6afc76e78a,indo_unsur_benci,train,"Teks: Penjarakan semua cina kafir dan ateis! Termasuk Ahok pemimpin babi tukang korupsi!
Q: Apakah ada unsur benci di teks di atas
A: iya/tidak",iya
1368,id_hatespeech,id_hatespeech_nusantara_text,1eaf7dd3-9a40-4808-9021-de6afc76e78a,indo_unsur_benci,train,"Teks: Kampanye rasis ngmg nya pihak ahok yg di untungkan.. Goblok kafir mana ada di untungkan.. Kalau pada di perkosa bunuh lu enak berduit
Q: Apakah ada unsur benci di teks di atas
A: iya/tidak",iya
1369,id_hatespeech,id_hatespeech_nusantara_text,1eaf7dd3-9a40-4808-9021-de6afc76e78a,indo_unsur_benci,train,"Teks: hahaha idiot bilang kpd orang2 kafir terurama para nasrani pendukung2 ahok kafir jangan memasuki wilayah2 syariat islam
Q: Apakah ada unsur benci di teks di atas
A: iya/tidak",iya
1370,id_hatespeech,id_hatespeech_nusantara_text,1eaf7dd3-9a40-4808-9021-de6afc76e78a,indo_unsur_benci,train,"Teks: I HASIL MAKMAK KALIAN JUAL PUKINYA. BAGI KSLIAN YG BERPIHAK KEPADA PKI DAN SI AHOK ANAK CHINA ANJING KAFIR INI. SERTA NKRI BUKAN DIDAPAT
Q: Apakah ada unsur benci di teks di atas
A: iya/tidak",iya
1371,id_hatespeech,id_hatespeech_nusantara_text,1eaf7dd3-9a40-4808-9021-de6afc76e78a,indo_unsur_benci,train,"Teks: Tim pendukung sakit jiwa, kehilangan akal sehat & ide #IklanAhokJahat
Q: Apakah ada unsur benci di teks di atas
A: iya/tidak",iya
1372,id_hatespeech,id_hatespeech_nusantara_text,1eaf7dd3-9a40-4808-9021-de6afc76e78a,indo_unsur_benci,train,"Teks: #IklanAhokJahat Hati hati Mereka Mulai Prustasi dan Memainkan Cara cara Kasar !! Karena hasil dari berbagai survei si penista agama kalah!!
Q: Apakah ada unsur benci di teks di atas
A: iya/tidak",iya
1373,id_hatespeech,id_hatespeech_nusantara_text,1eaf7dd3-9a40-4808-9021-de6afc76e78a,indo_unsur_benci,train,"Teks: HOOKK, masuk gorong"" aja loe #IklanAhokJahat
Q: Apakah ada unsur benci di teks di atas
A: iya/tidak",iya
1374,id_hatespeech,id_hatespeech_nusantara_text,1eaf7dd3-9a40-4808-9021-de6afc76e78a,indo_unsur_benci,train,"Teks: Kayak gini nih kampanye Tim AniesSandiUno ke kampung2 mengintimidasi masyarakat. Kampungan ye? #ASUtenan
Q: Apakah ada unsur benci di teks di atas
A: iya/tidak",iya
1375,id_hatespeech,id_hatespeech_nusantara_text,1eaf7dd3-9a40-4808-9021-de6afc76e78a,indo_unsur_benci,train,"Teks: SI KUTIL BABI TELAH MELECEHKAN PRIBUMI DAN UMAT ISLAM #IklanAhokJahat
Q: Apakah ada unsur benci di teks di atas
A: iya/tidak",iya
1376,id_hatespeech,id_hatespeech_nusantara_text,1eaf7dd3-9a40-4808-9021-de6afc76e78a,indo_unsur_benci,train,"Teks: NGOMONG AJA ENTE SAMA KACA! MEMECAH BELAH KERUKUNAN LAGI HOK ENTE BISANYA. NGACO! #IklanAhokJahat
Q: Apakah ada unsur benci di teks di atas
A: iya/tidak",iya
1377,id_hatespeech,id_hatespeech_nusantara_text,1eaf7dd3-9a40-4808-9021-de6afc76e78a,indo_unsur_benci,train,"Teks: #iklanahokjahat Terorist nyata di Indonesia... Bukan wahabi, bukan Onta Tapi Babi Babi milik Cina Penebar Teror sesungguhnya....
Q: Apakah ada unsur benci di teks di atas
A: iya/tidak",iya
1378,id_hatespeech,id_hatespeech_nusantara_text,1eaf7dd3-9a40-4808-9021-de6afc76e78a,indo_unsur_benci,train,"Teks: RT @TerorisSocmed: Sadarlah wahai anak Bangsa, Ibu Pertiwi Sedang Diporakporandakan Oleh Manusia BIADAB @basuki_btp Sebagai Aktor Utama
Q: Apakah ada unsur benci di teks di atas
A: iya/tidak",iya
1379,id_hatespeech,id_hatespeech_nusantara_text,1eaf7dd3-9a40-4808-9021-de6afc76e78a,indo_unsur_benci,train,"Teks: Sepertinya gerombolan @basuki_btp rindu kerusuhan, hati2 dikabul Tuhan #IklanAhokJahat
Q: Apakah ada unsur benci di teks di atas
A: iya/tidak",iya
1380,id_hatespeech,id_hatespeech_nusantara_text,1eaf7dd3-9a40-4808-9021-de6afc76e78a,indo_unsur_benci,train,"Teks: Ahok and Bani serbet and wereng Coklat MEMANCING UMAT MUSLIM supaya marah? dengan #IklanAhokJahat. KALIAN ITU KUMPULAN ORANG SINTING
Q: Apakah ada unsur benci di teks di atas
A: iya/tidak",iya
1381,id_hatespeech,id_hatespeech_nusantara_text,1eaf7dd3-9a40-4808-9021-de6afc76e78a,indo_unsur_benci,train,"Teks: #IklanAhokJahat baru ada direzim jokopret,setan,iblis,dajjal dibangkitkan dr kuburnya. Mereka gembira berpesta pora setelah lama dibelenggu
Q: Apakah ada unsur benci di teks di atas
A: iya/tidak",iya
1382,id_hatespeech,id_hatespeech_nusantara_text,1eaf7dd3-9a40-4808-9021-de6afc76e78a,indo_unsur_benci,train,"Teks: Yang anti cina & mau ganyang cina tuh siapaaaa..??? kami cuma anti AHOK sang Penista Agama! #kampanyeAhokJahat #IklanAhokJahat #kampanyeSARA
Q: Apakah ada unsur benci di teks di atas
A: iya/tidak",iya
1383,id_hatespeech,id_hatespeech_nusantara_text,1eaf7dd3-9a40-4808-9021-de6afc76e78a,indo_unsur_benci,train,"Teks: Udah bingung kalik mau pakai cara apa untuk kampanye. Sampai2 bikin fitnah yang kayak begituan. Depresi ya takut kalah? #IklanAhokJahat
Q: Apakah ada unsur benci di teks di atas
A: iya/tidak",iya
1384,id_hatespeech,id_hatespeech_nusantara_text,1eaf7dd3-9a40-4808-9021-de6afc76e78a,indo_unsur_benci,train,"Teks: Tahukah Anda apa persamaan antara malin kundang dengan Ahok? mereka berdua sama-sam DURHAKA!!!!!!! #ASBAK #iklanahokjahat #kampanyeahokjahat
Q: Apakah ada unsur benci di teks di atas
A: iya/tidak",iya
1385,id_hatespeech,id_hatespeech_nusantara_text,1eaf7dd3-9a40-4808-9021-de6afc76e78a,indo_unsur_benci,train,"Teks: HADUH KELAKUANMU HOK, SOK-SOKAN MENJAGA KEBERAGAMAN PADAHAL PROVOKATOR & RASIS!! #IklanAhokJahat
Q: Apakah ada unsur benci di teks di atas
A: iya/tidak",iya
1386,id_hatespeech,id_hatespeech_nusantara_text,1eaf7dd3-9a40-4808-9021-de6afc76e78a,indo_unsur_benci,train,"Teks: RT @sarwandi_sr: #IklanAhokJahat bikin darah mendidih. bangsat penuh dengan propaganda. emang lo kira islam radikal ?Kalau kami mau
Q: Apakah ada unsur benci di teks di atas
A: iya/tidak",iya
1387,id_hatespeech,id_hatespeech_nusantara_text,1eaf7dd3-9a40-4808-9021-de6afc76e78a,indo_unsur_benci,train,"Teks: Kapolda Babi! Biadap dan Bodoh! Gak punya otak kali.
Q: Apakah ada unsur benci di teks di atas
A: iya/tidak",iya
1388,id_hatespeech,id_hatespeech_nusantara_text,1eaf7dd3-9a40-4808-9021-de6afc76e78a,indo_unsur_benci,train,"Teks: Jangan2 lagi deh @basuki_btp hina islam, anda itu manusia hina dibandingkan agama yang mulia, anda bukan siapa2 & bukan apa2 #IklanAhokJahat
Q: Apakah ada unsur benci di teks di atas
A: iya/tidak",iya
1389,id_hatespeech,id_hatespeech_nusantara_text,1eaf7dd3-9a40-4808-9021-de6afc76e78a,indo_unsur_benci,train,"Teks: AHOK KAFIR DAN BUDAK2NYA ATAU ANJING2 NYA HANYA SEBAGAI SAMPAH AGAMA ISLAM DAN SAMPAH MASYARAKAT
Q: Apakah ada unsur benci di teks di atas
A: iya/tidak",iya
1390,id_hatespeech,id_hatespeech_nusantara_text,1eaf7dd3-9a40-4808-9021-de6afc76e78a,indo_unsur_benci,train,"Teks: umat agama islam dijakarta sangat haram dan sangat najis sekali dengan ahok kafir kristen...
Q: Apakah ada unsur benci di teks di atas
A: iya/tidak",iya
1391,id_hatespeech,id_hatespeech_nusantara_text,1eaf7dd3-9a40-4808-9021-de6afc76e78a,indo_unsur_benci,train,"Teks: 19 april CNN kibarkan bendera kuning atas kematian ahok-djarot....
Q: Apakah ada unsur benci di teks di atas
A: iya/tidak",iya
1392,id_hatespeech,id_hatespeech_nusantara_text,1eaf7dd3-9a40-4808-9021-de6afc76e78a,indo_unsur_benci,train,"Teks: itulah akibat ulah orang2 kafir nasrani persis seperti ahok kafir yg melarang jilbab kepada anak2 sekokah di jakarta....
Q: Apakah ada unsur benci di teks di atas
A: iya/tidak",iya
1393,id_hatespeech,id_hatespeech_nusantara_text,1eaf7dd3-9a40-4808-9021-de6afc76e78a,indo_unsur_benci,train,"Teks: baswedan pantas jadi gubernur jakarta dan komisioner KPK..... ahok kafir pantasnya jadi germo di alexis....
Q: Apakah ada unsur benci di teks di atas
A: iya/tidak",iya
1394,id_hatespeech,id_hatespeech_nusantara_text,1eaf7dd3-9a40-4808-9021-de6afc76e78a,indo_unsur_benci,train,"Teks: RT @yudijannis: #IklanAhokJahat bagaimana klo kita ganyang beneran hok?itu sih maunya elo ya hok,adu domba pribumi dengan tionghoa!!jangan
Q: Apakah ada unsur benci di teks di atas
A: iya/tidak",iya
1395,id_hatespeech,id_hatespeech_nusantara_text,1eaf7dd3-9a40-4808-9021-de6afc76e78a,indo_unsur_benci,train,"Teks: masalahnya djarot tidak bisa memikirkan rakyat kecil pribumi bisanya hanya membabu kpd cina2 betul2 songong jongkok.
Q: Apakah ada unsur benci di teks di atas
A: iya/tidak",iya
1396,id_hatespeech,id_hatespeech_nusantara_text,1eaf7dd3-9a40-4808-9021-de6afc76e78a,indo_unsur_benci,train,"Teks: otak wc otak babi yg menerima ahok kafir & kamu, ahok kafir bkn sekedar menghina sdh anggap islam itu sampah
Q: Apakah ada unsur benci di teks di atas
A: iya/tidak",iya
1397,id_hatespeech,id_hatespeech_nusantara_text,1eaf7dd3-9a40-4808-9021-de6afc76e78a,indo_unsur_benci,train,"Teks: DALAM PUTARAN DUA NANTI JIKA SAMPAI AHOK KAFIR CURANG UMAT ISLAM SUDAH KOMITMEN JAKARTA AKAN DIJADIKAN LAUTAN API, SUDAH TIDAK MIKIR HUKUM
Q: Apakah ada unsur benci di teks di atas
A: iya/tidak",iya
1398,id_hatespeech,id_hatespeech_nusantara_text,1eaf7dd3-9a40-4808-9021-de6afc76e78a,indo_unsur_benci,train,"Teks: #IKLANAHOKJAHAT AHOK MENCIPTAKAN BARA API ANTARA RAKYAT PRIBUMI DENGAN TIONGHOA YG DIBALUT DENGAN PHOBIA.... AHOK KAFIR RASIS...
Q: Apakah ada unsur benci di teks di atas
A: iya/tidak",iya
1399,id_hatespeech,id_hatespeech_nusantara_text,1eaf7dd3-9a40-4808-9021-de6afc76e78a,indo_unsur_benci,train,"Teks: jangan heran pemerintahan jokowi sekarang ini budaknya kulinya cina2 ahok kafir dan 9 naga...
Q: Apakah ada unsur benci di teks di atas
A: iya/tidak",iya
1400,id_hatespeech,id_hatespeech_nusantara_text,1eaf7dd3-9a40-4808-9021-de6afc76e78a,indo_unsur_benci,train,"Teks: Ya itu namanya cawgub goblok gak ngerti peraturan debat....kelihatan bego dan liciknya itu sandiaga uno.
Q: Apakah ada unsur benci di teks di atas
A: iya/tidak",iya
1401,id_hatespeech,id_hatespeech_nusantara_text,1eaf7dd3-9a40-4808-9021-de6afc76e78a,indo_unsur_benci,train,"Teks: BODOH jika para pendukung ahok yg Muslim tidak tersinggung sama sekali ! Tapi bisa aja sih Qur'an d hina saja mrka diam #IklanAhokJahat
Q: Apakah ada unsur benci di teks di atas
A: iya/tidak",iya
1402,id_hatespeech,id_hatespeech_nusantara_text,1eaf7dd3-9a40-4808-9021-de6afc76e78a,indo_unsur_benci,train,"Teks: Gubraaaaak!!!! Malu liatnya... Untung semalem debat ga kaya MATA NAJWA.. Coba kalo formatnya sama pasti Ringsek dah pasangan ASU...
Q: Apakah ada unsur benci di teks di atas
A: iya/tidak",iya
1403,id_hatespeech,id_hatespeech_nusantara_text,1eaf7dd3-9a40-4808-9021-de6afc76e78a,indo_unsur_benci,train,"Teks: YG JELAS OTAK AHOK-DJAROT SUDAH SANGAT TUMPUL SANGAT LOYO DAN STRESS..... SUDAH JEBOL HARUS DICOPOT DAN DIGANTI.....
Q: Apakah ada unsur benci di teks di atas
A: iya/tidak",iya
1404,id_hatespeech,id_hatespeech_nusantara_text,1eaf7dd3-9a40-4808-9021-de6afc76e78a,indo_unsur_benci,train,"Teks: AHOK KAFIR BUKAN HANYA MALING TAPI JUGA GARONG, LAHAN LAUT MILIK NELAYAN DIRAMPOK & DIRAMPAS UNTUK REKLAMASI YG MENGUNTUNGKAN CINA2 KAFIR..
Q: Apakah ada unsur benci di teks di atas
A: iya/tidak",iya
1405,id_hatespeech,id_hatespeech_nusantara_text,1eaf7dd3-9a40-4808-9021-de6afc76e78a,indo_unsur_benci,train,"Teks: Sumpah bego bgt sih kesel gue. Kenapa ada org yg vote makhluk kayak Sandiaga Uno coba. Oh agama
Q: Apakah ada unsur benci di teks di atas
A: iya/tidak",iya
1406,id_hatespeech,id_hatespeech_nusantara_text,1eaf7dd3-9a40-4808-9021-de6afc76e78a,indo_unsur_benci,train,"Teks: responden2 yangg goblok2 belum faham & juga wartawan beritasatu juga goblok, nanti klo anies-sandy sudah memimpin sangat mudah
Q: Apakah ada unsur benci di teks di atas
A: iya/tidak",iya
1407,id_hatespeech,id_hatespeech_nusantara_text,1eaf7dd3-9a40-4808-9021-de6afc76e78a,indo_unsur_benci,train,"Teks: FPI RENOVASI MASJID ITU SANGAT TEPAT, AHOK KAFIR KRISTEN NGAPAIN NGURUSI MASJID2 APA HUBUNGANNYA.....
Q: Apakah ada unsur benci di teks di atas
A: iya/tidak",iya
1408,id_hatespeech,id_hatespeech_nusantara_text,1eaf7dd3-9a40-4808-9021-de6afc76e78a,indo_unsur_benci,train,"Teks: MENGAPA ahoker KRISTEN & MUNAFIK tidak berhenti mengolok2 GEREJA stiap hari? Apakah mereka memang dibriefing ahok untuk menghina si BUMI DATAR?
Q: Apakah ada unsur benci di teks di atas
A: iya/tidak",iya
1409,id_hatespeech,id_hatespeech_nusantara_text,1eaf7dd3-9a40-4808-9021-de6afc76e78a,indo_unsur_benci,train,"Teks: uma surveynya si Botak yg menangkan Ahok. Karena apa? Karena dia Cina Kristen. Bukti kalo si Botak dukung sesama Cina Kristen
Q: Apakah ada unsur benci di teks di atas
A: iya/tidak",iya
1410,id_hatespeech,id_hatespeech_nusantara_text,1eaf7dd3-9a40-4808-9021-de6afc76e78a,indo_unsur_benci,train,"Teks: AHOK PEMECAH BELAH UMMAT, AJARAN KRISTEN KONYOL, demi meraup suara muslim, JELAS AHOK INI RASIS, PKI TULEN
Q: Apakah ada unsur benci di teks di atas
A: iya/tidak",iya
1411,id_hatespeech,id_hatespeech_nusantara_text,1eaf7dd3-9a40-4808-9021-de6afc76e78a,indo_unsur_benci,train,"Teks: Woy @aagym lu udah nonton yang ini? Fitnah? Pale lu peyang gym. https://t.co/U3QhuJpwg
Q: Apakah ada unsur benci di teks di atas
A: iya/tidak",iya
1412,id_hatespeech,id_hatespeech_nusantara_text,1eaf7dd3-9a40-4808-9021-de6afc76e78a,indo_unsur_benci,train,"Teks: Ahok :memilih pemimpin Berdasarkan agama melanggar konstitusi. Sebaiknya BABI INI DI BUNGKUS aja, CONGORNYAPECAH BELAH UMAT BERAGAMA.
Q: Apakah ada unsur benci di teks di atas
A: iya/tidak",iya
1413,id_hatespeech,id_hatespeech_nusantara_text,1eaf7dd3-9a40-4808-9021-de6afc76e78a,indo_unsur_benci,train,"Teks: Saya pribumi, Kristen dan mendukung Ahok. Tapi saya paling anti dengan manusia2 bodoh dan goblok seperti Steven Hadisurya Sulistyo.
Q: Apakah ada unsur benci di teks di atas
A: iya/tidak",iya
1414,id_hatespeech,id_hatespeech_nusantara_text,1eaf7dd3-9a40-4808-9021-de6afc76e78a,indo_unsur_benci,train,"Teks: Maksudnya terbukti KORUPSI dan PENISTAAN agama nya ya om, Bangsat lo, TAIK LO, maaf gw pake Bahasa Babi Ahok.
Q: Apakah ada unsur benci di teks di atas
A: iya/tidak",iya
1415,id_hatespeech,id_hatespeech_nusantara_text,1eaf7dd3-9a40-4808-9021-de6afc76e78a,indo_unsur_benci,train,"Teks: Ehh TAIK, Bangsat lo, Omongan elo kayak IwAn bopeng, yg MO potong leher TNI, Bangsat lo IwAn bopeng, baek2in TNI. TAIK LO,
Q: Apakah ada unsur benci di teks di atas
A: iya/tidak",iya
1416,id_hatespeech,id_hatespeech_nusantara_text,1eaf7dd3-9a40-4808-9021-de6afc76e78a,indo_unsur_benci,train,"Teks: Ehh anak anjing Ahok, Kelan itu blon siuman, mending emut2 bool basuki lagi aja sana, kasih tau sama Babi yg lain, bool basuki wangi gitu
Q: Apakah ada unsur benci di teks di atas
A: iya/tidak",iya
1417,id_hatespeech,id_hatespeech_nusantara_text,1eaf7dd3-9a40-4808-9021-de6afc76e78a,indo_unsur_benci,train,"Teks: CWE CAKEP TP BEGO.PANTES GK LAKU.SI AHOK CINA BAU TAI.MAKAN BUBUR ENCER.AHOK FAHAM KOMUNIS.MENISTA ISLAM & KRISTEN
Q: Apakah ada unsur benci di teks di atas
A: iya/tidak",iya
1418,id_hatespeech,id_hatespeech_nusantara_text,1eaf7dd3-9a40-4808-9021-de6afc76e78a,indo_unsur_benci,train,"Teks: Dan ajeng pasti paham si Babi Ahok klo bicara santun, BANGSAT, TAIK, ANJING, SETAN LO, dngn intonasi yg familiar tuntuna
Q: Apakah ada unsur benci di teks di atas
A: iya/tidak",iya
1419,id_hatespeech,id_hatespeech_nusantara_text,1eaf7dd3-9a40-4808-9021-de6afc76e78a,indo_unsur_benci,train,"Teks: Itu dia, BUNUH AJA YG DIDEPAN MATA, DIA MAFIA KORUPTOR NYA, PENISTA AGAMA PULA, PANGGILAN POPULAR NYA BABI AHOK
Q: Apakah ada unsur benci di teks di atas
A: iya/tidak",iya
1420,id_hatespeech,id_hatespeech_nusantara_text,1eaf7dd3-9a40-4808-9021-de6afc76e78a,indo_unsur_benci,train,"Teks: Gimana dgn Sumber waras.. Trans Jakarta ko jokowi diem ajah.... Harusnya si kutil babi ahok di ganyang
Q: Apakah ada unsur benci di teks di atas
A: iya/tidak",iya
1421,id_hatespeech,id_hatespeech_nusantara_text,1eaf7dd3-9a40-4808-9021-de6afc76e78a,indo_unsur_benci,train,"Teks: Muka Si BABi Ahok Tuh Yg Mirip SERBET Lantai....@basuki_btp...
Q: Apakah ada unsur benci di teks di atas
A: iya/tidak",iya
1422,id_hatespeech,id_hatespeech_nusantara_text,1eaf7dd3-9a40-4808-9021-de6afc76e78a,indo_unsur_benci,train,"Teks: Betul bang hancurkan merka bang, musnahkan china babi dibumi pertiwi indonesia, berkedok reklamasi itu ahok
Q: Apakah ada unsur benci di teks di atas
A: iya/tidak",iya
1423,id_hatespeech,id_hatespeech_nusantara_text,1eaf7dd3-9a40-4808-9021-de6afc76e78a,indo_unsur_benci,train,"Teks: Sapa Yg bilang Ahok anti korupsi!?, klo grombolannyA NGOMONG gtu wajar, AHOK ITU MAFIA KORUPTOR SANG PENISTA AGAMA YG DILINDUNGI ISTANA PKI
Q: Apakah ada unsur benci di teks di atas
A: iya/tidak",iya
1424,id_hatespeech,id_hatespeech_nusantara_text,1eaf7dd3-9a40-4808-9021-de6afc76e78a,indo_unsur_benci,train,"Teks: Gw juga ngimpi SENTILIN BIJI BABI AHOK, pcetar Pcetar, langsung kejang2 die, ngadu ke Jkw, Jkw: makanye sunat dulu, bru NGOMONG Almaidah.
Q: Apakah ada unsur benci di teks di atas
A: iya/tidak",iya
1425,id_hatespeech,id_hatespeech_nusantara_text,1eaf7dd3-9a40-4808-9021-de6afc76e78a,indo_unsur_benci,train,"Teks: Mudah2an gw ketemu sama SI BABI IWAN BOPENG DI TPS nya anjing Ahok
Q: Apakah ada unsur benci di teks di atas
A: iya/tidak",iya
1426,id_hatespeech,id_hatespeech_nusantara_text,20d3bb4f-5b68-4914-940e-154e4c227555,hate_or_noHate_zs_opt_apakah_yes_or_no,train,"Apakah teks berikut ini hatespeech ""RT @spardaxyz: Fadli Zon Minta Mendagri Segera Menonaktifkan Ahok Jadi Gubernur DKI https:\/\/t.co\/KH5vIRwPdO""?
- iya
- tidak",tidak
1427,id_hatespeech,id_hatespeech_nusantara_text,20d3bb4f-5b68-4914-940e-154e4c227555,hate_or_noHate_zs_opt_apakah_yes_or_no,train,"Apakah teks berikut ini hatespeech ""RT @baguscondromowo: Mereka terus melukai aksi dalam rangka memenjarakan Ahok atau Ahok gagal dalam Pilkada.""?
- iya
- tidak",tidak
1428,id_hatespeech,id_hatespeech_nusantara_text,20d3bb4f-5b68-4914-940e-154e4c227555,hate_or_noHate_zs_opt_apakah_yes_or_no,train,"Apakah teks berikut ini hatespeech ""Sylvi: bagaimana gurbernur melakukan kekerasan perempuan? Buktinya banyak ibu2 mau foto bareng #DebatFinalPilkadaJKT""?
- iya
- tidak",tidak
1429,id_hatespeech,id_hatespeech_nusantara_text,20d3bb4f-5b68-4914-940e-154e4c227555,hate_or_noHate_zs_opt_apakah_yes_or_no,train,"Apakah teks berikut ini hatespeech ""Ahmad Dhani Tak Puas Debat Pilkada, Masalah Jalan di Bekasi Belum Sempat Terungkap https:\/\/t.co\/m3HopPLUID\u2026""?
- iya
- tidak",tidak
1430,id_hatespeech,id_hatespeech_nusantara_text,20d3bb4f-5b68-4914-940e-154e4c227555,hate_or_noHate_zs_opt_apakah_yes_or_no,train,"Apakah teks berikut ini hatespeech ""RT @lisdaulay28: Waspada KTP palsu.....kawal PILKADA https:\/\/t.co\/OOoERQV4SM""?
- iya
- tidak",tidak
1431,id_hatespeech,id_hatespeech_nusantara_text,20d3bb4f-5b68-4914-940e-154e4c227555,hate_or_noHate_zs_opt_apakah_yes_or_no,train,"Apakah teks berikut ini hatespeech ""@felixsiauw masih bnyak hal agamis yg bisa dibahas, kenapa ke pilkada terus, apa tingkat keimanan anda cuma sebatas pilkada????""?
- iya
- tidak",tidak
1432,id_hatespeech,id_hatespeech_nusantara_text,20d3bb4f-5b68-4914-940e-154e4c227555,hate_or_noHate_zs_opt_apakah_yes_or_no,train,"Apakah teks berikut ini hatespeech ""@saidaqil apa maksud pernyataan. Anda? Apa anda mengaminkan kriminalisasi Ahok?? Hati2 jg dg mulutmu pak! https:\/\/t.co\/H4ODVaY0Md""?
- iya
- tidak",tidak
1433,id_hatespeech,id_hatespeech_nusantara_text,20d3bb4f-5b68-4914-940e-154e4c227555,hate_or_noHate_zs_opt_apakah_yes_or_no,train,"Apakah teks berikut ini hatespeech ""Ahok Akan Integrasikan Transportasi Publik dengan Sistem Single Ticketing\u2026 https:\/\/t.co\/42PH7pqV0b #infoTribun""?
- iya
- tidak",tidak
1434,id_hatespeech,id_hatespeech_nusantara_text,20d3bb4f-5b68-4914-940e-154e4c227555,hate_or_noHate_zs_opt_apakah_yes_or_no,train,"Apakah teks berikut ini hatespeech ""Ahok mampu melawan korupsi di ibukota, bangun infrastruktur, mencoba memperbaiki dengan berbagai trobosan dan works well.""?
- iya
- tidak",tidak
1435,id_hatespeech,id_hatespeech_nusantara_text,20d3bb4f-5b68-4914-940e-154e4c227555,hate_or_noHate_zs_opt_apakah_yes_or_no,train,"Apakah teks berikut ini hatespeech ""Awasi Kecurangan Pilkada, Agus - Sylvi Pakai Aplikasi Ini https:\/\/t.co\/xWZW4nUFIU""?
- iya
- tidak",tidak
1436,id_hatespeech,id_hatespeech_nusantara_text,20d3bb4f-5b68-4914-940e-154e4c227555,hate_or_noHate_zs_opt_apakah_yes_or_no,train,"Apakah teks berikut ini hatespeech ""Bisa gak kita seperti Jokowi dan Ahok? Aku kalem, kamu tegas saling melengkapi. :')""?
- iya
- tidak",tidak
1437,id_hatespeech,id_hatespeech_nusantara_text,20d3bb4f-5b68-4914-940e-154e4c227555,hate_or_noHate_zs_opt_apakah_yes_or_no,train,"Apakah teks berikut ini hatespeech ""Bos mau makan di istana ga, Di undang noh makan di istana Gebang tapinya https:\/\/t.co\/ns6cUYCpUj""?
- iya
- tidak",tidak
1438,id_hatespeech,id_hatespeech_nusantara_text,20d3bb4f-5b68-4914-940e-154e4c227555,hate_or_noHate_zs_opt_apakah_yes_or_no,train,"Apakah teks berikut ini hatespeech ""Cuti Habis Ahok Jadi Gubernur DKI Lagi? Pengamat: Jangan Mengada-ada | Republika Online https:\/\/t.co\/T3kzvq9E4e""?
- iya
- tidak",tidak
1439,id_hatespeech,id_hatespeech_nusantara_text,20d3bb4f-5b68-4914-940e-154e4c227555,hate_or_noHate_zs_opt_apakah_yes_or_no,train,"Apakah teks berikut ini hatespeech ""Debat terakhir Pilkada DKI Jakarta digelar Jumat malam. https:\/\/t.co\/e9ixz6Jllr""?
- iya
- tidak",tidak
1440,id_hatespeech,id_hatespeech_nusantara_text,20d3bb4f-5b68-4914-940e-154e4c227555,hate_or_noHate_zs_opt_apakah_yes_or_no,train,"Apakah teks berikut ini hatespeech ""Demonstran FPD Malteng Desak Bawaslu Hentikan Sementara Tahapan Pilkada Maluku Tengah""?
- iya
- tidak",tidak
1441,id_hatespeech,id_hatespeech_nusantara_text,20d3bb4f-5b68-4914-940e-154e4c227555,hate_or_noHate_zs_opt_apakah_yes_or_no,train,"Apakah teks berikut ini hatespeech ""Dulu Didesak Berhentikan Ahok Ngeles Usai Masa Cuti Pilkada, Sekarang Kampanye Mau Habis Kemendagri Ragu-ragu https:\/\/t.co\/92ss4trDcX""?
- iya
- tidak",tidak
1442,id_hatespeech,id_hatespeech_nusantara_text,20d3bb4f-5b68-4914-940e-154e4c227555,hate_or_noHate_zs_opt_apakah_yes_or_no,train,"Apakah teks berikut ini hatespeech ""Gila gara2 pilkada, beberapa tokoh menampakkan watak aslinya.""?
- iya
- tidak",tidak
1443,id_hatespeech,id_hatespeech_nusantara_text,20d3bb4f-5b68-4914-940e-154e4c227555,hate_or_noHate_zs_opt_apakah_yes_or_no,train,"Apakah teks berikut ini hatespeech ""Gontor Izinkan Santrinya Pulang Kampung Nyoblos Pilkada DKI | Republika Online https:\/\/t.co\/JhNOT8ecNz""?
- iya
- tidak",tidak
1444,id_hatespeech,id_hatespeech_nusantara_text,20d3bb4f-5b68-4914-940e-154e4c227555,hate_or_noHate_zs_opt_apakah_yes_or_no,train,"Apakah teks berikut ini hatespeech ""Gubernur non-aktif DKI Jakarta, Basuki Tjahaja Purnama atau Ahok, berencana merombak struktur jabatan pegawai... https:\/\/t.co\/cdKEZxF9xO""?
- iya
- tidak",tidak
1445,id_hatespeech,id_hatespeech_nusantara_text,20d3bb4f-5b68-4914-940e-154e4c227555,hate_or_noHate_zs_opt_apakah_yes_or_no,train,"Apakah teks berikut ini hatespeech ""HEBAT .. !!! Imam Besar Masjid Istiqlal : Kalimat Ahok 100% Tidak Ada Penistaan AGAMA .. !! SEBARKAN""?
- iya
- tidak",tidak
1446,id_hatespeech,id_hatespeech_nusantara_text,20d3bb4f-5b68-4914-940e-154e4c227555,hate_or_noHate_zs_opt_apakah_yes_or_no,train,"Apakah teks berikut ini hatespeech ""Ibu2 aja, kalo beli telor pake milih2 sblm ditimbang. Pdh telor kan mirip2. Ibu2 itu tahu, telor ada yg busuk""?
- iya
- tidak",tidak
1447,id_hatespeech,id_hatespeech_nusantara_text,20d3bb4f-5b68-4914-940e-154e4c227555,hate_or_noHate_zs_opt_apakah_yes_or_no,train,"Apakah teks berikut ini hatespeech ""Ini Jawaban Ahok Saat Ditanya Terkait Persiapan Debat Pilgub Terakhir Besok https:\/\/t.co\/S6rlsAR7Y9""?
- iya
- tidak",tidak
1448,id_hatespeech,id_hatespeech_nusantara_text,20d3bb4f-5b68-4914-940e-154e4c227555,hate_or_noHate_zs_opt_apakah_yes_or_no,train,"Apakah teks berikut ini hatespeech ""Ini Pesan Ahok di Hari Pers Nasional #KitaPastiPernah https:\/\/t.co\/h0L6mrjM3R""?
- iya
- tidak",tidak
1449,id_hatespeech,id_hatespeech_nusantara_text,20d3bb4f-5b68-4914-940e-154e4c227555,hate_or_noHate_zs_opt_apakah_yes_or_no,train,"Apakah teks berikut ini hatespeech ""Istighotsah Bersama Ahok Catut Logo NU https:\/\/t.co\/U2rPY3C25R""?
- iya
- tidak",tidak
1450,id_hatespeech,id_hatespeech_nusantara_text,20d3bb4f-5b68-4914-940e-154e4c227555,hate_or_noHate_zs_opt_apakah_yes_or_no,train,"Apakah teks berikut ini hatespeech ""Itu yang ngomong jangan pilih Ahok Djarot pernah ngerasain banjir ga sih? :(""?
- iya
- tidak",tidak
1451,id_hatespeech,id_hatespeech_nusantara_text,20d3bb4f-5b68-4914-940e-154e4c227555,hate_or_noHate_zs_opt_apakah_yes_or_no,train,"Apakah teks berikut ini hatespeech ""Iya aja deh dripada hoax...""?
- iya
- tidak",tidak
1452,id_hatespeech,id_hatespeech_nusantara_text,20d3bb4f-5b68-4914-940e-154e4c227555,hate_or_noHate_zs_opt_apakah_yes_or_no,train,"Apakah teks berikut ini hatespeech ""Jadi teringat para pelacur.belia yg dijual orang tuanya.sendiri di pantura.demi sesuap nasi https:\/\/t.co\/X5DdR7m693""?
- iya
- tidak",tidak
1453,id_hatespeech,id_hatespeech_nusantara_text,20d3bb4f-5b68-4914-940e-154e4c227555,hate_or_noHate_zs_opt_apakah_yes_or_no,train,"Apakah teks berikut ini hatespeech ""jadi yg nyebar hoax ketahuan dong ada akun twitter nya lho""?
- iya
- tidak",tidak
1454,id_hatespeech,id_hatespeech_nusantara_text,20d3bb4f-5b68-4914-940e-154e4c227555,hate_or_noHate_zs_opt_apakah_yes_or_no,train,"Apakah teks berikut ini hatespeech ""Mpok @sylviana_murni-nya tolong Mas @AgusYudhoyono""?
- iya
- tidak",tidak
1455,id_hatespeech,id_hatespeech_nusantara_text,20d3bb4f-5b68-4914-940e-154e4c227555,hate_or_noHate_zs_opt_apakah_yes_or_no,train,"Apakah teks berikut ini hatespeech ""Ke Bidara beli mangga. Pulang nye liwat Slipi. Jangan lupa ingetin tetangga. Untuk milih Agus sylvi. #7HariLagiMilihAHY #AgusBersamaUlama""?
- iya
- tidak",tidak
1456,id_hatespeech,id_hatespeech_nusantara_text,20d3bb4f-5b68-4914-940e-154e4c227555,hate_or_noHate_zs_opt_apakah_yes_or_no,train,"Apakah teks berikut ini hatespeech ""Serius tapi ada selipan hiburannya \ud83d\ude06\ud83d\ude06\ud83d\ude06 #pilkadadki2017 #DebatFinalPilkadaJKT""?
- iya
- tidak",tidak
1457,id_hatespeech,id_hatespeech_nusantara_text,20d3bb4f-5b68-4914-940e-154e4c227555,hate_or_noHate_zs_opt_apakah_yes_or_no,train,"Apakah teks berikut ini hatespeech ""Sylvie sukses blunder bikin paslon 1 drop elektabilitasnya dengan fitnah dan spin salah pilih kader #DebatFinalPilkadaJKT""?
- iya
- tidak",tidak
1458,id_hatespeech,id_hatespeech_nusantara_text,20d3bb4f-5b68-4914-940e-154e4c227555,hate_or_noHate_zs_opt_apakah_yes_or_no,train,"Apakah teks berikut ini hatespeech ""Ahok: mari berlomba program #DebatFinalPilkadaJKT""?
- iya
- tidak",tidak
1459,id_hatespeech,id_hatespeech_nusantara_text,20d3bb4f-5b68-4914-940e-154e4c227555,hate_or_noHate_zs_opt_apakah_yes_or_no,train,"Apakah teks berikut ini hatespeech ""#DebatFinalPilkadaJKT aduh... Kecewa pertanyaan paslon 1....""?
- iya
- tidak",tidak
1460,id_hatespeech,id_hatespeech_nusantara_text,20d3bb4f-5b68-4914-940e-154e4c227555,hate_or_noHate_zs_opt_apakah_yes_or_no,train,"Apakah teks berikut ini hatespeech ""RT @agusdansylvi: #DebatFinalPilkadaJKT Saya pilih nomor 1. Sektor informal akan dimajukan mas Agus dan Mpok Sylvi.""?
- iya
- tidak",tidak
1461,id_hatespeech,id_hatespeech_nusantara_text,20d3bb4f-5b68-4914-940e-154e4c227555,hate_or_noHate_zs_opt_apakah_yes_or_no,train,"Apakah teks berikut ini hatespeech ""RT @JTmor: Ahok pilihan terbaik untuk Jakarta""?
- iya
- tidak",tidak
1462,id_hatespeech,id_hatespeech_nusantara_text,20d3bb4f-5b68-4914-940e-154e4c227555,hate_or_noHate_zs_opt_apakah_yes_or_no,train,"Apakah teks berikut ini hatespeech ""RT @augustfrankto: #DebatFinalPilkadaJKT Bu Silvy curhat karena pernah dimarahi sama Pak Ahok...hehe..""?
- iya
- tidak",tidak
1463,id_hatespeech,id_hatespeech_nusantara_text,20d3bb4f-5b68-4914-940e-154e4c227555,hate_or_noHate_zs_opt_apakah_yes_or_no,train,"Apakah teks berikut ini hatespeech ""Mantap pak AHOK #DebatFinalPilkadaJKT""?
- iya
- tidak",tidak
1464,id_hatespeech,id_hatespeech_nusantara_text,20d3bb4f-5b68-4914-940e-154e4c227555,hate_or_noHate_zs_opt_apakah_yes_or_no,train,"Apakah teks berikut ini hatespeech ""Ahok gagah kaya gatot kaca! #DebatFinalPilkadaJKT""?
- iya
- tidak",tidak
1465,id_hatespeech,id_hatespeech_nusantara_text,20d3bb4f-5b68-4914-940e-154e4c227555,hate_or_noHate_zs_opt_apakah_yes_or_no,train,"Apakah teks berikut ini hatespeech ""Telaaaakkk nomer satuuuu. Nghahahaha #DebatFinalPilkadaJKT""?
- iya
- tidak",tidak
1466,id_hatespeech,id_hatespeech_nusantara_text,20d3bb4f-5b68-4914-940e-154e4c227555,hate_or_noHate_zs_opt_apakah_yes_or_no,train,"Apakah teks berikut ini hatespeech ""Lomba adu program #DebatFinalPilkadaJKT #SkakSilvi""?
- iya
- tidak",tidak
1467,id_hatespeech,id_hatespeech_nusantara_text,20d3bb4f-5b68-4914-940e-154e4c227555,hate_or_noHate_zs_opt_apakah_yes_or_no,train,"Apakah teks berikut ini hatespeech ""#DebatFinalPilkadaJKT Denger banyak program dan janji dan sering tau pas jadi ga dijalankan rasanya males aja sih.""?
- iya
- tidak",tidak
1468,id_hatespeech,id_hatespeech_nusantara_text,20d3bb4f-5b68-4914-940e-154e4c227555,hate_or_noHate_zs_opt_apakah_yes_or_no,train,"Apakah teks berikut ini hatespeech ""DEBAT CAGUB DKI ke 3 - 10 Februari 2017 - Segmen 3 Mantap Ahok SKAK Sylviana Murni\n\n#DebatFinalPilkadaJKT""?
- iya
- tidak",tidak
1469,id_hatespeech,id_hatespeech_nusantara_text,20d3bb4f-5b68-4914-940e-154e4c227555,hate_or_noHate_zs_opt_apakah_yes_or_no,train,"Apakah teks berikut ini hatespeech ""Pertanyaan Ibu Silvy rada maksa.. #DebatFinalPilkadaJKT""?
- iya
- tidak",tidak
1470,id_hatespeech,id_hatespeech_nusantara_text,20d3bb4f-5b68-4914-940e-154e4c227555,hate_or_noHate_zs_opt_apakah_yes_or_no,train,"Apakah teks berikut ini hatespeech ""Tanggal 15, pas pilkada nanti sy gak akan milih siapa-siapa ah!""?
- iya
- tidak",tidak
1471,id_hatespeech,id_hatespeech_nusantara_text,20d3bb4f-5b68-4914-940e-154e4c227555,hate_or_noHate_zs_opt_apakah_yes_or_no,train,"Apakah teks berikut ini hatespeech ""Saya pribadi bakal prefer kok muslim dengan kapabilitas, tetapi lihat kondisinya Ahok menjadi pilihan plg realistis buat kemajuan DKI""?
- iya
- tidak",tidak
1472,id_hatespeech,id_hatespeech_nusantara_text,20d3bb4f-5b68-4914-940e-154e4c227555,hate_or_noHate_zs_opt_apakah_yes_or_no,train,"Apakah teks berikut ini hatespeech ""Yang mendukung Mas Anies bukan berarti anti Pak Ahok, begitu Pula sebaliknya""?
- iya
- tidak",tidak
1473,id_hatespeech,id_hatespeech_nusantara_text,20d3bb4f-5b68-4914-940e-154e4c227555,hate_or_noHate_zs_opt_apakah_yes_or_no,train,"Apakah teks berikut ini hatespeech ""Spanduk Tolak Salatkan Pembela Penista Agama juga Muncul di Kalibata https:\/\/t.co\/Sr1PbYtigN""?
- iya
- tidak",tidak
1474,id_hatespeech,id_hatespeech_nusantara_text,20d3bb4f-5b68-4914-940e-154e4c227555,hate_or_noHate_zs_opt_apakah_yes_or_no,train,"Apakah teks berikut ini hatespeech ""#DebatFinalPilkadaJKT Telak banget anjir ngakak!""?
- iya
- tidak",tidak
1475,id_hatespeech,id_hatespeech_nusantara_text,20d3bb4f-5b68-4914-940e-154e4c227555,hate_or_noHate_zs_opt_apakah_yes_or_no,train,"Apakah teks berikut ini hatespeech ""Ayo berlomba program jangan fitnah2 #DebatFinalPilkadaJKT""?
- iya
- tidak",tidak
1476,id_hatespeech,id_hatespeech_nusantara_text,20d3bb4f-5b68-4914-940e-154e4c227555,hate_or_noHate_zs_opt_apakah_yes_or_no,train,"Apakah teks berikut ini hatespeech ""RT @deelestari: Akhirnya nggak ngantuk lagi! Yeay! #DebatFinalPilkadaJKT""?
- iya
- tidak",tidak
1477,id_hatespeech,id_hatespeech_nusantara_text,20d3bb4f-5b68-4914-940e-154e4c227555,hate_or_noHate_zs_opt_apakah_yes_or_no,train,"Apakah teks berikut ini hatespeech ""Duh dibilang ga punya program paslon 1... kesian kesian kesian ... #debatfinalpilkadajkt""?
- iya
- tidak",tidak
1478,id_hatespeech,id_hatespeech_nusantara_text,20d3bb4f-5b68-4914-940e-154e4c227555,hate_or_noHate_zs_opt_apakah_yes_or_no,train,"Apakah teks berikut ini hatespeech ""Tuntut Keadilan Bagi Penista Agama, Puluhan Jawara Betawi Ikuti Aksi 212 Jilid II https:\/\/t.co\/HWVuoZyYov""?
- iya
- tidak",tidak
1479,id_hatespeech,id_hatespeech_nusantara_text,20d3bb4f-5b68-4914-940e-154e4c227555,hate_or_noHate_zs_opt_apakah_yes_or_no,train,"Apakah teks berikut ini hatespeech ""Keras nih ahok #DebatFinalPilkadaJKT""?
- iya
- tidak",tidak
1480,id_hatespeech,id_hatespeech_nusantara_text,20d3bb4f-5b68-4914-940e-154e4c227555,hate_or_noHate_zs_opt_apakah_yes_or_no,train,"Apakah teks berikut ini hatespeech ""Paslon 3 Anies Sandiaga Uno 15 Feb 2017 Utk Jakarta Indonesia Raya OK OCE""?
- iya
- tidak",tidak
1481,id_hatespeech,id_hatespeech_nusantara_text,20d3bb4f-5b68-4914-940e-154e4c227555,hate_or_noHate_zs_opt_apakah_yes_or_no,train,"Apakah teks berikut ini hatespeech ""Sesuai namanya: RONDE FINAL\n\n#DebatFinalPilkadaJKT""?
- iya
- tidak",tidak
1482,id_hatespeech,id_hatespeech_nusantara_text,20d3bb4f-5b68-4914-940e-154e4c227555,hate_or_noHate_zs_opt_apakah_yes_or_no,train,"Apakah teks berikut ini hatespeech ""Mendagri Tambah Pusing, Ketika MA Emoh Keluarkan Fatwa Status Gubernur Penista Agama https:\/\/t.co\/J34aMQiMNi""?
- iya
- tidak",tidak
1483,id_hatespeech,id_hatespeech_nusantara_text,20d3bb4f-5b68-4914-940e-154e4c227555,hate_or_noHate_zs_opt_apakah_yes_or_no,train,"Apakah teks berikut ini hatespeech ""Tolong adu program""?
- iya
- tidak",tidak
1484,id_hatespeech,id_hatespeech_nusantara_text,20d3bb4f-5b68-4914-940e-154e4c227555,hate_or_noHate_zs_opt_apakah_yes_or_no,train,"Apakah teks berikut ini hatespeech ""Genderang perang makin kencang #DebatFinalPilkadaJKT""?
- iya
- tidak",tidak
1485,id_hatespeech,id_hatespeech_nusantara_text,20d3bb4f-5b68-4914-940e-154e4c227555,hate_or_noHate_zs_opt_apakah_yes_or_no,train,"Apakah teks berikut ini hatespeech ""Mpok sylvi udah mulai emosi \ud83d\ude02\n #DebatFinalPilkadaJKT""?
- iya
- tidak",tidak
1486,id_hatespeech,id_hatespeech_nusantara_text,20d3bb4f-5b68-4914-940e-154e4c227555,hate_or_noHate_zs_opt_apakah_yes_or_no,train,"Apakah teks berikut ini hatespeech ""Some people gabisa bedain kasar sama tegas. #DebatFinalPilkadaJKT""?
- iya
- tidak",tidak
1487,id_hatespeech,id_hatespeech_nusantara_text,20d3bb4f-5b68-4914-940e-154e4c227555,hate_or_noHate_zs_opt_apakah_yes_or_no,train,"Apakah teks berikut ini hatespeech ""Beliau para pemimpin hebat Indonesia! Kita bangga https:\/\/t.co\/NAWbps9Xpt https:\/\/t.co\/5cC2U9AIEv""?
- iya
- tidak",tidak
1488,id_hatespeech,id_hatespeech_nusantara_text,20d3bb4f-5b68-4914-940e-154e4c227555,hate_or_noHate_zs_opt_apakah_yes_or_no,train,"Apakah teks berikut ini hatespeech ""@InformasiDKI mungkin bu silvy jg pengen foto sama pak ahok hihihi #DebatFinalPilkadaJKT""?
- iya
- tidak",tidak
1489,id_hatespeech,id_hatespeech_nusantara_text,20d3bb4f-5b68-4914-940e-154e4c227555,hate_or_noHate_zs_opt_apakah_yes_or_no,train,"Apakah teks berikut ini hatespeech ""#DebatFinalPilkadaJKT Mulai saling serang deh""?
- iya
- tidak",tidak
1490,id_hatespeech,id_hatespeech_nusantara_text,20d3bb4f-5b68-4914-940e-154e4c227555,hate_or_noHate_zs_opt_apakah_yes_or_no,train,"Apakah teks berikut ini hatespeech ""RT @InaKinoy: baca ini dulu lah biar mendinginkan suasana #DebatFinalPilkadaJKT https:\/\/t.co\/Em9GCKc4qe""?
- iya
- tidak",tidak
1491,id_hatespeech,id_hatespeech_nusantara_text,20d3bb4f-5b68-4914-940e-154e4c227555,hate_or_noHate_zs_opt_apakah_yes_or_no,train,"Apakah teks berikut ini hatespeech ""ayo berlomba program jgn pitnah doank.. #DebatFinalPilkadaJKT #BadjaPastimenang""?
- iya
- tidak",tidak
1492,id_hatespeech,id_hatespeech_nusantara_text,20d3bb4f-5b68-4914-940e-154e4c227555,hate_or_noHate_zs_opt_apakah_yes_or_no,train,"Apakah teks berikut ini hatespeech ""RT @qronoz: Pokoknya kalo Ahok udah ngomong: Aduuuuuuh KELAR. #DebatFinalPilkadaJKT""?
- iya
- tidak",tidak
1493,id_hatespeech,id_hatespeech_nusantara_text,20d3bb4f-5b68-4914-940e-154e4c227555,hate_or_noHate_zs_opt_apakah_yes_or_no,train,"Apakah teks berikut ini hatespeech ""Senjata makan tuan #DebatFinalPilkadaJKT #DebatFinalDKI""?
- iya
- tidak",tidak
1494,id_hatespeech,id_hatespeech_nusantara_text,20d3bb4f-5b68-4914-940e-154e4c227555,hate_or_noHate_zs_opt_apakah_yes_or_no,train,"Apakah teks berikut ini hatespeech ""Ahok kekerasan verbal? Masa koruptor dielus2 #DebatFinalPilkadaJKT""?
- iya
- tidak",tidak
1495,id_hatespeech,id_hatespeech_nusantara_text,20d3bb4f-5b68-4914-940e-154e4c227555,hate_or_noHate_zs_opt_apakah_yes_or_no,train,"Apakah teks berikut ini hatespeech ""RT @qronoz: Gak ada program yang mau diserang yang diserang karakternya. AHaY! \ud83d\ude02 #DebatFinalPilkadaJKT""?
- iya
- tidak",tidak
1496,id_hatespeech,id_hatespeech_nusantara_text,20d3bb4f-5b68-4914-940e-154e4c227555,hate_or_noHate_zs_opt_apakah_yes_or_no,train,"Apakah teks berikut ini hatespeech ""Terkait Jakarta tak Ramah anak apa tanggapan Pak @aniesbaswedan https:\/\/t.co\/ufA55UWBcI""?
- iya
- tidak",tidak
1497,id_hatespeech,id_hatespeech_nusantara_text,20d3bb4f-5b68-4914-940e-154e4c227555,hate_or_noHate_zs_opt_apakah_yes_or_no,train,"Apakah teks berikut ini hatespeech ""emang OK OCE anies dan sandi dalam mengatasi urbanisasi dan lapangan kerja #DebatFinalPilkadaJKT https:\/\/t.co\/BrCeCZSkux""?
- iya
- tidak",tidak
1498,id_hatespeech,id_hatespeech_nusantara_text,20d3bb4f-5b68-4914-940e-154e4c227555,hate_or_noHate_zs_opt_apakah_yes_or_no,train,"Apakah teks berikut ini hatespeech ""Suporternya mulai kampungan paslon masih ngomong jg ...... #DebatFinalPilkadaJKT""?
- iya
- tidak",tidak
1499,id_hatespeech,id_hatespeech_nusantara_text,20d3bb4f-5b68-4914-940e-154e4c227555,hate_or_noHate_zs_opt_apakah_yes_or_no,train,"Apakah teks berikut ini hatespeech ""Mulai seru ni #DebatFinalPilkadaJKT""?
- iya
- tidak",tidak
1500,id_hatespeech,id_hatespeech_nusantara_text,20d3bb4f-5b68-4914-940e-154e4c227555,hate_or_noHate_zs_opt_apakah_yes_or_no,train,"Apakah teks berikut ini hatespeech ""#DebatFinalPilkadaJKT nangis nangis ketonjok lagi""?
- iya
- tidak",tidak
1501,id_hatespeech,id_hatespeech_nusantara_text,20d3bb4f-5b68-4914-940e-154e4c227555,hate_or_noHate_zs_opt_apakah_yes_or_no,train,"Apakah teks berikut ini hatespeech ""RT @Kafyonaa: JADI DEBAT TERAKHIR NANTI MALAM PILIHANMU JATUH KE PASLON YANG MANA? #DebatFinalPilkadaJKT #Debat3PilkadaDKI""?
- iya
- tidak",tidak
1502,id_hatespeech,id_hatespeech_nusantara_text,20d3bb4f-5b68-4914-940e-154e4c227555,hate_or_noHate_zs_opt_apakah_yes_or_no,train,"Apakah teks berikut ini hatespeech ""RT @magendajuang: Wkwkwk udah dah pilih Anies Sandi aja :) #DebatFinalPilkadaJKT https:\/\/t.co\/hMXhjyHBnJ""?
- iya
- tidak",tidak
1503,id_hatespeech,id_hatespeech_nusantara_text,20d3bb4f-5b68-4914-940e-154e4c227555,hate_or_noHate_zs_opt_apakah_yes_or_no,train,"Apakah teks berikut ini hatespeech ""fitnah lebih kejam loh dari pembunuhan #DebatFinalPilkadaJKT""?
- iya
- tidak",tidak
1504,id_hatespeech,id_hatespeech_nusantara_text,20d3bb4f-5b68-4914-940e-154e4c227555,hate_or_noHate_zs_opt_apakah_yes_or_no,train,"Apakah teks berikut ini hatespeech ""mari #debatsehat. jangan coba pakai #datasesat. #DebatFinalPilkadaJKT #DebatFinalDiKompasTV""?
- iya
- tidak",tidak
1505,id_hatespeech,id_hatespeech_nusantara_text,20d3bb4f-5b68-4914-940e-154e4c227555,hate_or_noHate_zs_opt_apakah_yes_or_no,train,"Apakah teks berikut ini hatespeech ""RT @prastow: Apapun itu, keberanian Ahok membongkar mafia anggaran menjadi tonggak penting menuju APBD yg kredibel dan akuntabel.""?
- iya
- tidak",tidak
1506,id_hatespeech,id_hatespeech_nusantara_text,20d3bb4f-5b68-4914-940e-154e4c227555,hate_or_noHate_zs_opt_apakah_yes_or_no,train,"Apakah teks berikut ini hatespeech ""RT @SydSalesman: inilah wujud nasional-is-me dagangannya @pandji ... hebat! https:\/\/t.co\/0fYIG6c2xl""?
- iya
- tidak",tidak
1507,id_hatespeech,id_hatespeech_nusantara_text,20d3bb4f-5b68-4914-940e-154e4c227555,hate_or_noHate_zs_opt_apakah_yes_or_no,train,"Apakah teks berikut ini hatespeech ""Pak dosen makin keliatan aslinya :(""?
- iya
- tidak",tidak
1508,id_hatespeech,id_hatespeech_nusantara_text,20d3bb4f-5b68-4914-940e-154e4c227555,hate_or_noHate_zs_opt_apakah_yes_or_no,train,"Apakah teks berikut ini hatespeech ""RT @gabriellaanDini: Dulu di awal kampanye bukannya uda deklarasi anti SARA??? Tadinya gw pikir no.3 lebih mending dari no.1""?
- iya
- tidak",tidak
1509,id_hatespeech,id_hatespeech_nusantara_text,20d3bb4f-5b68-4914-940e-154e4c227555,hate_or_noHate_zs_opt_apakah_yes_or_no,train,"Apakah teks berikut ini hatespeech ""#DebatFinalPilkadaJKT mateng mpok Silvy di bombardir Pak Ahok... jawaban cerdas Pak Ahok..""?
- iya
- tidak",tidak
1510,id_hatespeech,id_hatespeech_nusantara_text,20d3bb4f-5b68-4914-940e-154e4c227555,hate_or_noHate_zs_opt_apakah_yes_or_no,train,"Apakah teks berikut ini hatespeech ""#DebatFinalPilkadaJKT mohon tenang""?
- iya
- tidak",tidak
1511,id_hatespeech,id_hatespeech_nusantara_text,20d3bb4f-5b68-4914-940e-154e4c227555,hate_or_noHate_zs_opt_apakah_yes_or_no,train,"Apakah teks berikut ini hatespeech ""Yg no.1 nih ngomongin hal yg di luar program mulu ya. Ngga ada bhan ya bwt serang lawan.. Cape dehh! #DebatFinalDKI #DebatFinalPilkadaJKT""?
- iya
- tidak",tidak
1512,id_hatespeech,id_hatespeech_nusantara_text,20d3bb4f-5b68-4914-940e-154e4c227555,hate_or_noHate_zs_opt_apakah_yes_or_no,train,"Apakah teks berikut ini hatespeech ""Cinta pak Ahok pokoknya #DebatFinalPilkadaJKT""?
- iya
- tidak",tidak
1513,id_hatespeech,id_hatespeech_nusantara_text,20d3bb4f-5b68-4914-940e-154e4c227555,hate_or_noHate_zs_opt_apakah_yes_or_no,train,"Apakah teks berikut ini hatespeech ""#DebatFinalPilkadaJKT nggak cuma ibu2 yang pengen foto sama Ahok bapak2 juga lho""?
- iya
- tidak",tidak
1514,id_hatespeech,id_hatespeech_nusantara_text,20d3bb4f-5b68-4914-940e-154e4c227555,hate_or_noHate_zs_opt_apakah_yes_or_no,train,"Apakah teks berikut ini hatespeech ""Mas Agus saya akui malam ini....rambut kamu bagus! #DebatFinalPilkadaJKT""?
- iya
- tidak",tidak
1515,id_hatespeech,id_hatespeech_nusantara_text,20d3bb4f-5b68-4914-940e-154e4c227555,hate_or_noHate_zs_opt_apakah_yes_or_no,train,"Apakah teks berikut ini hatespeech ""RT @republikaonline: Ahok Janji Berani Tutup Tempat Hiburan Malam yang Jual Narkoba""?
- iya
- tidak",tidak
1516,id_hatespeech,id_hatespeech_nusantara_text,20d3bb4f-5b68-4914-940e-154e4c227555,hate_or_noHate_zs_opt_apakah_yes_or_no,train,"Apakah teks berikut ini hatespeech ""Agus-Sylvi sisipkan bahasa jawa saat debat https:\/\/t.co\/fGTfXgaINx""?
- iya
- tidak",tidak
1517,id_hatespeech,id_hatespeech_nusantara_text,20d3bb4f-5b68-4914-940e-154e4c227555,hate_or_noHate_zs_opt_apakah_yes_or_no,train,"Apakah teks berikut ini hatespeech ""RT @hariadhi: Ahok udah perhatikan penyandang disabilitas, jauuuh sebelum kandidat lain berjanji #NobarAhokDjarot #BadjaPastiJuara""?
- iya
- tidak",tidak
1518,id_hatespeech,id_hatespeech_nusantara_text,20d3bb4f-5b68-4914-940e-154e4c227555,hate_or_noHate_zs_opt_apakah_yes_or_no,train,"Apakah teks berikut ini hatespeech ""Ahok keren!!! #DebatFinalPilkadaJKT""?
- iya
- tidak",tidak
1519,id_hatespeech,id_hatespeech_nusantara_text,20d3bb4f-5b68-4914-940e-154e4c227555,hate_or_noHate_zs_opt_apakah_yes_or_no,train,"Apakah teks berikut ini hatespeech ""Gimana ya Tim Ahok kok makin disudutkan(?) Mungkin karena ini final kali y""?
- iya
- tidak",tidak
1520,id_hatespeech,id_hatespeech_nusantara_text,20d3bb4f-5b68-4914-940e-154e4c227555,hate_or_noHate_zs_opt_apakah_yes_or_no,train,"Apakah teks berikut ini hatespeech ""Nih fakta buat yg asbun. #BadjaPastimenang #DebatFinalPilkadaJKT""?
- iya
- tidak",tidak
1521,id_hatespeech,id_hatespeech_nusantara_text,20d3bb4f-5b68-4914-940e-154e4c227555,hate_or_noHate_zs_opt_apakah_yes_or_no,train,"Apakah teks berikut ini hatespeech ""Siap-siap meme CCTV. #DebatFinalPilkadaJKT #Debat3PilkadaDKI #DebatFinalDKI""?
- iya
- tidak",tidak
1522,id_hatespeech,id_hatespeech_nusantara_text,20d3bb4f-5b68-4914-940e-154e4c227555,hate_or_noHate_zs_opt_apakah_yes_or_no,train,"Apakah teks berikut ini hatespeech ""Nyinyir tingkat nasional #DebatFinalPilkadaJKT""?
- iya
- tidak",tidak
1523,id_hatespeech,id_hatespeech_nusantara_text,20d3bb4f-5b68-4914-940e-154e4c227555,hate_or_noHate_zs_opt_apakah_yes_or_no,train,"Apakah teks berikut ini hatespeech ""Drama bgt itu :(( #DebatFinalPilkadaJKT""?
- iya
- tidak",tidak
1524,id_hatespeech,id_hatespeech_nusantara_text,20d3bb4f-5b68-4914-940e-154e4c227555,hate_or_noHate_zs_opt_apakah_yes_or_no,train,"Apakah teks berikut ini hatespeech ""Ini judulnya Debat atau nyerang paslon 2 ?????? #DebatFinalPilkadaJKT""?
- iya
- tidak",tidak
1525,id_hatespeech,id_hatespeech_nusantara_text,20d3bb4f-5b68-4914-940e-154e4c227555,hate_or_noHate_zs_opt_apakah_yes_or_no,train,"Apakah teks berikut ini hatespeech ""Lha kok menyerang gitu ya #DebatFinalPilkadaJKT""?
- iya
- tidak",tidak
1526,id_hatespeech,id_hatespeech_nusantara_text,20d3bb4f-5b68-4914-940e-154e4c227555,hate_or_noHate_zs_opt_apakah_yes_or_no,train,"Apakah teks berikut ini hatespeech ""Debat sama berantem beda tipis #DebatFinalPilkadaJKT""?
- iya
- tidak",tidak
1527,id_hatespeech,id_hatespeech_nusantara_text,20d3bb4f-5b68-4914-940e-154e4c227555,hate_or_noHate_zs_opt_apakah_yes_or_no,train,"Apakah teks berikut ini hatespeech ""Orang tegas dibilang maki-maki orang -_- #DebatFinalPilkadaJKT""?
- iya
- tidak",tidak
1528,id_hatespeech,id_hatespeech_nusantara_text,20d3bb4f-5b68-4914-940e-154e4c227555,hate_or_noHate_zs_opt_apakah_yes_or_no,train,"Apakah teks berikut ini hatespeech ""1 atau 2 perempuan berbeda dengan kaum perempuan #DebatFinalPilkadaJK""?
- iya
- tidak",tidak
1529,id_hatespeech,id_hatespeech_nusantara_text,20d3bb4f-5b68-4914-940e-154e4c227555,hate_or_noHate_zs_opt_apakah_yes_or_no,train,"Apakah teks berikut ini hatespeech ""mantap OK OCE anies sandi dalam mengatasi urbanisasi dan lapangan kerja""?
- iya
- tidak",tidak
1530,id_hatespeech,id_hatespeech_nusantara_text,20d3bb4f-5b68-4914-940e-154e4c227555,hate_or_noHate_zs_opt_apakah_yes_or_no,train,"Apakah teks berikut ini hatespeech ""RT @WisnuDewobroto: Ga seru nih. selalu mengungkit masa lalu :). kekerasan Verbal semua pernah lakukan manusia biasa. #DebatFinalPilkadaJKT""?
- iya
- tidak",tidak
1531,id_hatespeech,id_hatespeech_nusantara_text,20d3bb4f-5b68-4914-940e-154e4c227555,hate_or_noHate_zs_opt_apakah_yes_or_no,train,"Apakah teks berikut ini hatespeech ""satu perempuan bukan semua perempuan #DebatFinalPilkadaJKT""?
- iya
- tidak",tidak
1532,id_hatespeech,id_hatespeech_nusantara_text,20d3bb4f-5b68-4914-940e-154e4c227555,hate_or_noHate_zs_opt_apakah_yes_or_no,train,"Apakah teks berikut ini hatespeech ""#DebatFinalPilkadaJKT Pertanyaan paslon 1 dpt dikategorikan sbg kekerasan dalam debat.""?
- iya
- tidak",tidak
1533,id_hatespeech,id_hatespeech_nusantara_text,20d3bb4f-5b68-4914-940e-154e4c227555,hate_or_noHate_zs_opt_apakah_yes_or_no,train,"Apakah teks berikut ini hatespeech ""@jokowi pak maafkan saya. Biarkan malam ini saja saya memposting ujaran kebencian. Hanya malam ini saja pak xoxo #DebatFinalPilkadaJKT""?
- iya
- tidak",tidak
1534,id_hatespeech,id_hatespeech_nusantara_text,20d3bb4f-5b68-4914-940e-154e4c227555,hate_or_noHate_zs_opt_apakah_yes_or_no,train,"Apakah teks berikut ini hatespeech ""Semoga Allah memenangkan pak Anies-sandi https:\/\/t.co\/sns0rXRw3f""?
- iya
- tidak",tidak
1535,id_hatespeech,id_hatespeech_nusantara_text,20d3bb4f-5b68-4914-940e-154e4c227555,hate_or_noHate_zs_opt_apakah_yes_or_no,train,"Apakah teks berikut ini hatespeech ""#DebatFinalPilkadaJKT non muslim coblos Ahok muslim coblos Djarot. Bagaimana?""?
- iya
- tidak",tidak
1536,id_hatespeech,id_hatespeech_nusantara_text,20d3bb4f-5b68-4914-940e-154e4c227555,hate_or_noHate_zs_opt_apakah_yes_or_no,train,"Apakah teks berikut ini hatespeech ""#DebatFinalPilkadaJKT *pemimpin harus dapat ciptakan suasana damai tentram dan bukan adu domba atau hasutan""?
- iya
- tidak",tidak
1537,id_hatespeech,id_hatespeech_nusantara_text,20d3bb4f-5b68-4914-940e-154e4c227555,hate_or_noHate_zs_opt_apakah_yes_or_no,train,"Apakah teks berikut ini hatespeech ""Saya bertanya kepada Bapak Presiden dan Kapolri OK OCE tuh apaan? #DebatFinalPilkadaJKT""?
- iya
- tidak",tidak
1538,id_hatespeech,id_hatespeech_nusantara_text,20d3bb4f-5b68-4914-940e-154e4c227555,hate_or_noHate_zs_opt_apakah_yes_or_no,train,"Apakah teks berikut ini hatespeech ""Keliatan banget keberpihakan media #DebatFinalPilkadaJKT""?
- iya
- tidak",tidak
1539,id_hatespeech,id_hatespeech_nusantara_text,20d3bb4f-5b68-4914-940e-154e4c227555,hate_or_noHate_zs_opt_apakah_yes_or_no,train,"Apakah teks berikut ini hatespeech ""RT @di_HatiKecil: Bagus nih ilustrasinya #DebatFinalPilkadaJKT https:\/\/t.co\/zAQLqrBiUF""?
- iya
- tidak",tidak
1540,id_hatespeech,id_hatespeech_nusantara_text,20d3bb4f-5b68-4914-940e-154e4c227555,hate_or_noHate_zs_opt_apakah_yes_or_no,train,"Apakah teks berikut ini hatespeech ""RT @rezaoktovian: Ahok terlalu keren :')""?
- iya
- tidak",tidak
1541,id_hatespeech,id_hatespeech_nusantara_text,20d3bb4f-5b68-4914-940e-154e4c227555,hate_or_noHate_zs_opt_apakah_yes_or_no,train,"Apakah teks berikut ini hatespeech ""isinya timeline twitter cm pilkada.. membosankan sekali..""?
- iya
- tidak",tidak
1542,id_hatespeech,id_hatespeech_nusantara_text,20d3bb4f-5b68-4914-940e-154e4c227555,hate_or_noHate_zs_opt_apakah_yes_or_no,train,"Apakah teks berikut ini hatespeech ""Mohon tenang mohon tenang #DebatFinalPilkadaJKT""?
- iya
- tidak",tidak
1543,id_hatespeech,id_hatespeech_nusantara_text,20d3bb4f-5b68-4914-940e-154e4c227555,hate_or_noHate_zs_opt_apakah_yes_or_no,train,"Apakah teks berikut ini hatespeech ""ah diulang. Jawabannya bisa beda kan? #DebatFinalPilkadaJKT""?
- iya
- tidak",tidak
1544,id_hatespeech,id_hatespeech_nusantara_text,20d3bb4f-5b68-4914-940e-154e4c227555,hate_or_noHate_zs_opt_apakah_yes_or_no,train,"Apakah teks berikut ini hatespeech ""Perasaan bukan pertanyaan itu deh yg td dijawab om @aniesbaswedan audionya ga keluar atau ia ya? #DebatFinalPilkadaJKT""?
- iya
- tidak",tidak
1545,id_hatespeech,id_hatespeech_nusantara_text,20d3bb4f-5b68-4914-940e-154e4c227555,hate_or_noHate_zs_opt_apakah_yes_or_no,train,"Apakah teks berikut ini hatespeech ""Boleh tinggal di pinggir kali meski bukan tanahnya boleh jualan di pinggir jalan""?
- iya
- tidak",tidak
1546,id_hatespeech,id_hatespeech_nusantara_text,20d3bb4f-5b68-4914-940e-154e4c227555,hate_or_noHate_zs_opt_apakah_yes_or_no,train,"Apakah teks berikut ini hatespeech ""RT @rigenz123: Sehatkan Warga DKI Melalui #JakartaBerlari Barulah Pembangunan Dapat Sejahterakan Warganya. #DebatFinalPilkadaJKT""?
- iya
- tidak",tidak
1547,id_hatespeech,id_hatespeech_nusantara_text,20d3bb4f-5b68-4914-940e-154e4c227555,hate_or_noHate_zs_opt_apakah_yes_or_no,train,"Apakah teks berikut ini hatespeech ""kalau kamu diputuskan pacar tanpa sebab mungkin program OKE OCE bisa jadi solusi nya #DebatFinalPilkadaJKT""?
- iya
- tidak",tidak
1548,id_hatespeech,id_hatespeech_nusantara_text,20d3bb4f-5b68-4914-940e-154e4c227555,hate_or_noHate_zs_opt_apakah_yes_or_no,train,"Apakah teks berikut ini hatespeech ""Melibatkan yang paham pada bidangnya untuk duduk bersama memecahkan solusi. Cara kepemimpinan yg cerdas ! #DebatFinalPilkadaJKT""?
- iya
- tidak",tidak
1549,id_hatespeech,id_hatespeech_nusantara_text,20d3bb4f-5b68-4914-940e-154e4c227555,hate_or_noHate_zs_opt_apakah_yes_or_no,train,"Apakah teks berikut ini hatespeech ""Justru laki-laki lah yang sering mengalami kekerasan verbal. Berapa kali dirimu dimarahi istrimu..? Ayo ngaku.""?
- iya
- tidak",tidak
1550,id_hatespeech,id_hatespeech_nusantara_text,20d3bb4f-5b68-4914-940e-154e4c227555,hate_or_noHate_zs_opt_apakah_yes_or_no,train,"Apakah teks berikut ini hatespeech ""RT @TirtoID: Soal gerakan-gerakan ala @aniesbaswedan #PeriksaData #DebatFinalPilkadaJKT""?
- iya
- tidak",tidak
1551,id_hatespeech,id_hatespeech_nusantara_text,20d3bb4f-5b68-4914-940e-154e4c227555,hate_or_noHate_zs_opt_apakah_yes_or_no,train,"Apakah teks berikut ini hatespeech ""Mayoritas warga Jakarta ingin dipimpin Gubernur baru. Emang iya? #DebatFinalPilkadaJKT""?
- iya
- tidak",tidak
1552,id_hatespeech,id_hatespeech_nusantara_text,20d3bb4f-5b68-4914-940e-154e4c227555,hate_or_noHate_zs_opt_apakah_yes_or_no,train,"Apakah teks berikut ini hatespeech ""Paslon 1 selalu nyerang paslon 2 ni #DebatFinalPilkadaJKT""?
- iya
- tidak",tidak
1553,id_hatespeech,id_hatespeech_nusantara_text,20d3bb4f-5b68-4914-940e-154e4c227555,hate_or_noHate_zs_opt_apakah_yes_or_no,train,"Apakah teks berikut ini hatespeech ""RT @JktMajuBersama: Upaya Anies-Sandi untuk mendukung perempuan menjadi pelaku UKM :) #DebatFinalPilkadaJKT""?
- iya
- tidak",tidak
1554,id_hatespeech,id_hatespeech_nusantara_text,20d3bb4f-5b68-4914-940e-154e4c227555,hate_or_noHate_zs_opt_apakah_yes_or_no,train,"Apakah teks berikut ini hatespeech ""Salah satu indikator meningkatnya kualitas hidup warga Jkt adl terus bisa tersenyum seperti Pak Djarot malam ini""?
- iya
- tidak",tidak
1555,id_hatespeech,id_hatespeech_nusantara_text,20d3bb4f-5b68-4914-940e-154e4c227555,hate_or_noHate_zs_opt_apakah_yes_or_no,train,"Apakah teks berikut ini hatespeech ""Tontonan yg wajib ditunggu sehabis #DebatFinalPilkadaJKT""?
- iya
- tidak",tidak
1556,id_hatespeech,id_hatespeech_nusantara_text,20d3bb4f-5b68-4914-940e-154e4c227555,hate_or_noHate_zs_opt_apakah_yes_or_no,train,"Apakah teks berikut ini hatespeech ""RT @ainouun: Pak Ahok : penyandang disabilitas bukan hanya mereka, suatu saat kita juga bisa jadi. #DebatFinalPilkadaJKT""?
- iya
- tidak",tidak
1557,id_hatespeech,id_hatespeech_nusantara_text,20d3bb4f-5b68-4914-940e-154e4c227555,hate_or_noHate_zs_opt_apakah_yes_or_no,train,"Apakah teks berikut ini hatespeech ""RT @tribunjateng: Saat Jeda, Ahok dan Djarot Sapa Ganjar Pranowo dari Atas Panggung""?
- iya
- tidak",tidak
1558,id_hatespeech,id_hatespeech_nusantara_text,20d3bb4f-5b68-4914-940e-154e4c227555,hate_or_noHate_zs_opt_apakah_yes_or_no,train,"Apakah teks berikut ini hatespeech ""@Boojaee sayang hyung cuma pencitraan :* wkwk""?
- iya
- tidak",tidak
1559,id_hatespeech,id_hatespeech_nusantara_text,20d3bb4f-5b68-4914-940e-154e4c227555,hate_or_noHate_zs_opt_apakah_yes_or_no,train,"Apakah teks berikut ini hatespeech ""@kurawa Msh inget sm ibu penjual kue di balaikota, cm Pak Ahok yg tau klo si ibu sakit, ibu itu langsung diurus ke rs. Ini bukan pencitraan.""?
- iya
- tidak",tidak
1560,id_hatespeech,id_hatespeech_nusantara_text,20d3bb4f-5b68-4914-940e-154e4c227555,hate_or_noHate_zs_opt_apakah_yes_or_no,train,"Apakah teks berikut ini hatespeech ""Biar jajan naik sejuta https://t.co/veZ5PXxDfr""?
- iya
- tidak",tidak
1561,id_hatespeech,id_hatespeech_nusantara_text,20d3bb4f-5b68-4914-940e-154e4c227555,hate_or_noHate_zs_opt_apakah_yes_or_no,train,"Apakah teks berikut ini hatespeech ""bio gw belum diganti astagfirullah rusak pencitraan cewe cantik""?
- iya
- tidak",tidak
1562,id_hatespeech,id_hatespeech_nusantara_text,20d3bb4f-5b68-4914-940e-154e4c227555,hate_or_noHate_zs_opt_apakah_yes_or_no,train,"Apakah teks berikut ini hatespeech ""#MataNajwaDebatJakarta Ya ampun udh closing statement msh aja commentnya ky gitu ya""?
- iya
- tidak",tidak
1563,id_hatespeech,id_hatespeech_nusantara_text,20d3bb4f-5b68-4914-940e-154e4c227555,hate_or_noHate_zs_opt_apakah_yes_or_no,train,"Apakah teks berikut ini hatespeech ""Hah uda closing statement?? Cepet bener?? #DebatFinalPilkadaJKT""?
- iya
- tidak",tidak
1564,id_hatespeech,id_hatespeech_nusantara_text,20d3bb4f-5b68-4914-940e-154e4c227555,hate_or_noHate_zs_opt_apakah_yes_or_no,train,"Apakah teks berikut ini hatespeech ""RT @digembok: #DebatFinalPilkadaJKT kali ini keren.Biasanya ada sesi tanya-jawab Kali ini ada SESI CURHAT""?
- iya
- tidak",tidak
1565,id_hatespeech,id_hatespeech_nusantara_text,20d3bb4f-5b68-4914-940e-154e4c227555,hate_or_noHate_zs_opt_apakah_yes_or_no,train,"Apakah teks berikut ini hatespeech ""Ketiga paslon gagal menjawab pertanyaan yang jawabannya harus memuji kebaikan paslon lain""?
- iya
- tidak",tidak
1566,id_hatespeech,id_hatespeech_nusantara_text,20d3bb4f-5b68-4914-940e-154e4c227555,hate_or_noHate_zs_opt_apakah_yes_or_no,train,"Apakah teks berikut ini hatespeech ""Mari berjuang bersama SBYudhoyono utk memenangkan #SaduddinDhani di #PilkadaKabBekasi2017 #BekasiSAH #BekasiBerjaya""?
- iya
- tidak",tidak
1567,id_hatespeech,id_hatespeech_nusantara_text,20d3bb4f-5b68-4914-940e-154e4c227555,hate_or_noHate_zs_opt_apakah_yes_or_no,train,"Apakah teks berikut ini hatespeech ""Jikapun aparatur bisa dibeli, kyai dan santri oplosan dibeli. Masih ada yng ASLI, siap MELAWAN KETIDAKADILAN https://t.co/riloAH9gAd""?
- iya
- tidak",tidak
1568,id_hatespeech,id_hatespeech_nusantara_text,20d3bb4f-5b68-4914-940e-154e4c227555,hate_or_noHate_zs_opt_apakah_yes_or_no,train,"Apakah teks berikut ini hatespeech ""Pasangan mana yang unggul dalam debat kandidat Gubernur-Wagub DKI Jakarta Malam Ini?""?
- iya
- tidak",tidak
1569,id_hatespeech,id_hatespeech_nusantara_text,20d3bb4f-5b68-4914-940e-154e4c227555,hate_or_noHate_zs_opt_apakah_yes_or_no,train,"Apakah teks berikut ini hatespeech ""Keberagaman itu datang dr hati terdalam, bukan dr pencitraan #Tetap3 #JKTBeragam""?
- iya
- tidak",tidak
1570,id_hatespeech,id_hatespeech_nusantara_text,20d3bb4f-5b68-4914-940e-154e4c227555,hate_or_noHate_zs_opt_apakah_yes_or_no,train,"Apakah teks berikut ini hatespeech ""Membangun bangsa dan negara ini engga cukup dengan metoda pencitraan saja ,tanpa teruji lewat rekam jejak dan integritas tokohnya""?
- iya
- tidak",tidak
1571,id_hatespeech,id_hatespeech_nusantara_text,20d3bb4f-5b68-4914-940e-154e4c227555,hate_or_noHate_zs_opt_apakah_yes_or_no,train,"Apakah teks berikut ini hatespeech ""RT @adelladellaide: Bersikap baik dan menjaga prilaku di depan umum bukan berarti pencitraan, bukan pula ""menjadi orang lain"".""?
- iya
- tidak",tidak
1572,id_hatespeech,id_hatespeech_nusantara_text,20d3bb4f-5b68-4914-940e-154e4c227555,hate_or_noHate_zs_opt_apakah_yes_or_no,train,"Apakah teks berikut ini hatespeech ""RT @FiersaBesari: Saat jujur, ada yg curiga. Saat berbuat baik, ada yg menuduh pencitraan. Saat bahagia, ada yg iri. Abaikan.""?
- iya
- tidak",tidak
1573,id_hatespeech,id_hatespeech_nusantara_text,20d3bb4f-5b68-4914-940e-154e4c227555,hate_or_noHate_zs_opt_apakah_yes_or_no,train,"Apakah teks berikut ini hatespeech ""Umat Islam yg peduli agama mrk, tentu tdk akan tergoda dg trik2 konyol seperti ini, InshaAllah umat Islam sdh sadar https://t.co/PFH1MPsKFO""?
- iya
- tidak",tidak
1574,id_hatespeech,id_hatespeech_nusantara_text,20d3bb4f-5b68-4914-940e-154e4c227555,hate_or_noHate_zs_opt_apakah_yes_or_no,train,"Apakah teks berikut ini hatespeech ""#AniesIntoleran \nAnies Baswedan, tak lagi memiliki integritas dan kredibilitas sebagai seorang pemimpin. https://t.co/rv053Gt4j8""?
- iya
- tidak",tidak
1575,id_hatespeech,id_hatespeech_nusantara_text,20d3bb4f-5b68-4914-940e-154e4c227555,hate_or_noHate_zs_opt_apakah_yes_or_no,train,"Apakah teks berikut ini hatespeech ""@agusriyadi12345 Apakah perlu semua berita ahok harus menggunakan penista agama. Misalnya Penista agama sedang kampanye di Jakarta pusat.""?
- iya
- tidak",tidak
1576,id_hatespeech,id_hatespeech_nusantara_text,20d3bb4f-5b68-4914-940e-154e4c227555,hate_or_noHate_zs_opt_apakah_yes_or_no,train,"Apakah teks berikut ini hatespeech ""@agusriyadi12345 Apakah tidak sadis, jika semua berita tentang ahok, judulnya diawali degan Terdakwa penista agama bukan menggunakan nama?""?
- iya
- tidak",tidak
1577,id_hatespeech,id_hatespeech_nusantara_text,20d3bb4f-5b68-4914-940e-154e4c227555,hate_or_noHate_zs_opt_apakah_yes_or_no,train,"Apakah teks berikut ini hatespeech ""@Altefalken kemarin kan ada berita tentang penyakit mengingitis dari Babi, mksd gw apa nyambungnya sama ahok?""?
- iya
- tidak",tidak
1578,id_hatespeech,id_hatespeech_nusantara_text,20d3bb4f-5b68-4914-940e-154e4c227555,hate_or_noHate_zs_opt_apakah_yes_or_no,train,"Apakah teks berikut ini hatespeech ""@ISejunnie @AHMADDHANIPRAST artis korea bisa world tour ahmad dhani bisa ?""?
- iya
- tidak",tidak
1579,id_hatespeech,id_hatespeech_nusantara_text,20d3bb4f-5b68-4914-940e-154e4c227555,hate_or_noHate_zs_opt_apakah_yes_or_no,train,"Apakah teks berikut ini hatespeech ""@HaqueMarissa ,, ahok di jakarta , daging babi di bali apa hubungan nya ya??""?
- iya
- tidak",tidak
1580,id_hatespeech,id_hatespeech_nusantara_text,20d3bb4f-5b68-4914-940e-154e4c227555,hate_or_noHate_zs_opt_apakah_yes_or_no,train,"Apakah teks berikut ini hatespeech ""Ahmad Dhani Bangkrut Ditagih Utang Melalui Video, Mantan Istrinya Jadi Janda Kaya Raya: Hampir setahun berlalu, https://t.co/22InRwRR26""?
- iya
- tidak",tidak
1581,id_hatespeech,id_hatespeech_nusantara_text,20d3bb4f-5b68-4914-940e-154e4c227555,hate_or_noHate_zs_opt_apakah_yes_or_no,train,"Apakah teks berikut ini hatespeech ""Ahmad Dhani Sentil AHOK, eh Sandiaga Uno cengar cengir.!: https://t.co/vhDAAa3ShI melalui @YouTube""?
- iya
- tidak",tidak
1582,id_hatespeech,id_hatespeech_nusantara_text,20d3bb4f-5b68-4914-940e-154e4c227555,hate_or_noHate_zs_opt_apakah_yes_or_no,train,"Apakah teks berikut ini hatespeech ""Hehhee.. Makanya jangan mengagumi sesorng berlebihan.. Kecuali kepada Rasulullah.. https://t.co/ZXVB2DiRMg""?
- iya
- tidak",tidak
1583,id_hatespeech,id_hatespeech_nusantara_text,20d3bb4f-5b68-4914-940e-154e4c227555,hate_or_noHate_zs_opt_apakah_yes_or_no,train,"Apakah teks berikut ini hatespeech ""#MataNajwaDebatJakarta acara uda abis menurut kalian debat sapa yang betul-betul memaparkan prog dan solusi?""?
- iya
- tidak",tidak
1584,id_hatespeech,id_hatespeech_nusantara_text,20d3bb4f-5b68-4914-940e-154e4c227555,hate_or_noHate_zs_opt_apakah_yes_or_no,train,"Apakah teks berikut ini hatespeech ""Mereka (koruptor) meletakkan kitab suci ditempat paling rendah...tapi masih sok jadi pemilik kapling surga... https://t.co/oj5YN3WBeI""?
- iya
- tidak",tidak
1585,id_hatespeech,id_hatespeech_nusantara_text,20d3bb4f-5b68-4914-940e-154e4c227555,hate_or_noHate_zs_opt_apakah_yes_or_no,train,"Apakah teks berikut ini hatespeech ""RT @99Ohhani: Woww dukungan Rakyat Palestina ke Ahok yg dituduhSbg penista Agama ?? mrk Mengelu2kan Ahok !!!Ahok is The Best https://t.co/""?
- iya
- tidak",tidak
1586,id_hatespeech,id_hatespeech_nusantara_text,20d3bb4f-5b68-4914-940e-154e4c227555,hate_or_noHate_zs_opt_apakah_yes_or_no,train,"Apakah teks berikut ini hatespeech ""Pencitraan di socmed itu boleh-boleh aja. Tapi harus bisa tanggung jawab sama citra yang udh dibikin. Jangan sampe jadi malu-maluin. Kasian.""?
- iya
- tidak",tidak
1587,id_hatespeech,id_hatespeech_nusantara_text,20d3bb4f-5b68-4914-940e-154e4c227555,hate_or_noHate_zs_opt_apakah_yes_or_no,train,"Apakah teks berikut ini hatespeech ""RT @kompascom: Kasus Kicauan Ahmad Dhani Dilimpahkan ke Polres Metro Jakarta Selatan. https://t.co/uJ0m7JernN""?
- iya
- tidak",tidak
1588,id_hatespeech,id_hatespeech_nusantara_text,20d3bb4f-5b68-4914-940e-154e4c227555,hate_or_noHate_zs_opt_apakah_yes_or_no,train,"Apakah teks berikut ini hatespeech ""RT @kv_kahfi: Komplit bgt yaaaa..... Heran nya msh aja yg percaya dan idolain dia https://t.co/PNTYRAnaJO""?
- iya
- tidak",tidak
1589,id_hatespeech,id_hatespeech_nusantara_text,20d3bb4f-5b68-4914-940e-154e4c227555,hate_or_noHate_zs_opt_apakah_yes_or_no,train,"Apakah teks berikut ini hatespeech ""RT @m0th3rb04rd__: bagaimana keadilan bisa tercipta jika si penista agama belum di vonis penjara\n #BerjamaahTolakReklamasi""?
- iya
- tidak",tidak
1590,id_hatespeech,id_hatespeech_nusantara_text,20d3bb4f-5b68-4914-940e-154e4c227555,hate_or_noHate_zs_opt_apakah_yes_or_no,train,"Apakah teks berikut ini hatespeech ""RT @TeddyGusnaidi: Bro.. Kalau yg dimaksud Fatwa Penista agama, MUI gak pernah mengeluarkan Fatwa. https://t.co/x9uXhqJKCa""?
- iya
- tidak",tidak
1591,id_hatespeech,id_hatespeech_nusantara_text,20d3bb4f-5b68-4914-940e-154e4c227555,hate_or_noHate_zs_opt_apakah_yes_or_no,train,"Apakah teks berikut ini hatespeech ""RT @TeddyGusnaidi: Sidang hari ini makin menguatkan bahwa Ahok bukan penista agama.. Ada yang bisa bantah?? \nhttps://t.co/2Ksj4snR1t""?
- iya
- tidak",tidak
1592,id_hatespeech,id_hatespeech_nusantara_text,20d3bb4f-5b68-4914-940e-154e4c227555,hate_or_noHate_zs_opt_apakah_yes_or_no,train,"Apakah teks berikut ini hatespeech ""Sebut Ahok Bukan Akademisi, Ahmad Dhani: Secara Intelektual, Lebih Intelek Bang Anies https://t.co/YrzfmMV1LG""?
- iya
- tidak",tidak
1593,id_hatespeech,id_hatespeech_nusantara_text,20d3bb4f-5b68-4914-940e-154e4c227555,hate_or_noHate_zs_opt_apakah_yes_or_no,train,"Apakah teks berikut ini hatespeech ""Yg melakukan Penista Agama sesungguhnya, agama yg suci digunakan alat untuk mengejar jabatan (kekuasaan) https://t.co/hKvZIpm8ZS""?
- iya
- tidak",tidak
1594,id_hatespeech,id_hatespeech_nusantara_text,20d3bb4f-5b68-4914-940e-154e4c227555,hate_or_noHate_zs_opt_apakah_yes_or_no,train,"Apakah teks berikut ini hatespeech ""Kalah di Pilkada Bekasi, Ahmad Dhani Jadi Juru Kampanye Pasangan Anies-Sandi https://t.co/oIZpN8hYnd #NenengYes https://t.co/FGOhKhXWxt""?
- iya
- tidak",tidak
1595,id_hatespeech,id_hatespeech_nusantara_text,20d3bb4f-5b68-4914-940e-154e4c227555,hate_or_noHate_zs_opt_apakah_yes_or_no,train,"Apakah teks berikut ini hatespeech ""#MataNajwaDebatJakarta Bravo closing statement Anies malam ini.kalau nggak ada debat saya nggak mungkin nonton mata najwa sdh lama tdk suka.""?
- iya
- tidak",tidak
1596,id_hatespeech,id_hatespeech_nusantara_text,20d3bb4f-5b68-4914-940e-154e4c227555,hate_or_noHate_zs_opt_apakah_yes_or_no,train,"Apakah teks berikut ini hatespeech ""#MataNajwaDebatJakarta jawaban terakhir Anis jadi bikin ingat jawaban dia pas debat kemarin, ""jawaban anda menarik tapi tidak nyambung""""?
- iya
- tidak",tidak
1597,id_hatespeech,id_hatespeech_nusantara_text,20d3bb4f-5b68-4914-940e-154e4c227555,hate_or_noHate_zs_opt_apakah_yes_or_no,train,"Apakah teks berikut ini hatespeech ""#MataNajwaDebatJakarta buzzer ahok lagi kerja keras nih,.ayo kerja2 tar gajian ga turun""?
- iya
- tidak",tidak
1598,id_hatespeech,id_hatespeech_nusantara_text,20d3bb4f-5b68-4914-940e-154e4c227555,hate_or_noHate_zs_opt_apakah_yes_or_no,train,"Apakah teks berikut ini hatespeech ""#MataNajwaDebatJakarta kerendahan hati dan lawan kerendahan hati kelihatan banget..""?
- iya
- tidak",tidak
1599,id_hatespeech,id_hatespeech_nusantara_text,20d3bb4f-5b68-4914-940e-154e4c227555,hate_or_noHate_zs_opt_apakah_yes_or_no,train,"Apakah teks berikut ini hatespeech ""#MataNajwaDebatJakarta kok gaya pak @aniesbaswedan kayak SBY ya?""?
- iya
- tidak",tidak
1600,id_hatespeech,id_hatespeech_nusantara_text,20d3bb4f-5b68-4914-940e-154e4c227555,hate_or_noHate_zs_opt_apakah_yes_or_no,train,"Apakah teks berikut ini hatespeech ""#MataNajwaDebatJakarta kenyataannya si anis nyaman bgt dgn isu sara kok , kan nguntungin anis , pura2 sok bijak pdhl menikmati isu sara ,""?
- iya
- tidak",tidak
1601,id_hatespeech,id_hatespeech_nusantara_text,20d3bb4f-5b68-4914-940e-154e4c227555,hate_or_noHate_zs_opt_apakah_yes_or_no,train,"Apakah teks berikut ini hatespeech ""#MataNajwaDebatJakarta nyesel liat debat tidak bermutu cuma bisa mencela..""?
- iya
- tidak",tidak
1602,id_hatespeech,id_hatespeech_nusantara_text,20d3bb4f-5b68-4914-940e-154e4c227555,hate_or_noHate_zs_opt_apakah_yes_or_no,train,"Apakah teks berikut ini hatespeech ""#MataNajwaDebatJakarta.kesimpulan: Saya tdk rela punya Gub seorg Anies dan sy percaya Ahok akan menang. Salam 2 jari.""?
- iya
- tidak",tidak
1603,id_hatespeech,id_hatespeech_nusantara_text,20d3bb4f-5b68-4914-940e-154e4c227555,hate_or_noHate_zs_opt_apakah_yes_or_no,train,"Apakah teks berikut ini hatespeech ""@ibnusungeb ahoker panas dingin ahok kalah debat Sama Anis. #MataNajwaDebatJakarta""?
- iya
- tidak",tidak
1604,id_hatespeech,id_hatespeech_nusantara_text,20d3bb4f-5b68-4914-940e-154e4c227555,hate_or_noHate_zs_opt_apakah_yes_or_no,train,"Apakah teks berikut ini hatespeech ""Ada yg tahu ga backsound penutup mata najwa ini siapa musisinya dan apa judulnya? #MataNajwaDebatJakarta""?
- iya
- tidak",tidak
1605,id_hatespeech,id_hatespeech_nusantara_text,20d3bb4f-5b68-4914-940e-154e4c227555,hate_or_noHate_zs_opt_apakah_yes_or_no,train,"Apakah teks berikut ini hatespeech ""#MataNajwaDebatJakarta p ahok apapun hanya Utk rakyat, p anies tkt dicurangi... Ngerti bedanya..""?
- iya
- tidak",tidak
1606,id_hatespeech,id_hatespeech_nusantara_text,20d3bb4f-5b68-4914-940e-154e4c227555,hate_or_noHate_zs_opt_apakah_yes_or_no,train,"Apakah teks berikut ini hatespeech ""@MataNajwa mantapppp Mata Najwa diskusi lebih hidup dan mendidik,,, jauh berkualitas di banding debat yg selenggarakan KPU""?
- iya
- tidak",tidak
1607,id_hatespeech,id_hatespeech_nusantara_text,20d3bb4f-5b68-4914-940e-154e4c227555,hate_or_noHate_zs_opt_apakah_yes_or_no,train,"Apakah teks berikut ini hatespeech ""@MataNajwa mbak najwa..ayo ""ketengah"" lagi sedikit..jgn terlihat ke kiri, dgn meminta terus pak anies cpt2 menyelesaikan kalimat2nya..""?
- iya
- tidak",tidak
1608,id_hatespeech,id_hatespeech_nusantara_text,20d3bb4f-5b68-4914-940e-154e4c227555,hate_or_noHate_zs_opt_apakah_yes_or_no,train,"Apakah teks berikut ini hatespeech ""Dan soal soal ribut-ribut pribumi vs non pribumi yang ramai di beranda saya itu, sebenarnya maksudnya apa? ikut...""?
- iya
- tidak",tidak
1609,id_hatespeech,id_hatespeech_nusantara_text,20d3bb4f-5b68-4914-940e-154e4c227555,hate_or_noHate_zs_opt_apakah_yes_or_no,train,"Apakah teks berikut ini hatespeech ""Sedih liat pak anies saat ini, tokoh yang dulu saya kagumi kenapa jadi seperti ini ;') #MataNajwaDebatJakarta""?
- iya
- tidak",tidak
1610,id_hatespeech,id_hatespeech_nusantara_text,20d3bb4f-5b68-4914-940e-154e4c227555,hate_or_noHate_zs_opt_apakah_yes_or_no,train,"Apakah teks berikut ini hatespeech ""Awal sp akhir @aniesbaswedan bisanya cm serang pribadi @basuki_btp gak ada program yg perlu dibanggakan #MataNajwaDebatJakarta""?
- iya
- tidak",tidak
1611,id_hatespeech,id_hatespeech_nusantara_text,20d3bb4f-5b68-4914-940e-154e4c227555,hate_or_noHate_zs_opt_apakah_yes_or_no,train,"Apakah teks berikut ini hatespeech ""Gimana nih om @pandji pasti ikut gedeg juga kan dengerin retorika ga ada wawasan. Tapi gimana udah terlanjur ya. #matanajwadebatjakarta""?
- iya
- tidak",tidak
1612,id_hatespeech,id_hatespeech_nusantara_text,20d3bb4f-5b68-4914-940e-154e4c227555,hate_or_noHate_zs_opt_apakah_yes_or_no,train,"Apakah teks berikut ini hatespeech ""Haduhhhh Pak Anies.. Terus pendukung anda yang didatengin ke Jakarta itu dari mana pak? Dari luar jakarta kan #MataNajwaDebatJakarta""?
- iya
- tidak",tidak
1613,id_hatespeech,id_hatespeech_nusantara_text,20d3bb4f-5b68-4914-940e-154e4c227555,hate_or_noHate_zs_opt_apakah_yes_or_no,train,"Apakah teks berikut ini hatespeech ""Haha anies pendemo2 dr jawa barat kok ga ngomen. Takut kalah ya haha #MataNajwaDebatJakarta""?
- iya
- tidak",tidak
1614,id_hatespeech,id_hatespeech_nusantara_text,20d3bb4f-5b68-4914-940e-154e4c227555,hate_or_noHate_zs_opt_apakah_yes_or_no,train,"Apakah teks berikut ini hatespeech ""#MataNajwaDebatJakarta pak uno habis 62M istrinya ga marah ya pak? Saya mo beli sepatu 300rb aja istri saya marah2 pak""?
- iya
- tidak",tidak
1615,id_hatespeech,id_hatespeech_nusantara_text,20d3bb4f-5b68-4914-940e-154e4c227555,hate_or_noHate_zs_opt_apakah_yes_or_no,train,"Apakah teks berikut ini hatespeech ""#MataNajwaDebatJakarta jangan suka menyerang, ini bukan perang,. mengapa ingin ibadah harus menyerang orang..""?
- iya
- tidak",tidak
1616,id_hatespeech,id_hatespeech_nusantara_text,20d3bb4f-5b68-4914-940e-154e4c227555,hate_or_noHate_zs_opt_apakah_yes_or_no,train,"Apakah teks berikut ini hatespeech ""#MataNajwaDebatJakarta Paslon 3 serang terus dengan membawa2 hal2 yg biasa menyerang, tp Paslon 2 tenang menjawabnya""?
- iya
- tidak",tidak
1617,id_hatespeech,id_hatespeech_nusantara_text,20d3bb4f-5b68-4914-940e-154e4c227555,hate_or_noHate_zs_opt_apakah_yes_or_no,train,"Apakah teks berikut ini hatespeech ""Aahhh akuh sedih, akuh org depok ternyata ngga boleh ke jakarta pak mANIES jahattttt #MataNajwaDebatJakarta""?
- iya
- tidak",tidak
1618,id_hatespeech,id_hatespeech_nusantara_text,20d3bb4f-5b68-4914-940e-154e4c227555,hate_or_noHate_zs_opt_apakah_yes_or_no,train,"Apakah teks berikut ini hatespeech ""#MataNajwaDebatJakarta saludd utk mata najwa, berbobot sekali perdebatan malam ini..""?
- iya
- tidak",tidak
1619,id_hatespeech,id_hatespeech_nusantara_text,20d3bb4f-5b68-4914-940e-154e4c227555,hate_or_noHate_zs_opt_apakah_yes_or_no,train,"Apakah teks berikut ini hatespeech ""Jadilah orang yang bertanggung jawab atas segala tindakan anda. dengan demikian anda akan menuai hal yang positif. #SidangAhok""?
- iya
- tidak",tidak
1620,id_hatespeech,id_hatespeech_nusantara_text,20d3bb4f-5b68-4914-940e-154e4c227555,hate_or_noHate_zs_opt_apakah_yes_or_no,train,"Apakah teks berikut ini hatespeech ""Menurut Anda, apakah #SidangAhok Dugaan Penistaan Agama dgn Terdakwa @basuki_btp murni isyu Pilkada DKI Jakarta atau murni demi Islam???""?
- iya
- tidak",tidak
1621,id_hatespeech,id_hatespeech_nusantara_text,20d3bb4f-5b68-4914-940e-154e4c227555,hate_or_noHate_zs_opt_apakah_yes_or_no,train,"Apakah teks berikut ini hatespeech ""Semua kejujuran akan mendapatkan pahala dari surga. Sabar ya Pak Basuki #FreeAhok https://t.co/NlgbEcj4Jc""?
- iya
- tidak",tidak
1622,id_hatespeech,id_hatespeech_nusantara_text,20d3bb4f-5b68-4914-940e-154e4c227555,hate_or_noHate_zs_opt_apakah_yes_or_no,train,"Apakah teks berikut ini hatespeech ""Jadilah orang yang bertanggung jawab atas segala tindakan anda. dengan demikian anda akan menuai hal yang positif. #SidangAhok""?
- iya
- tidak",tidak
1623,id_hatespeech,id_hatespeech_nusantara_text,20d3bb4f-5b68-4914-940e-154e4c227555,hate_or_noHate_zs_opt_apakah_yes_or_no,train,"Apakah teks berikut ini hatespeech ""#MataNajwaDebatJakarta terima kasih telah memberikan pendidikan demokrasi pada rakyat Indonesia, khususnya Jakarta.""?
- iya
- tidak",tidak
1624,id_hatespeech,id_hatespeech_nusantara_text,20d3bb4f-5b68-4914-940e-154e4c227555,hate_or_noHate_zs_opt_apakah_yes_or_no,train,"Apakah teks berikut ini hatespeech ""Keberagaman itu datang dr hati terdalam, bukan dr pencitraan #Tetap3 #JKTBeragam""?
- iya
- tidak",tidak
1625,id_hatespeech,id_hatespeech_nusantara_text,20d3bb4f-5b68-4914-940e-154e4c227555,hate_or_noHate_zs_opt_apakah_yes_or_no,train,"Apakah teks berikut ini hatespeech ""Membangun bangsa dan negara ini engga cukup dengan metoda pencitraan saja ,tanpa teruji lewat rekam jejak dan integritas tokohnya""?
- iya
- tidak",tidak
1626,id_hatespeech,id_hatespeech_nusantara_text,20d3bb4f-5b68-4914-940e-154e4c227555,hate_or_noHate_zs_opt_apakah_yes_or_no,train,"Apakah teks berikut ini hatespeech ""jangan ada keberpihakan dalam badan hukum karena itu akan merusak demokrasi #important #MataNajwaDebatJakarta""?
- iya
- tidak",tidak
1627,id_hatespeech,id_hatespeech_nusantara_text,20d3bb4f-5b68-4914-940e-154e4c227555,hate_or_noHate_zs_opt_apakah_yes_or_no,train,"Apakah teks berikut ini hatespeech ""Jika lo bisa menceritakan kembali kalimat2 yg dilontarkan Anies di @MataNajwa dgn bahasa lo sendiri, lo luar biasa. #MataNajwaDebatJakarta""?
- iya
- tidak",tidak
1628,id_hatespeech,id_hatespeech_nusantara_text,20d3bb4f-5b68-4914-940e-154e4c227555,hate_or_noHate_zs_opt_apakah_yes_or_no,train,"Apakah teks berikut ini hatespeech ""kalau liat sosmed, Pak Ahok menang telak. Namun sayang, hanya kata-kata manis lah yg diserap bbrp warga kecil. #matanajwadebatjakarta""?
- iya
- tidak",tidak
1629,id_hatespeech,id_hatespeech_nusantara_text,20d3bb4f-5b68-4914-940e-154e4c227555,hate_or_noHate_zs_opt_apakah_yes_or_no,train,"Apakah teks berikut ini hatespeech ""Seharusnya mah basuki sudah bebas ya kan? #FreeAhok https://t.co/Mw3k0vYweF""?
- iya
- tidak",tidak
1630,id_hatespeech,id_hatespeech_nusantara_text,20d3bb4f-5b68-4914-940e-154e4c227555,hate_or_noHate_zs_opt_apakah_yes_or_no,train,"Apakah teks berikut ini hatespeech ""Kenapa debat @MataNajwa ini, Ahok makin keliatan diatas angin ya. Kliatan dia sangat menguasai problem solusi tata kelola Jakarta.""?
- iya
- tidak",tidak
1631,id_hatespeech,id_hatespeech_nusantara_text,20d3bb4f-5b68-4914-940e-154e4c227555,hate_or_noHate_zs_opt_apakah_yes_or_no,train,"Apakah teks berikut ini hatespeech ""Kalau lihat Ahok itu kayak lihat power rangers merah""?
- iya
- tidak",tidak
1632,id_hatespeech,id_hatespeech_nusantara_text,20d3bb4f-5b68-4914-940e-154e4c227555,hate_or_noHate_zs_opt_apakah_yes_or_no,train,"Apakah teks berikut ini hatespeech ""Kesimpulan. Ahok spt biasa fokus detail ke program. Anies terlalu fokus menjatuhkan lawan #MataNajwaDebatJakarta""?
- iya
- tidak",tidak
1633,id_hatespeech,id_hatespeech_nusantara_text,20d3bb4f-5b68-4914-940e-154e4c227555,hate_or_noHate_zs_opt_apakah_yes_or_no,train,"Apakah teks berikut ini hatespeech ""pertunjukan yang sangat membuat saya serius dan gak mau diganggu, selamat untuk pak @aniesbaswedan buat gagasan nya #MataNajwaDebatJakarta""?
- iya
- tidak",tidak
1634,id_hatespeech,id_hatespeech_nusantara_text,20d3bb4f-5b68-4914-940e-154e4c227555,hate_or_noHate_zs_opt_apakah_yes_or_no,train,"Apakah teks berikut ini hatespeech ""Jangan berpihak...melayani rakyat dengan sepenuh hati..Tuhan yang memberi kekuasaan.. Tuhan yang mengambil..-ahok#MataNajwaDebatJakarta""?
- iya
- tidak",tidak
1635,id_hatespeech,id_hatespeech_nusantara_text,20d3bb4f-5b68-4914-940e-154e4c227555,hate_or_noHate_zs_opt_apakah_yes_or_no,train,"Apakah teks berikut ini hatespeech ""Pak Ahok jangan blunder dong Pak..dari tadi udah bagus. Pertanyaannya komitmen menerima hasil kontestasi. #MataNajwaDebatJakarta""?
- iya
- tidak",tidak
1636,id_hatespeech,id_hatespeech_nusantara_text,20d3bb4f-5b68-4914-940e-154e4c227555,hate_or_noHate_zs_opt_apakah_yes_or_no,train,"Apakah teks berikut ini hatespeech ""jangan ada keberpihakan dalam badan hukum karena itu akan merusak demokrasi #important #MataNajwaDebatJakarta""?
- iya
- tidak",tidak
1637,id_hatespeech,id_hatespeech_nusantara_text,20d3bb4f-5b68-4914-940e-154e4c227555,hate_or_noHate_zs_opt_apakah_yes_or_no,train,"Apakah teks berikut ini hatespeech ""Jika lo bisa menceritakan kembali kalimat2 yg dilontarkan Anies di @MataNajwa dgn bahasa lo sendiri, lo luar biasa. #MataNajwaDebatJakarta""?
- iya
- tidak",tidak
1638,id_hatespeech,id_hatespeech_nusantara_text,20d3bb4f-5b68-4914-940e-154e4c227555,hate_or_noHate_zs_opt_apakah_yes_or_no,train,"Apakah teks berikut ini hatespeech ""Kenapa debat @MataNajwa ini, Ahok makin keliatan diatas angin ya. Kliatan dia sangat menguasai problem solusi tata kelola Jakarta.""?
- iya
- tidak",tidak
1639,id_hatespeech,id_hatespeech_nusantara_text,20d3bb4f-5b68-4914-940e-154e4c227555,hate_or_noHate_zs_opt_apakah_yes_or_no,train,"Apakah teks berikut ini hatespeech ""Kiranya Jakarta semakin baik. Selamat berjuang buat Pak Ahok dan Pak Anies ! #MataNajwaDebatJakarta""?
- iya
- tidak",tidak
1640,id_hatespeech,id_hatespeech_nusantara_text,20d3bb4f-5b68-4914-940e-154e4c227555,hate_or_noHate_zs_opt_apakah_yes_or_no,train,"Apakah teks berikut ini hatespeech ""Masihkah Ahoker debat soal program? Jlebb.. KO kena uppercut Anies soal KJP. Pergubnya blm di rubah.. @roemahdjoeang @NetizenTofa @cepot234""?
- iya
- tidak",tidak
1641,id_hatespeech,id_hatespeech_nusantara_text,20d3bb4f-5b68-4914-940e-154e4c227555,hate_or_noHate_zs_opt_apakah_yes_or_no,train,"Apakah teks berikut ini hatespeech ""RT @alysap_: Semua penganut agama harus dapet hak yang sama - Ahok #MataNajwaDebatJakarta""?
- iya
- tidak",tidak
1642,id_hatespeech,id_hatespeech_nusantara_text,20d3bb4f-5b68-4914-940e-154e4c227555,hate_or_noHate_zs_opt_apakah_yes_or_no,train,"Apakah teks berikut ini hatespeech ""Aku heran kenapa ilklan kampanye #AhokDjarot yg terbaru itu begitu, ini aku loh yang bingung bkn akuang,asiang, atau aming #IklanAhokJahat""?
- iya
- tidak",tidak
1643,id_hatespeech,id_hatespeech_nusantara_text,20d3bb4f-5b68-4914-940e-154e4c227555,hate_or_noHate_zs_opt_apakah_yes_or_no,train,"Apakah teks berikut ini hatespeech ""Abis nyoblos streaming video perkembangan Pilkada 2017 pake #SisaKuotaGakHangus dari @IM3Ooredoo kuota ga habis deh""?
- iya
- tidak",tidak
1644,id_hatespeech,id_hatespeech_nusantara_text,20d3bb4f-5b68-4914-940e-154e4c227555,hate_or_noHate_zs_opt_apakah_yes_or_no,train,"Apakah teks berikut ini hatespeech ""muslim sedang diuji di negara yg mayoritas Islam..semoga kita smua bisa bersabar dan menahan utk tidak berbicara kasar sbg balasan""?
- iya
- tidak",tidak
1645,id_hatespeech,id_hatespeech_nusantara_text,20d3bb4f-5b68-4914-940e-154e4c227555,hate_or_noHate_zs_opt_apakah_yes_or_no,train,"Apakah teks berikut ini hatespeech ""Kiranya Jakarta semakin baik. Selamat berjuang buat Pak Ahok dan Pak Anies ! #MataNajwaDebatJakarta""?
- iya
- tidak",tidak
1646,id_hatespeech,id_hatespeech_nusantara_text,20d3bb4f-5b68-4914-940e-154e4c227555,hate_or_noHate_zs_opt_apakah_yes_or_no,train,"Apakah teks berikut ini hatespeech ""RT @grcllafrn: Pak Anies, inget, apa yg kau tabur itu yang akan kau tuai nanti... jadi takut sendiri :"") #MataNajwaDebatJakarta""?
- iya
- tidak",tidak
1647,id_hatespeech,id_hatespeech_nusantara_text,20d3bb4f-5b68-4914-940e-154e4c227555,hate_or_noHate_zs_opt_apakah_yes_or_no,train,"Apakah teks berikut ini hatespeech ""RT @kompascom: Bagaimana metode penarikan sampel hitung cepat yg dilakukan Litbang Kompas dlm Pilkada DKI Jakarta 2017? Simak disini""?
- iya
- tidak",tidak
1648,id_hatespeech,id_hatespeech_nusantara_text,20d3bb4f-5b68-4914-940e-154e4c227555,hate_or_noHate_zs_opt_apakah_yes_or_no,train,"Apakah teks berikut ini hatespeech ""mnding diem aja pak @basuki_btp semua pergerakanmu pasti disalahkan, klo wktunya menang ntar jga menang.... #IklanAhokJahat""?
- iya
- tidak",tidak
1649,id_hatespeech,id_hatespeech_nusantara_text,20d3bb4f-5b68-4914-940e-154e4c227555,hate_or_noHate_zs_opt_apakah_yes_or_no,train,"Apakah teks berikut ini hatespeech ""RT @netmediatama: Perbincangan menarik di Quick Count Pilkada 2017 bersama @irakoesno. #NETPilkada https:\/\/t.co\/odbVw4uWMr""?
- iya
- tidak",tidak
1650,id_hatespeech,id_hatespeech_nusantara_text,20d3bb4f-5b68-4914-940e-154e4c227555,hate_or_noHate_zs_opt_apakah_yes_or_no,train,"Apakah teks berikut ini hatespeech ""Bersyukur menutup kampanye hari ini dengan berdoa agar PILKADA DKI Jakarta pada 15 Februari 2017 berjalan dengan lancar""?
- iya
- tidak",tidak
1651,id_hatespeech,id_hatespeech_nusantara_text,20d3bb4f-5b68-4914-940e-154e4c227555,hate_or_noHate_zs_opt_apakah_yes_or_no,train,"Apakah teks berikut ini hatespeech ""Julia Perez Kecewa Gagal Nyoblos Pilkada DKI 2017 di TPS 15 RSCM https:\/\/t.co\/vajPLioiek""?
- iya
- tidak",tidak
1652,id_hatespeech,id_hatespeech_nusantara_text,20d3bb4f-5b68-4914-940e-154e4c227555,hate_or_noHate_zs_opt_apakah_yes_or_no,train,"Apakah teks berikut ini hatespeech ""Disediakan Ambulans untuk Pasien Mencoblos pada Pilkada DKI 2017""?
- iya
- tidak",tidak
1653,id_hatespeech,id_hatespeech_nusantara_text,20d3bb4f-5b68-4914-940e-154e4c227555,hate_or_noHate_zs_opt_apakah_yes_or_no,train,"Apakah teks berikut ini hatespeech ""RT @miekarinayam: Saya bertanya apakah saya memang tak boleh ikut Pilkada 2017? Apakah saya kehilangan hak saya yg dijamin konstitusi?""?
- iya
- tidak",tidak
1654,id_hatespeech,id_hatespeech_nusantara_text,20d3bb4f-5b68-4914-940e-154e4c227555,hate_or_noHate_zs_opt_apakah_yes_or_no,train,"Apakah teks berikut ini hatespeech ""Ya Allah! Anis dan Sandi bakal jadi Gubernur DKI Jakarta terpilih di tahun ini""?
- iya
- tidak",tidak
1655,id_hatespeech,id_hatespeech_nusantara_text,20d3bb4f-5b68-4914-940e-154e4c227555,hate_or_noHate_zs_opt_apakah_yes_or_no,train,"Apakah teks berikut ini hatespeech ""Domisili gue di Jakpus bela-belain ke TPS yg berlokasi di Jakbar dgn bermodal e-KTP buat ikutan Pilkada 2017.""?
- iya
- tidak",tidak
1656,id_hatespeech,id_hatespeech_nusantara_text,20d3bb4f-5b68-4914-940e-154e4c227555,hate_or_noHate_zs_opt_apakah_yes_or_no,train,"Apakah teks berikut ini hatespeech ""RT @netmediatama: Presiden @jokowi menggunakan hak suaranya untuk Pilkada DKI Jakarta 2017 di TPS 4 Gambir Jakarta Pusat. #NETPilkada""?
- iya
- tidak",tidak
1657,id_hatespeech,id_hatespeech_nusantara_text,20d3bb4f-5b68-4914-940e-154e4c227555,hate_or_noHate_zs_opt_apakah_yes_or_no,train,"Apakah teks berikut ini hatespeech ""RT @boelatboelat: agree pak @basuki_btp kekuasaan itu Tuhan yang kasih, walau dijatuhkan, Tuhan akan menaikkan :) #MataNajwaDebatJakarta""?
- iya
- tidak",tidak
1658,id_hatespeech,id_hatespeech_nusantara_text,20d3bb4f-5b68-4914-940e-154e4c227555,hate_or_noHate_zs_opt_apakah_yes_or_no,train,"Apakah teks berikut ini hatespeech ""RT @AzzamBarbarossa: Akibat Nila Setitik Rusak Susu Sebelangga, Akibat Mulut Oknum Tak terdidik Rusak Juga Persatuan Bangsa. #IklanAhokJahat""?
- iya
- tidak",tidak
1659,id_hatespeech,id_hatespeech_nusantara_text,20d3bb4f-5b68-4914-940e-154e4c227555,hate_or_noHate_zs_opt_apakah_yes_or_no,train,"Apakah teks berikut ini hatespeech ""Mudah-mudahan Novel baswedan tidak alami kebutaan pada matanya. Kalau sampai buta, saya siap mendonorkan mata saya untuk dia.""?
- iya
- tidak",tidak
1660,id_hatespeech,id_hatespeech_nusantara_text,20d3bb4f-5b68-4914-940e-154e4c227555,hate_or_noHate_zs_opt_apakah_yes_or_no,train,"Apakah teks berikut ini hatespeech ""Mengapa mereka melakukan ini, apakah bisa merubah keadaan bagi para pemilih nanti ? #IklanAhokJahat""?
- iya
- tidak",tidak
1661,id_hatespeech,id_hatespeech_nusantara_text,20d3bb4f-5b68-4914-940e-154e4c227555,hate_or_noHate_zs_opt_apakah_yes_or_no,train,"Apakah teks berikut ini hatespeech ""RT @hariadhi: Siapa yg salah? Ahok? Iklannya? Bukan.. yang perlu diprotes adalah orang yg benar2 pake spanduk itu #IklanAhokJahat https://t""?
- iya
- tidak",tidak
1662,id_hatespeech,id_hatespeech_nusantara_text,20d3bb4f-5b68-4914-940e-154e4c227555,hate_or_noHate_zs_opt_apakah_yes_or_no,train,"Apakah teks berikut ini hatespeech ""Sampe sekarang gue blm ngerti dp rumah 0% itu gmn skemanya. Trs emg ada ya perbankan yg mau ngasih kredit rumah gak pakai dp? #debatfinalpilkadadki""?
- iya
- tidak",tidak
1663,id_hatespeech,id_hatespeech_nusantara_text,20d3bb4f-5b68-4914-940e-154e4c227555,hate_or_noHate_zs_opt_apakah_yes_or_no,train,"Apakah teks berikut ini hatespeech ""#debatfinalpilkadadki Bagi Anies gubernur adalah pemimpin, bukan administratur / pelayan masyarkt. Padahal melayani mencerminkan integritas.""?
- iya
- tidak",tidak
1664,id_hatespeech,id_hatespeech_nusantara_text,20d3bb4f-5b68-4914-940e-154e4c227555,hate_or_noHate_zs_opt_apakah_yes_or_no,train,"Apakah teks berikut ini hatespeech ""Kalimat Penutup Anies Ambisius, Ahok Minta Maaf, Karakter Tidak Bisa Bohong. #DebatPilkadaDKI #DebatFinalPilkadaDKI""?
- iya
- tidak",tidak
1665,id_hatespeech,id_hatespeech_nusantara_text,20d3bb4f-5b68-4914-940e-154e4c227555,hate_or_noHate_zs_opt_apakah_yes_or_no,train,"Apakah teks berikut ini hatespeech ""pertunjukan yang sangat membuat saya serius dan gak mau diganggu, selamat untuk pak @aniesbaswedan buat gagasan nya #MataNajwaDebatJakarta""?
- iya
- tidak",tidak
1666,id_hatespeech,id_hatespeech_nusantara_text,20d3bb4f-5b68-4914-940e-154e4c227555,hate_or_noHate_zs_opt_apakah_yes_or_no,train,"Apakah teks berikut ini hatespeech ""RT @BelaQuran: Kami tdk akan terprovokasi dgn sentimen dan jualan SARA mu itu, karena kami cinta Indonesia #IklanAhokJahat""?
- iya
- tidak",tidak
1667,id_hatespeech,id_hatespeech_nusantara_text,20d3bb4f-5b68-4914-940e-154e4c227555,hate_or_noHate_zs_opt_apakah_yes_or_no,train,"Apakah teks berikut ini hatespeech ""Semakin umat di suguhkan #IklanAhokJahat maka akan semakin terlihat siapa yang menebar kebencian terhadap kerukunan antar umat beragama""?
- iya
- tidak",tidak
1668,id_hatespeech,id_hatespeech_nusantara_text,20d3bb4f-5b68-4914-940e-154e4c227555,hate_or_noHate_zs_opt_apakah_yes_or_no,train,"Apakah teks berikut ini hatespeech ""Hampir semua polling Anies - Sandi yang menang. Semoga hari H nya juga demikian. #AniesSandi""?
- iya
- tidak",tidak
1669,id_hatespeech,id_hatespeech_nusantara_text,20d3bb4f-5b68-4914-940e-154e4c227555,hate_or_noHate_zs_opt_apakah_yes_or_no,train,"Apakah teks berikut ini hatespeech ""RT @anjisudirman: @fahiraidris Yg iklankan kampanye ahox adalah yg sama sebarin spanduk syariah dan brosur black campaign. #IklanAhokJahat""?
- iya
- tidak",tidak
1670,id_hatespeech,id_hatespeech_nusantara_text,20d3bb4f-5b68-4914-940e-154e4c227555,hate_or_noHate_zs_opt_apakah_yes_or_no,train,"Apakah teks berikut ini hatespeech ""Oke Oce akan menjadi brand dimana, semuanya menjadi OKe Oce, bahkan nanti ada kampung Oke Oce #debatfinalpilkadadki""?
- iya
- tidak",tidak
1671,id_hatespeech,id_hatespeech_nusantara_text,20d3bb4f-5b68-4914-940e-154e4c227555,hate_or_noHate_zs_opt_apakah_yes_or_no,train,"Apakah teks berikut ini hatespeech ""RT @BelaQuran: Sungguh sgt mengherankan, mengkampanyekan kebhinekaan tp dengan menyebarkan Islamophobia, kebhinekaan yg mana yg dimaksud?""?
- iya
- tidak",tidak
1672,id_hatespeech,id_hatespeech_nusantara_text,20d3bb4f-5b68-4914-940e-154e4c227555,hate_or_noHate_zs_opt_apakah_yes_or_no,train,"Apakah teks berikut ini hatespeech ""Debat Final Pilkada DKI Jakarta, Siapa yang Gagap, dan Siapa yang Tepat Menjawab - Adjat Sudradjat""?
- iya
- tidak",tidak
1673,id_hatespeech,id_hatespeech_nusantara_text,20d3bb4f-5b68-4914-940e-154e4c227555,hate_or_noHate_zs_opt_apakah_yes_or_no,train,"Apakah teks berikut ini hatespeech ""Jika persoalan pemimpin hanya dikaitkan dengan lisan, maka apa bedanya gubernur dengan anak-anak? #MataNajwaDebatJakarta""?
- iya
- tidak",tidak
1674,id_hatespeech,id_hatespeech_nusantara_text,20d3bb4f-5b68-4914-940e-154e4c227555,hate_or_noHate_zs_opt_apakah_yes_or_no,train,"Apakah teks berikut ini hatespeech ""Cerita Djarot ini diharapkan membuat para pendukung tetap berdamai. #debatfinalpilkadadki #temanahok #AniesSandi""?
- iya
- tidak",tidak
1675,id_hatespeech,id_hatespeech_nusantara_text,20d3bb4f-5b68-4914-940e-154e4c227555,hate_or_noHate_zs_opt_apakah_yes_or_no,train,"Apakah teks berikut ini hatespeech ""Cuman mau bilang sama yang serius banget ngetweet pakai hastag #IklanAhokJahat ""Gitu aja baper"".""?
- iya
- tidak",tidak
1676,id_hatespeech,id_hatespeech_nusantara_text,20d3bb4f-5b68-4914-940e-154e4c227555,hate_or_noHate_zs_opt_apakah_yes_or_no,train,"Apakah teks berikut ini hatespeech ""Ira Koesno Didekati Anies-Sandi Lalu Marahi Pendukung Paslon Saat Debat Pilkada DKI""?
- iya
- tidak",tidak
1677,id_hatespeech,id_hatespeech_nusantara_text,20d3bb4f-5b68-4914-940e-154e4c227555,hate_or_noHate_zs_opt_apakah_yes_or_no,train,"Apakah teks berikut ini hatespeech ""Alhamdulillah ya Allah SWT Semoga jakarta punya gubernur baru yg lebih bersahaja, bersahabat utk semuanya #AniesSandi""?
- iya
- tidak",tidak
1678,id_hatespeech,id_hatespeech_nusantara_text,20d3bb4f-5b68-4914-940e-154e4c227555,hate_or_noHate_zs_opt_apakah_yes_or_no,train,"Apakah teks berikut ini hatespeech ""Jelang larut semalam. Diskusi dengan aktifis Golkar tingkat kelurahan. Siap bergabung dalam pemenangan #AniesSandi""?
- iya
- tidak",tidak
1679,id_hatespeech,id_hatespeech_nusantara_text,20d3bb4f-5b68-4914-940e-154e4c227555,hate_or_noHate_zs_opt_apakah_yes_or_no,train,"Apakah teks berikut ini hatespeech ""RT @alayyubichoir: Sosok Anies Sandi harus diakui sgt mengayomi. Sangat kompeten utk membangun kerukukan & kebhinekaan di Jakarta""?
- iya
- tidak",tidak
1680,id_hatespeech,id_hatespeech_nusantara_text,20d3bb4f-5b68-4914-940e-154e4c227555,hate_or_noHate_zs_opt_apakah_yes_or_no,train,"Apakah teks berikut ini hatespeech ""RT @nielchen99: Ngomong manis memang gampang giliran kerja bingung #MataNajwaDebatJakarta""?
- iya
- tidak",tidak
1681,id_hatespeech,id_hatespeech_nusantara_text,20d3bb4f-5b68-4914-940e-154e4c227555,hate_or_noHate_zs_opt_apakah_yes_or_no,train,"Apakah teks berikut ini hatespeech ""19 April adalah saat yang penting bagi warga Jakarta untuk menentukan masa depan Ibukota""?
- iya
- tidak",tidak
1682,id_hatespeech,id_hatespeech_nusantara_text,20d3bb4f-5b68-4914-940e-154e4c227555,hate_or_noHate_zs_opt_apakah_yes_or_no,train,"Apakah teks berikut ini hatespeech ""RT @maharanisinta70: terimakasih Pak Anies pemaparantentang DP 0 ,memberi solusi bagi warga jakarta yang ingin punya rumah dan tidak nyewa terus.""?
- iya
- tidak",tidak
1683,id_hatespeech,id_hatespeech_nusantara_text,20d3bb4f-5b68-4914-940e-154e4c227555,hate_or_noHate_zs_opt_apakah_yes_or_no,train,"Apakah teks berikut ini hatespeech ""Yang aku perhatikan, Tim Mas @aniesbaswedan sibuk ngoceh tentang @basuki_btp dan programnya. Kenapa gak ngurus diri sendiri?""?
- iya
- tidak",tidak
1684,id_hatespeech,id_hatespeech_nusantara_text,20d3bb4f-5b68-4914-940e-154e4c227555,hate_or_noHate_zs_opt_apakah_yes_or_no,train,"Apakah teks berikut ini hatespeech ""kalo pilih gubernur yg jujur, kerja nyata,anti korupsi,tegas,pinter,mlyani rakyat iklas & peduli pilih ahok djarot,..""?
- iya
- tidak",tidak
1685,id_hatespeech,id_hatespeech_nusantara_text,20d3bb4f-5b68-4914-940e-154e4c227555,hate_or_noHate_zs_opt_apakah_yes_or_no,train,"Apakah teks berikut ini hatespeech ""RT @anies_sandi: Bisa merangkul dan menegakkan hukum. Kepemimpinan itu hadir dengan memberikan contoh & perbuatan - @aniesbaswedan""?
- iya
- tidak",tidak
1686,id_hatespeech,id_hatespeech_nusantara_text,20d3bb4f-5b68-4914-940e-154e4c227555,hate_or_noHate_zs_opt_apakah_yes_or_no,train,"Apakah teks berikut ini hatespeech ""Hasil kerja Ahok Djarot sungai di Jakarta kembali normal, bersih dan enak dipandang""?
- iya
- tidak",tidak
1687,id_hatespeech,id_hatespeech_nusantara_text,20d3bb4f-5b68-4914-940e-154e4c227555,hate_or_noHate_zs_opt_apakah_yes_or_no,train,"Apakah teks berikut ini hatespeech ""Ahok & Anies sama baiknya kok, sama bagusnya, sama okenya. Siapa yg kepilih yg menang tetap rakyat jakarta""?
- iya
- tidak",tidak
1688,id_hatespeech,id_hatespeech_nusantara_text,20d3bb4f-5b68-4914-940e-154e4c227555,hate_or_noHate_zs_opt_apakah_yes_or_no,train,"Apakah teks berikut ini hatespeech ""Semoga pak basuki bisa jadi presiden,agar Indonesia lebih maju.""?
- iya
- tidak",tidak
1689,id_hatespeech,id_hatespeech_nusantara_text,20d3bb4f-5b68-4914-940e-154e4c227555,hate_or_noHate_zs_opt_apakah_yes_or_no,train,"Apakah teks berikut ini hatespeech ""Allah SWT tdk butuh anda. Tapi Anda yang butuh Allah,Rezeki, hidup matimu. Allah yg tentukan. Mau khianati Allah? yakin gak nyesel? #SidangAhok""?
- iya
- tidak",tidak
1690,id_hatespeech,id_hatespeech_nusantara_text,20d3bb4f-5b68-4914-940e-154e4c227555,hate_or_noHate_zs_opt_apakah_yes_or_no,train,"Apakah teks berikut ini hatespeech ""#SidangAhok dilanjutkan dengan rekaman yang memuat kampanye Ahok di DPP Nasdem dan juga Pulau Seribu. | @adrieedu https://t.co/8P5P4DUcFG""?
- iya
- tidak",tidak
1691,id_hatespeech,id_hatespeech_nusantara_text,20d3bb4f-5b68-4914-940e-154e4c227555,hate_or_noHate_zs_opt_apakah_yes_or_no,train,"Apakah teks berikut ini hatespeech ""RT @JanurOmank2626: Ahok harus bebas demi hukum demi keadilan demi kelanjutan perbaikan DKI. Semoga hakim mmpunyai sense of justice""?
- iya
- tidak",tidak
1692,id_hatespeech,id_hatespeech_nusantara_text,20d3bb4f-5b68-4914-940e-154e4c227555,hate_or_noHate_zs_opt_apakah_yes_or_no,train,"Apakah teks berikut ini hatespeech ""Pembangkit Listrik Tenaga Panas Bumi Terbesar Dunia.. #CitiPeka #SidangAhok #Tebak2anHajiDjarot https://t.co/KtXdXZsh8H""?
- iya
- tidak",tidak
1693,id_hatespeech,id_hatespeech_nusantara_text,20d3bb4f-5b68-4914-940e-154e4c227555,hate_or_noHate_zs_opt_apakah_yes_or_no,train,"Apakah teks berikut ini hatespeech ""RT @findririn: Dan toleransi itu, ketika muslim bisa menjalankan perintah agamanya, dan non muslim juga bisa menjalankan agamanya.""?
- iya
- tidak",tidak
1694,id_hatespeech,id_hatespeech_nusantara_text,20d3bb4f-5b68-4914-940e-154e4c227555,hate_or_noHate_zs_opt_apakah_yes_or_no,train,"Apakah teks berikut ini hatespeech ""RT @findririn: Walaupun artinya teman setia, seharusnya lebih dihindari kalau jd pemimpin""?
- iya
- tidak",tidak
1695,id_hatespeech,id_hatespeech_nusantara_text,20d3bb4f-5b68-4914-940e-154e4c227555,hate_or_noHate_zs_opt_apakah_yes_or_no,train,"Apakah teks berikut ini hatespeech ""Semua kejujuran akan mendapatkan pahala dr surga #FreeAhok""?
- iya
- tidak",tidak
1696,id_hatespeech,id_hatespeech_nusantara_text,20d3bb4f-5b68-4914-940e-154e4c227555,hate_or_noHate_zs_opt_apakah_yes_or_no,train,"Apakah teks berikut ini hatespeech ""Seharusnya mah basuki sudah bebas ya kan? #FreeAhok https://t.co/Mw3k0vYweF""?
- iya
- tidak",tidak
1697,id_hatespeech,id_hatespeech_nusantara_text,20d3bb4f-5b68-4914-940e-154e4c227555,hate_or_noHate_zs_opt_apakah_yes_or_no,train,"Apakah teks berikut ini hatespeech ""RT @RuridaJihandari: Itu sidang apa drama korea sampe 20kali, lagi menunggu sidang ahok season 2 nih... Kayaknya goblin mah kalah pamornya""?
- iya
- tidak",tidak
1698,id_hatespeech,id_hatespeech_nusantara_text,20d3bb4f-5b68-4914-940e-154e4c227555,hate_or_noHate_zs_opt_apakah_yes_or_no,train,"Apakah teks berikut ini hatespeech ""Menurut Anda, Transportasi Online manakah dikatakan ""tarif murah, aman & nyaman"" melayani ???""?
- iya
- tidak",tidak
1699,id_hatespeech,id_hatespeech_nusantara_text,20d3bb4f-5b68-4914-940e-154e4c227555,hate_or_noHate_zs_opt_apakah_yes_or_no,train,"Apakah teks berikut ini hatespeech ""Nelayan Jakarta Sudah Disiapin Pulau Khusus oleh Pemda DKI #LunchBreak #SidangAhok""?
- iya
- tidak",tidak
1700,id_hatespeech,id_hatespeech_nusantara_text,20d3bb4f-5b68-4914-940e-154e4c227555,hate_or_noHate_zs_opt_apakah_yes_or_no,train,"Apakah teks berikut ini hatespeech ""Adakah Potensi Radikalisme di Pilgub DKI Jakarta? #LunchBreak #SidangAhok""?
- iya
- tidak",tidak
1701,id_hatespeech,id_hatespeech_nusantara_text,20d3bb4f-5b68-4914-940e-154e4c227555,hate_or_noHate_zs_opt_apakah_yes_or_no,train,"Apakah teks berikut ini hatespeech ""RT @NovenStjK: Siaran ulang #AhokDjarotDiRosi malam ini, saksikan yuk di @KompasTV #AhokDjarot #Temanahok""?
- iya
- tidak",tidak
1702,id_hatespeech,id_hatespeech_nusantara_text,20d3bb4f-5b68-4914-940e-154e4c227555,hate_or_noHate_zs_opt_apakah_yes_or_no,train,"Apakah teks berikut ini hatespeech ""cuma org"" yg salah saja yg takut dgn doa itu,anda salah?? kenapa takut??? bertobatlah sebelum doa itu dinyatakan,""?
- iya
- tidak",tidak
1703,id_hatespeech,id_hatespeech_nusantara_text,20d3bb4f-5b68-4914-940e-154e4c227555,hate_or_noHate_zs_opt_apakah_yes_or_no,train,"Apakah teks berikut ini hatespeech ""Selamat Pagi met aktifitas happy weekend Semoga kita jadi orang jujur biar hidup slalu mujur Aamiin #FreeAhok""?
- iya
- tidak",tidak
1704,id_hatespeech,id_hatespeech_nusantara_text,20d3bb4f-5b68-4914-940e-154e4c227555,hate_or_noHate_zs_opt_apakah_yes_or_no,train,"Apakah teks berikut ini hatespeech ""Ahok dituntut 1 tahun penjara. Kemungkinan akan divonis bebas. Masalahnya, warga DKI terlanjur kehilangan pemimpin terbaik. #FreeAhok""?
- iya
- tidak",tidak
1705,id_hatespeech,id_hatespeech_nusantara_text,20d3bb4f-5b68-4914-940e-154e4c227555,hate_or_noHate_zs_opt_apakah_yes_or_no,train,"Apakah teks berikut ini hatespeech ""Alhamdulillah tuntutan jaksa hanya 1 tahun masa percobaan 2 tahun yg artinya sbnrnya jaksa mengakui kalo Ahok itu tak bersalah #FreeAhok""?
- iya
- tidak",tidak
1706,id_hatespeech,id_hatespeech_nusantara_text,20d3bb4f-5b68-4914-940e-154e4c227555,hate_or_noHate_zs_opt_apakah_yes_or_no,train,"Apakah teks berikut ini hatespeech ""Kalah atau menang #tetapahok. Terimakasih krn banyak ngasih pelajaran bagaimana kerja keras utk rakyat dgn bersih.""?
- iya
- tidak",tidak
1707,id_hatespeech,id_hatespeech_nusantara_text,20d3bb4f-5b68-4914-940e-154e4c227555,hate_or_noHate_zs_opt_apakah_yes_or_no,train,"Apakah teks berikut ini hatespeech ""Pilkada Serentak, Megawati Hanya Minta Jangan ada Intimidasi dan Politik Uang https:\/\/t.co\/zHhvJ4qrrY""?
- iya
- tidak",tidak
1708,id_hatespeech,id_hatespeech_nusantara_text,20d3bb4f-5b68-4914-940e-154e4c227555,hate_or_noHate_zs_opt_apakah_yes_or_no,train,"Apakah teks berikut ini hatespeech ""#thw911 Saat Anies-Sandiaga Minta Doa Ustaz untuk Debat Pilkada https:\/\/t.co\/2odlrYteU1""?
- iya
- tidak",tidak
1709,id_hatespeech,id_hatespeech_nusantara_text,20d3bb4f-5b68-4914-940e-154e4c227555,hate_or_noHate_zs_opt_apakah_yes_or_no,train,"Apakah teks berikut ini hatespeech ""Jangan pernah lelah mengabdi untuk Indonesia Pak @basuki_btp. #TetapAhok!""?
- iya
- tidak",tidak
1710,id_hatespeech,id_hatespeech_nusantara_text,20d3bb4f-5b68-4914-940e-154e4c227555,hate_or_noHate_zs_opt_apakah_yes_or_no,train,"Apakah teks berikut ini hatespeech ""@LaitsSaja Jika Menang, Anies Siap Rangkul Paslon Lain Jika menang dalam kontestasi Pilkada https:\/\/t.co\/KG40YTelWX""?
- iya
- tidak",tidak
1711,id_hatespeech,id_hatespeech_nusantara_text,20d3bb4f-5b68-4914-940e-154e4c227555,hate_or_noHate_zs_opt_apakah_yes_or_no,train,"Apakah teks berikut ini hatespeech ""@LaitsSaja TNI-Polri Bersinergi Jaga Keamanan Jelang Pilkada DKI TNI dan Polri terus bersin https:\/\/t.co\/HP77I9lffG""?
- iya
- tidak",tidak
1712,id_hatespeech,id_hatespeech_nusantara_text,20d3bb4f-5b68-4914-940e-154e4c227555,hate_or_noHate_zs_opt_apakah_yes_or_no,train,"Apakah teks berikut ini hatespeech ""@novie_wednes72r Bismillah Inshaa ALLAH Agus Sylvi menang Pilkada DKI 1putaran dan jadi pemimpin yg amanah dan mencintai rakyat jakarta.""?
- iya
- tidak",tidak
1713,id_hatespeech,id_hatespeech_nusantara_text,20d3bb4f-5b68-4914-940e-154e4c227555,hate_or_noHate_zs_opt_apakah_yes_or_no,train,"Apakah teks berikut ini hatespeech ""Trima kasih pak uda bikin jakarta lebih baik selama bapak menjabat....""?
- iya
- tidak",tidak
1714,id_hatespeech,id_hatespeech_nusantara_text,20d3bb4f-5b68-4914-940e-154e4c227555,hate_or_noHate_zs_opt_apakah_yes_or_no,train,"Apakah teks berikut ini hatespeech ""@nu_online sikap yang jelas dan tegas demi ketertiban dan keamanan ibu kota negara menjelang pilkada dki jakarta""?
- iya
- tidak",tidak
1715,id_hatespeech,id_hatespeech_nusantara_text,20d3bb4f-5b68-4914-940e-154e4c227555,hate_or_noHate_zs_opt_apakah_yes_or_no,train,"Apakah teks berikut ini hatespeech ""Rencana Tuhan lebih baik dari rencana manusia. Mungkin Ahok bs bekerja kebih baik di posisi lain""?
- iya
- tidak",tidak
1716,id_hatespeech,id_hatespeech_nusantara_text,20d3bb4f-5b68-4914-940e-154e4c227555,hate_or_noHate_zs_opt_apakah_yes_or_no,train,"Apakah teks berikut ini hatespeech ""walau kalah tp aku tetap merasa terhormat mendukung BADJA #TerimakasihAhok""?
- iya
- tidak",tidak
1717,id_hatespeech,id_hatespeech_nusantara_text,20d3bb4f-5b68-4914-940e-154e4c227555,hate_or_noHate_zs_opt_apakah_yes_or_no,train,"Apakah teks berikut ini hatespeech ""Basuki TP Ahok Wawancara informal dengan wartawan Balaikota: https:\/\/t.co\/g7iB5H5RUL""?
- iya
- tidak",tidak
1718,id_hatespeech,id_hatespeech_nusantara_text,20d3bb4f-5b68-4914-940e-154e4c227555,hate_or_noHate_zs_opt_apakah_yes_or_no,train,"Apakah teks berikut ini hatespeech ""Terimakasih Pak Ahok @basuki_btp #tetapahok karena kita memang siap kalah, dan selamat buat Gubernur baru""?
- iya
- tidak",tidak
1719,id_hatespeech,id_hatespeech_nusantara_text,20d3bb4f-5b68-4914-940e-154e4c227555,hate_or_noHate_zs_opt_apakah_yes_or_no,train,"Apakah teks berikut ini hatespeech ""LUCU !! Yuk Melihat AHOK Promosikan Musik Dangdut Kepada Tamu Mancanegara""?
- iya
- tidak",tidak
1720,id_hatespeech,id_hatespeech_nusantara_text,20d3bb4f-5b68-4914-940e-154e4c227555,hate_or_noHate_zs_opt_apakah_yes_or_no,train,"Apakah teks berikut ini hatespeech ""Minggu Tenang Pilkada, Ahok Fokus Kerja di Balai Kota: Peresmian-peresmian RPTRA CSR ditunda.""?
- iya
- tidak",tidak
1721,id_hatespeech,id_hatespeech_nusantara_text,20d3bb4f-5b68-4914-940e-154e4c227555,hate_or_noHate_zs_opt_apakah_yes_or_no,train,"Apakah teks berikut ini hatespeech ""MANTAB !! AHOK dan Pemprov DKI Jakarta Terjunkan Alat Berat Untuk Keruk Sampah di Waduk Pluit""?
- iya
- tidak",tidak
1722,id_hatespeech,id_hatespeech_nusantara_text,20d3bb4f-5b68-4914-940e-154e4c227555,hate_or_noHate_zs_opt_apakah_yes_or_no,train,"Apakah teks berikut ini hatespeech ""Pagi Ini Polrestro Bekasi Gelar Pasukan Pilkada https:\/\/t.co\/ypRv5nNjSb""?
- iya
- tidak",tidak
1723,id_hatespeech,id_hatespeech_nusantara_text,20d3bb4f-5b68-4914-940e-154e4c227555,hate_or_noHate_zs_opt_apakah_yes_or_no,train,"Apakah teks berikut ini hatespeech ""Pak @basuki_btp saya hanya bantu menyampaikan. Sbg orang2 di sekitar Pak Ahok bisa menyampaikan ke beliau. @kurawa. #BlusukanAhok #Gue2""?
- iya
- tidak",tidak
1724,id_hatespeech,id_hatespeech_nusantara_text,20d3bb4f-5b68-4914-940e-154e4c227555,hate_or_noHate_zs_opt_apakah_yes_or_no,train,"Apakah teks berikut ini hatespeech ""pak ahok kalau anda jadi gubernur jangan lupa anda harus bangun provinsi Jambi buat lahan petani semua, dan jln kreta api jambi, riau, lampung""?
- iya
- tidak",tidak
1725,id_hatespeech,id_hatespeech_nusantara_text,20d3bb4f-5b68-4914-940e-154e4c227555,hate_or_noHate_zs_opt_apakah_yes_or_no,train,"Apakah teks berikut ini hatespeech ""Partai Nasdem Optimis Menang di Pilkada Serentak 2017 https:\/\/t.co\/EOAzcxai94""?
- iya
- tidak",tidak
1726,id_hatespeech,id_hatespeech_nusantara_text,20d3bb4f-5b68-4914-940e-154e4c227555,hate_or_noHate_zs_opt_apakah_yes_or_no,train,"Apakah teks berikut ini hatespeech ""biar kalah, tetap bangga. Sabar n iklas menerima nya. Masih bnyak jabatan lain untuk pak ahok. #TetapAhok""?
- iya
- tidak",tidak
1727,id_hatespeech,id_hatespeech_nusantara_text,20d3bb4f-5b68-4914-940e-154e4c227555,hate_or_noHate_zs_opt_apakah_yes_or_no,train,"Apakah teks berikut ini hatespeech ""Sabar n iklas ya pak. Apa pun hasil nya. Kita tetap dukung. Di mna pun/jabatn apa pun yg bpk emban nanti. #TetapAhok""?
- iya
- tidak",tidak
1728,id_hatespeech,id_hatespeech_nusantara_text,20d3bb4f-5b68-4914-940e-154e4c227555,hate_or_noHate_zs_opt_apakah_yes_or_no,train,"Apakah teks berikut ini hatespeech ""Wlaupun kita tak kenal,saya yakini slama ini kamu tlah bkerja kras tuk sebuah nilai yg diperjuangkan.""?
- iya
- tidak",tidak
1729,id_hatespeech,id_hatespeech_nusantara_text,20d3bb4f-5b68-4914-940e-154e4c227555,hate_or_noHate_zs_opt_apakah_yes_or_no,train,"Apakah teks berikut ini hatespeech ""RT @ahokdijegal: Kita mgk bs mendukung dia dlm hal kejujuran dan niat baik utk melayani warga, tapi gantiin dia dlm hal pekerjaan""?
- iya
- tidak",tidak
1730,id_hatespeech,id_hatespeech_nusantara_text,20d3bb4f-5b68-4914-940e-154e4c227555,hate_or_noHate_zs_opt_apakah_yes_or_no,train,"Apakah teks berikut ini hatespeech ""Puluhan Personel Brimob Nunukan Diberangkatkan, Amankan Pilkada di Dua Provinsi""?
- iya
- tidak",tidak
1731,id_hatespeech,id_hatespeech_nusantara_text,20d3bb4f-5b68-4914-940e-154e4c227555,hate_or_noHate_zs_opt_apakah_yes_or_no,train,"Apakah teks berikut ini hatespeech ""@basuki_btp sing sabar pak.. Simpen energi bapak untuk bagian lain Indonesia... Gusti Allah mboten sare pak...""?
- iya
- tidak",tidak
1732,id_hatespeech,id_hatespeech_nusantara_text,20d3bb4f-5b68-4914-940e-154e4c227555,hate_or_noHate_zs_opt_apakah_yes_or_no,train,"Apakah teks berikut ini hatespeech ""Karena saya memilih dengan sehat maka saya kompensasikan dengan sarapan pagi yang, uhm, secara umum gak sehat. IMPAS""?
- iya
- tidak",tidak
1733,id_hatespeech,id_hatespeech_nusantara_text,20d3bb4f-5b68-4914-940e-154e4c227555,hate_or_noHate_zs_opt_apakah_yes_or_no,train,"Apakah teks berikut ini hatespeech ""RT @Aktualco: Mahfud MD Heran, UU Pemda Sangat Jelas Tapi Mendagri Keukeuh Pertahankan Ahok""?
- iya
- tidak",tidak
1734,id_hatespeech,id_hatespeech_nusantara_text,20d3bb4f-5b68-4914-940e-154e4c227555,hate_or_noHate_zs_opt_apakah_yes_or_no,train,"Apakah teks berikut ini hatespeech ""RT @AlissaWahid: Tuips, Ibu Sinta Nuriyah tidak pernah mengeluarkan pernyataan terkait pilkada DKI""?
- iya
- tidak",tidak
1735,id_hatespeech,id_hatespeech_nusantara_text,20d3bb4f-5b68-4914-940e-154e4c227555,hate_or_noHate_zs_opt_apakah_yes_or_no,train,"Apakah teks berikut ini hatespeech ""RT @AmaliaAmelCute2: Lebih tambah jatuh hati deh jadinya Tak bisa berpaling ke pilihan yg lain Tetap ke pak ahok -Djarotlah yg terbaik""?
- iya
- tidak",tidak
1736,id_hatespeech,id_hatespeech_nusantara_text,20d3bb4f-5b68-4914-940e-154e4c227555,hate_or_noHate_zs_opt_apakah_yes_or_no,train,"Apakah teks berikut ini hatespeech ""RT @AnakBaranusa: Yoi... Yang Jelas Pemenagnya itu hanya satu pasang calon, buka dua apa lagi tiga. 1, 2 dan 3 memiliki Peluang yg sama""?
- iya
- tidak",tidak
1737,id_hatespeech,id_hatespeech_nusantara_text,20d3bb4f-5b68-4914-940e-154e4c227555,hate_or_noHate_zs_opt_apakah_yes_or_no,train,"Apakah teks berikut ini hatespeech ""RT @AT_AbdillahToha: Aksi 112 tampaknya akan diubah jadi zikir pilkada. Sejauh yg saya tahu, zikir adalah ibadah dekatkan diri ke Allah.""?
- iya
- tidak",tidak
1738,id_hatespeech,id_hatespeech_nusantara_text,20d3bb4f-5b68-4914-940e-154e4c227555,hate_or_noHate_zs_opt_apakah_yes_or_no,train,"Apakah teks berikut ini hatespeech ""RT @blogdokter: Janganlah karena pilkada dan kepentingan politik sesaat, persahabatan dan persaudaraan kita terputus | Kita adalah saudara.""?
- iya
- tidak",tidak
1739,id_hatespeech,id_hatespeech_nusantara_text,20d3bb4f-5b68-4914-940e-154e4c227555,hate_or_noHate_zs_opt_apakah_yes_or_no,train,"Apakah teks berikut ini hatespeech ""RT @Brani2000: Pilkada di Beltim di kampung sendiri ahok hanya 33% suara. Di Babel kalah telak. Pilkada di DKI? paling cuma 3% suara""?
- iya
- tidak",tidak
1740,id_hatespeech,id_hatespeech_nusantara_text,20d3bb4f-5b68-4914-940e-154e4c227555,hate_or_noHate_zs_opt_apakah_yes_or_no,train,"Apakah teks berikut ini hatespeech ""RT @digembok: Ya allah... Beneran... Pak ahok akhirnya samperin si emak...""?
- iya
- tidak",tidak
1741,id_hatespeech,id_hatespeech_nusantara_text,20d3bb4f-5b68-4914-940e-154e4c227555,hate_or_noHate_zs_opt_apakah_yes_or_no,train,"Apakah teks berikut ini hatespeech ""Terimakasih Pak @basukibtp untuk 5 tahunnya, 3 tahun sbg wakil gubernur & 2 tahun sbg gubernur!""?
- iya
- tidak",tidak
1742,id_hatespeech,id_hatespeech_nusantara_text,20d3bb4f-5b68-4914-940e-154e4c227555,hate_or_noHate_zs_opt_apakah_yes_or_no,train,"Apakah teks berikut ini hatespeech ""RT @eliya_mkom: kesimpulannya tuips, mari kita menangkan Agus Sylvi SATU Putaran, gak perlu pakai 2 putaran segala, cuma habiskan waktu""?
- iya
- tidak",tidak
1743,id_hatespeech,id_hatespeech_nusantara_text,20d3bb4f-5b68-4914-940e-154e4c227555,hate_or_noHate_zs_opt_apakah_yes_or_no,train,"Apakah teks berikut ini hatespeech ""Dan selamat atas kemenangannya untuk bapak Anies & Sandi. Semoga Jakarta bisa bersatu lagi""?
- iya
- tidak",tidak
1744,id_hatespeech,id_hatespeech_nusantara_text,20d3bb4f-5b68-4914-940e-154e4c227555,hate_or_noHate_zs_opt_apakah_yes_or_no,train,"Apakah teks berikut ini hatespeech ""Bangga masih memiliki putra bangsa seperti pak Basuki dan pak Jarot.""?
- iya
- tidak",tidak
1745,id_hatespeech,id_hatespeech_nusantara_text,20d3bb4f-5b68-4914-940e-154e4c227555,hate_or_noHate_zs_opt_apakah_yes_or_no,train,"Apakah teks berikut ini hatespeech ""Temen-temen, apapun pilihannya, masih ada kehidupan setelah pilkada. Mari saling merangkul & saatnya Jakarta maju dan bahagia bersama.""?
- iya
- tidak",tidak
1746,id_hatespeech,id_hatespeech_nusantara_text,20d3bb4f-5b68-4914-940e-154e4c227555,hate_or_noHate_zs_opt_apakah_yes_or_no,train,"Apakah teks berikut ini hatespeech ""Selamat atas status barunya pak #Aniessandi, semangat ya pak, semoga semua sesuai dengan janjinya""?
- iya
- tidak",tidak
1747,id_hatespeech,id_hatespeech_nusantara_text,20d3bb4f-5b68-4914-940e-154e4c227555,hate_or_noHate_zs_opt_apakah_yes_or_no,train,"Apakah teks berikut ini hatespeech ""Pak ahok @basukibtp tetep semangat yaaa, saya akan selalu menghargai kerja keras bapak dan saya ucapkan selamat atas kemenangan paslon nomor 3 yaitu #AniesSandi!""?
- iya
- tidak",tidak
1748,id_hatespeech,id_hatespeech_nusantara_text,20d3bb4f-5b68-4914-940e-154e4c227555,hate_or_noHate_zs_opt_apakah_yes_or_no,train,"Apakah teks berikut ini hatespeech ""Terima kasih pak ahok pak djarot kami bangga perna di pimpin sama bapak berdua...tetap semangat...sukses terus pak""?
- iya
- tidak",tidak
1749,id_hatespeech,id_hatespeech_nusantara_text,20d3bb4f-5b68-4914-940e-154e4c227555,hate_or_noHate_zs_opt_apakah_yes_or_no,train,"Apakah teks berikut ini hatespeech ""Terima kasih Pak Ahok-Djarot telah bersama kami beberapa tahun ini""?
- iya
- tidak",tidak
1750,id_hatespeech,id_hatespeech_nusantara_text,20d3bb4f-5b68-4914-940e-154e4c227555,hate_or_noHate_zs_opt_apakah_yes_or_no,train,"Apakah teks berikut ini hatespeech ""RT @FerpuAdvocates: Sumarsono: Gaya Pak Ahok yg Kerja Keras Patut Dicontoh dan itu Bagus!!!""?
- iya
- tidak",tidak
1751,id_hatespeech,id_hatespeech_nusantara_text,20d3bb4f-5b68-4914-940e-154e4c227555,hate_or_noHate_zs_opt_apakah_yes_or_no,train,"Apakah teks berikut ini hatespeech ""RT @Franstone888: Klo semua mau jujur dan pake hati nurani, Ahok adlh yg terbaik buat Jakarta. Gubernur yg jujur dan benar2 perhatian pd warga""?
- iya
- tidak",tidak
1752,id_hatespeech,id_hatespeech_nusantara_text,20d3bb4f-5b68-4914-940e-154e4c227555,hate_or_noHate_zs_opt_apakah_yes_or_no,train,"Apakah teks berikut ini hatespeech ""Pak Ahok the best aku salut sama pak orang nya sabar dengan cobaan dari tuhan Pak Ahok is the best""?
- iya
- tidak",tidak
1753,id_hatespeech,id_hatespeech_nusantara_text,20d3bb4f-5b68-4914-940e-154e4c227555,hate_or_noHate_zs_opt_apakah_yes_or_no,train,"Apakah teks berikut ini hatespeech ""RT @hariadhi: Makasih Pak Ahok, sudah ajarkan kami makna peduli sama rakyat. Andai di masa depan saya dpt kesempatan""?
- iya
- tidak",tidak
1754,id_hatespeech,id_hatespeech_nusantara_text,20d3bb4f-5b68-4914-940e-154e4c227555,hate_or_noHate_zs_opt_apakah_yes_or_no,train,"Apakah teks berikut ini hatespeech ""RT @IpungLombok: Hadeuuuh.. Kenapa jadi gaduh gini Pilkada DKI ya... Padahal Pilkada serentak 2015 lalu aman aman saja?""?
- iya
- tidak",tidak
1755,id_hatespeech,id_hatespeech_nusantara_text,20d3bb4f-5b68-4914-940e-154e4c227555,hate_or_noHate_zs_opt_apakah_yes_or_no,train,"Apakah teks berikut ini hatespeech ""RT @MbakNevi: Masyarakat Transportasi Jakarta dukung Ahok-Djarot, https:\/\/t.co\/7fdwk8XvCB""?
- iya
- tidak",tidak
1756,id_hatespeech,id_hatespeech_nusantara_text,20d3bb4f-5b68-4914-940e-154e4c227555,hate_or_noHate_zs_opt_apakah_yes_or_no,train,"Apakah teks berikut ini hatespeech ""Saya sudah tidak tertarik melihat Debat Pilkada DKI, namun ada yang menarik. Salah satu Cagub sering mengepalkan tangan pada saat menjelas""?
- iya
- tidak",tidak
1757,id_hatespeech,id_hatespeech_nusantara_text,20d3bb4f-5b68-4914-940e-154e4c227555,hate_or_noHate_zs_opt_apakah_yes_or_no,train,"Apakah teks berikut ini hatespeech ""Semangat terus. Maju terus di dalam TUHAN. God Bless you more and forever bpk ahok dan family""?
- iya
- tidak",tidak
1758,id_hatespeech,id_hatespeech_nusantara_text,20d3bb4f-5b68-4914-940e-154e4c227555,hate_or_noHate_zs_opt_apakah_yes_or_no,train,"Apakah teks berikut ini hatespeech ""Selamat bertugas pak Anis, semoga Jakarta menjadi lebih baik lagi!""?
- iya
- tidak",tidak
1759,id_hatespeech,id_hatespeech_nusantara_text,20d3bb4f-5b68-4914-940e-154e4c227555,hate_or_noHate_zs_opt_apakah_yes_or_no,train,"Apakah teks berikut ini hatespeech ""@aniesbaswedan @sandiuno selamat ya pak, kami tunggu program terealisasi. Jangan kecewakan Jakarta""?
- iya
- tidak",tidak
1760,id_hatespeech,id_hatespeech_nusantara_text,20d3bb4f-5b68-4914-940e-154e4c227555,hate_or_noHate_zs_opt_apakah_yes_or_no,train,"Apakah teks berikut ini hatespeech ""Saya selalu mendoakan yg terbaik untk bapak dan bapak juga mendapatkan banyak ucapan dari saudara di gaza palestina""?
- iya
- tidak",tidak
1761,id_hatespeech,id_hatespeech_nusantara_text,20d3bb4f-5b68-4914-940e-154e4c227555,hate_or_noHate_zs_opt_apakah_yes_or_no,train,"Apakah teks berikut ini hatespeech ""Selamat untk bpk @aniesbaswedan & @sandiagauno atas kemenangannya. Semoga allah memberkahi disetiap langkah yg bapak ambil aminnn salam3jari""?
- iya
- tidak",tidak
1762,id_hatespeech,id_hatespeech_nusantara_text,20d3bb4f-5b68-4914-940e-154e4c227555,hate_or_noHate_zs_opt_apakah_yes_or_no,train,"Apakah teks berikut ini hatespeech ""RT @netmediatama: Mereka telah siap berikan yang terbaik di ajang debat terbuka!""?
- iya
- tidak",tidak
1763,id_hatespeech,id_hatespeech_nusantara_text,20d3bb4f-5b68-4914-940e-154e4c227555,hate_or_noHate_zs_opt_apakah_yes_or_no,train,"Apakah teks berikut ini hatespeech ""Pak anies dan pak @sandiuno selamat ya sudah terpilih jd gubernur dan wagub Jakarta.""?
- iya
- tidak",tidak
1764,id_hatespeech,id_hatespeech_nusantara_text,20d3bb4f-5b68-4914-940e-154e4c227555,hate_or_noHate_zs_opt_apakah_yes_or_no,train,"Apakah teks berikut ini hatespeech ""RT @PartaiSocmed: Kejahatan perbankan yg di spin oleh tim AHY untuk kepentingan pilkada""?
- iya
- tidak",tidak
1765,id_hatespeech,id_hatespeech_nusantara_text,20d3bb4f-5b68-4914-940e-154e4c227555,hate_or_noHate_zs_opt_apakah_yes_or_no,train,"Apakah teks berikut ini hatespeech ""RT @swamediumcom: Agus-Sylvi Diprediksi Maju di Putaran Kedua Pilkada DKI versi Survey GRP""?
- iya
- tidak",tidak
1766,id_hatespeech,id_hatespeech_nusantara_text,20d3bb4f-5b68-4914-940e-154e4c227555,hate_or_noHate_zs_opt_apakah_yes_or_no,train,"Apakah teks berikut ini hatespeech ""RT @temanAhok: Alhamdulillah sambutan antusias warga di tiap blusukan pak Ahok selalu real. Ngga ada settingan.""?
- iya
- tidak",tidak
1767,id_hatespeech,id_hatespeech_nusantara_text,20d3bb4f-5b68-4914-940e-154e4c227555,hate_or_noHate_zs_opt_apakah_yes_or_no,train,"Apakah teks berikut ini hatespeech ""Sampai detik ini pak ahok masih harapan terbesar saya #prayforjakarta""?
- iya
- tidak",tidak
1768,id_hatespeech,id_hatespeech_nusantara_text,20d3bb4f-5b68-4914-940e-154e4c227555,hate_or_noHate_zs_opt_apakah_yes_or_no,train,"Apakah teks berikut ini hatespeech ""Tuhan punya rencana yg indah buat Pak Ahok dan Pak Djarot""?
- iya
- tidak",tidak
1769,id_hatespeech,id_hatespeech_nusantara_text,20d3bb4f-5b68-4914-940e-154e4c227555,hate_or_noHate_zs_opt_apakah_yes_or_no,train,"Apakah teks berikut ini hatespeech ""Selamat dan terima kasih banyak untuk pak Ahok dan pak Djarot yg sudah menunjukan bahwa negara ini masih punya orang2 baik""?
- iya
- tidak",tidak
1770,id_hatespeech,id_hatespeech_nusantara_text,20d3bb4f-5b68-4914-940e-154e4c227555,hate_or_noHate_zs_opt_apakah_yes_or_no,train,"Apakah teks berikut ini hatespeech ""Terima kasih pak atas segala kebaikan untuk jakarta yang sudah kalian tancapkan di hati warga jakarta""?
- iya
- tidak",tidak
1771,id_hatespeech,id_hatespeech_nusantara_text,20d3bb4f-5b68-4914-940e-154e4c227555,hate_or_noHate_zs_opt_apakah_yes_or_no,train,"Apakah teks berikut ini hatespeech ""Pasti bapak anies sandi kemungkinan besar menang""?
- iya
- tidak",tidak
1772,id_hatespeech,id_hatespeech_nusantara_text,20d3bb4f-5b68-4914-940e-154e4c227555,hate_or_noHate_zs_opt_apakah_yes_or_no,train,"Apakah teks berikut ini hatespeech ""Terima kasih. Kepada pendukung kami, percayalah... Tuhan tahu yang terbaik. #JakartaPunyaSemua""?
- iya
- tidak",tidak
1773,id_hatespeech,id_hatespeech_nusantara_text,20d3bb4f-5b68-4914-940e-154e4c227555,hate_or_noHate_zs_opt_apakah_yes_or_no,train,"Apakah teks berikut ini hatespeech ""Gubernur dan wakil gubernur terbaik yang pernah jakarta miliki.""?
- iya
- tidak",tidak
1774,id_hatespeech,id_hatespeech_nusantara_text,20d3bb4f-5b68-4914-940e-154e4c227555,hate_or_noHate_zs_opt_apakah_yes_or_no,train,"Apakah teks berikut ini hatespeech ""RT @triwul82: Jelang Akhir Masa Tugas, Plt Gubernur DKI Akui Kinerja Ahok https:\/\/t.co\/04ihgI5cwZ""?
- iya
- tidak",tidak
1775,id_hatespeech,id_hatespeech_nusantara_text,20d3bb4f-5b68-4914-940e-154e4c227555,hate_or_noHate_zs_opt_apakah_yes_or_no,train,"Apakah teks berikut ini hatespeech ""RT @Wolfcrime: Pendukung yang Telah Dibaiat tapi Tak Pilih Agus-Sylvi Akan Terima Risikonya""?
- iya
- tidak",tidak
1776,id_hatespeech,id_hatespeech_nusantara_text,20d3bb4f-5b68-4914-940e-154e4c227555,hate_or_noHate_zs_opt_apakah_yes_or_no,train,"Apakah teks berikut ini hatespeech ""Mutiara tetap mutiara Pak Ahok Djarot. Tuhan pny rencana yg lebih dahsyat utk Bapak ber2 utk Indonesia. Maju terus.""?
- iya
- tidak",tidak
1777,id_hatespeech,id_hatespeech_nusantara_text,20d3bb4f-5b68-4914-940e-154e4c227555,hate_or_noHate_zs_opt_apakah_yes_or_no,train,"Apakah teks berikut ini hatespeech ""Tuhan percayakan hal yang lebih Besar lagi kepada Pak Ahok selain hanya menjadi Gubernur Dki jakarta.""?
- iya
- tidak",tidak
1778,id_hatespeech,id_hatespeech_nusantara_text,20d3bb4f-5b68-4914-940e-154e4c227555,hate_or_noHate_zs_opt_apakah_yes_or_no,train,"Apakah teks berikut ini hatespeech ""I LOVE YOU PAK AHOK.AKU HANYA BISA BERDOA SEMOGA TUHAN MEMBERKATI. SALAM 2 JARI UNTUK PA AHOK I LOVE YOU""?
- iya
- tidak",tidak
1779,id_hatespeech,id_hatespeech_nusantara_text,20d3bb4f-5b68-4914-940e-154e4c227555,hate_or_noHate_zs_opt_apakah_yes_or_no,train,"Apakah teks berikut ini hatespeech ""Survei Terbaru: Anies-Sandi Melejit Jauh Tinggalkan Ahok-Djarot https:\/\/t.co\/2IHhuzPsbF""?
- iya
- tidak",tidak
1780,id_hatespeech,id_hatespeech_nusantara_text,20d3bb4f-5b68-4914-940e-154e4c227555,hate_or_noHate_zs_opt_apakah_yes_or_no,train,"Apakah teks berikut ini hatespeech ""Aku akui pak ahok itu tangguh sekali dan apa adanya""?
- iya
- tidak",tidak
1781,id_hatespeech,id_hatespeech_nusantara_text,20d3bb4f-5b68-4914-940e-154e4c227555,hate_or_noHate_zs_opt_apakah_yes_or_no,train,"Apakah teks berikut ini hatespeech ""saya selalu mendukung dan berdoa untukmu ahokdjarot terimakasih""?
- iya
- tidak",tidak
1782,id_hatespeech,id_hatespeech_nusantara_text,20d3bb4f-5b68-4914-940e-154e4c227555,hate_or_noHate_zs_opt_apakah_yes_or_no,train,"Apakah teks berikut ini hatespeech ""Meski Badj tak lagi menjadi pelayan rakyat...kami selalu berdoa terbaik buat Badja. Kami bangga pernah memiliki kalian.""?
- iya
- tidak",tidak
1783,id_hatespeech,id_hatespeech_nusantara_text,20d3bb4f-5b68-4914-940e-154e4c227555,hate_or_noHate_zs_opt_apakah_yes_or_no,train,"Apakah teks berikut ini hatespeech ""Mudah2han pak ahok jadi nomor satu di Indonesia""?
- iya
- tidak",tidak
1784,id_hatespeech,id_hatespeech_nusantara_text,20d3bb4f-5b68-4914-940e-154e4c227555,hate_or_noHate_zs_opt_apakah_yes_or_no,train,"Apakah teks berikut ini hatespeech ""TPS Paslon Pilkada DKI Akan Dijaga Ketat""?
- iya
- tidak",tidak
1785,id_hatespeech,id_hatespeech_nusantara_text,20d3bb4f-5b68-4914-940e-154e4c227555,hate_or_noHate_zs_opt_apakah_yes_or_no,train,"Apakah teks berikut ini hatespeech ""saya bukan penduduk jakarta. tapi saya kagum pada sosok ahok dan jarot.allah memang punya rencana lain.selamat pada beliau""?
- iya
- tidak",tidak
1786,id_hatespeech,id_hatespeech_nusantara_text,20d3bb4f-5b68-4914-940e-154e4c227555,hate_or_noHate_zs_opt_apakah_yes_or_no,train,"Apakah teks berikut ini hatespeech ""Pak anies tolong bongkar lagi masjid yg di bangun pak ahok di daan mogot""?
- iya
- tidak",tidak
1787,id_hatespeech,id_hatespeech_nusantara_text,20d3bb4f-5b68-4914-940e-154e4c227555,hate_or_noHate_zs_opt_apakah_yes_or_no,train,"Apakah teks berikut ini hatespeech ""Yang blm pada move on mending bsk piknik aja mumpung long weekend hehehe""?
- iya
- tidak",tidak
1788,id_hatespeech,id_hatespeech_nusantara_text,20d3bb4f-5b68-4914-940e-154e4c227555,hate_or_noHate_zs_opt_apakah_yes_or_no,train,"Apakah teks berikut ini hatespeech ""Semoga bapak bisa meneladani sosok bang yos gubernur jakarta yang sangat cinta @persijajkt""?
- iya
- tidak",tidak
1789,id_hatespeech,id_hatespeech_nusantara_text,20d3bb4f-5b68-4914-940e-154e4c227555,hate_or_noHate_zs_opt_apakah_yes_or_no,train,"Apakah teks berikut ini hatespeech ""Pemimpin yg baik pemimpin yg mengerti akan jiwa pemuda, lanjutkan pak @aniesbaswedan""?
- iya
- tidak",tidak
1790,id_hatespeech,id_hatespeech_nusantara_text,20d3bb4f-5b68-4914-940e-154e4c227555,hate_or_noHate_zs_opt_apakah_yes_or_no,train,"Apakah teks berikut ini hatespeech ""kami disini mendulungmu untuk jakarta yg maju bukan hanya ekonomi nya tapi juga prestasi sepakbola nya""?
- iya
- tidak",tidak
1791,id_hatespeech,id_hatespeech_nusantara_text,20d3bb4f-5b68-4914-940e-154e4c227555,hate_or_noHate_zs_opt_apakah_yes_or_no,train,"Apakah teks berikut ini hatespeech ""Negara kita negara BHINEKA TUNGGAL IKA. jadi ga liat pemimpin dengan agama ,ras ,budaya""?
- iya
- tidak",tidak
1792,id_hatespeech,id_hatespeech_nusantara_text,20d3bb4f-5b68-4914-940e-154e4c227555,hate_or_noHate_zs_opt_apakah_yes_or_no,train,"Apakah teks berikut ini hatespeech ""pak @aniesbaswedan kami disini mendulungmu untuk jakarta yg maju bukan hanya ekonomi nya tapi juga prestasi sepakbola nya""?
- iya
- tidak",tidak
1793,id_hatespeech,id_hatespeech_nusantara_text,20d3bb4f-5b68-4914-940e-154e4c227555,hate_or_noHate_zs_opt_apakah_yes_or_no,train,"Apakah teks berikut ini hatespeech ""Gw yakin suatu saat pasti Pak @basuki_btp akan ada patungnya sebagai tanda jasa entah itu di indo atau di madame tussaud.""?
- iya
- tidak",tidak
1794,id_hatespeech,id_hatespeech_nusantara_text,20d3bb4f-5b68-4914-940e-154e4c227555,hate_or_noHate_zs_opt_apakah_yes_or_no,train,"Apakah teks berikut ini hatespeech ""Doa itu sebaiknya yg baik2. Karena Tuhan juga baik. Klo doa jelek jahat, akan berbalik ke diri yg mendoakan loh""?
- iya
- tidak",tidak
1795,id_hatespeech,id_hatespeech_nusantara_text,20d3bb4f-5b68-4914-940e-154e4c227555,hate_or_noHate_zs_opt_apakah_yes_or_no,train,"Apakah teks berikut ini hatespeech ""#badja Jakarta tidak butuh kalian lagi, tapi Indonesia menunggu untuk pengabdian kalian.""?
- iya
- tidak",tidak
1796,id_hatespeech,id_hatespeech_nusantara_text,20d3bb4f-5b68-4914-940e-154e4c227555,hate_or_noHate_zs_opt_apakah_yes_or_no,train,"Apakah teks berikut ini hatespeech ""Artikel saya untuk Mas @pandji. Dari reklamasi, penggusuran, DP 0 Rupiah, OKE OCE, hingga ""figur pemersatu"".""?
- iya
- tidak",tidak
1797,id_hatespeech,id_hatespeech_nusantara_text,20d3bb4f-5b68-4914-940e-154e4c227555,hate_or_noHate_zs_opt_apakah_yes_or_no,train,"Apakah teks berikut ini hatespeech ""#BesokGueAhok Karena Terbukti Dan Teruji Dari Segi Kerjanya,Ahok Untuk DKI Jakarta Lebih Baik Kemudian #TetapAhok""?
- iya
- tidak",tidak
1798,id_hatespeech,id_hatespeech_nusantara_text,20d3bb4f-5b68-4914-940e-154e4c227555,hate_or_noHate_zs_opt_apakah_yes_or_no,train,"Apakah teks berikut ini hatespeech ""ga tinggal di Jakarta sih, tp 1 rumah ngotot banget dukung Pak @basuki_btp!""?
- iya
- tidak",tidak
1799,id_hatespeech,id_hatespeech_nusantara_text,20d3bb4f-5b68-4914-940e-154e4c227555,hate_or_noHate_zs_opt_apakah_yes_or_no,train,"Apakah teks berikut ini hatespeech ""Semangat Pilkada! Untukmu pilihanmu dan untukku pilihanku #tetapahok""?
- iya
- tidak",tidak
1800,id_hatespeech,id_hatespeech_nusantara_text,20d3bb4f-5b68-4914-940e-154e4c227555,hate_or_noHate_zs_opt_apakah_yes_or_no,train,"Apakah teks berikut ini hatespeech ""Tapi perbedaan vital di reklamasi sama perumahan, justru gak bisa berkutik sama sekali.""?
- iya
- tidak",tidak
1801,id_hatespeech,id_hatespeech_nusantara_text,20d3bb4f-5b68-4914-940e-154e4c227555,hate_or_noHate_zs_opt_apakah_yes_or_no,train,"Apakah teks berikut ini hatespeech ""Sabar dulu jgn tergesa2 nagih, beliau belum dilantik baru bulan Oktober nanti.""?
- iya
- tidak",tidak
1802,id_hatespeech,id_hatespeech_nusantara_text,20d3bb4f-5b68-4914-940e-154e4c227555,hate_or_noHate_zs_opt_apakah_yes_or_no,train,"Apakah teks berikut ini hatespeech ""Pak @aniesbaswedan knpa ngga mampir dulu ke tempat saya. Orangtua saya ngefans bgt""?
- iya
- tidak",tidak
1803,id_hatespeech,id_hatespeech_nusantara_text,20d3bb4f-5b68-4914-940e-154e4c227555,hate_or_noHate_zs_opt_apakah_yes_or_no,train,"Apakah teks berikut ini hatespeech ""Semoga @persijajkt lebih maju dengan adanya gubernur era baru.""?
- iya
- tidak",tidak
1804,id_hatespeech,id_hatespeech_nusantara_text,20d3bb4f-5b68-4914-940e-154e4c227555,hate_or_noHate_zs_opt_apakah_yes_or_no,train,"Apakah teks berikut ini hatespeech ""Tetap di masyarakat jakarta dan selalu membuat jakarta lebih baik.Dan hasilnya pun sudah terbukti""?
- iya
- tidak",tidak
1805,id_hatespeech,id_hatespeech_nusantara_text,20d3bb4f-5b68-4914-940e-154e4c227555,hate_or_noHate_zs_opt_apakah_yes_or_no,train,"Apakah teks berikut ini hatespeech ""saya sebagai masyarakat jakarta salut terhadap kepemimpinan pak ahok.""?
- iya
- tidak",tidak
1806,id_hatespeech,id_hatespeech_nusantara_text,20d3bb4f-5b68-4914-940e-154e4c227555,hate_or_noHate_zs_opt_apakah_yes_or_no,train,"Apakah teks berikut ini hatespeech ""Semua sayang ahok. Saya berharap ahok bisa jadi presiden selanjutnya bersama pak jokowi.""?
- iya
- tidak",tidak
1807,id_hatespeech,id_hatespeech_nusantara_text,20d3bb4f-5b68-4914-940e-154e4c227555,hate_or_noHate_zs_opt_apakah_yes_or_no,train,"Apakah teks berikut ini hatespeech ""Bukan lagi milik jakarta lagi ahok tapi milik kita untuk membangun jakarta lebih baik""?
- iya
- tidak",tidak
1808,id_hatespeech,id_hatespeech_nusantara_text,20d3bb4f-5b68-4914-940e-154e4c227555,hate_or_noHate_zs_opt_apakah_yes_or_no,train,"Apakah teks berikut ini hatespeech ""Pak Ahok, jadi cagub di Bekasi aja ya pak... Bekasi mau dipimpin orang seperti bapak, biar ada perubahan lebih baik @basukibtp""?
- iya
- tidak",tidak
1809,id_hatespeech,id_hatespeech_nusantara_text,20d3bb4f-5b68-4914-940e-154e4c227555,hate_or_noHate_zs_opt_apakah_yes_or_no,train,"Apakah teks berikut ini hatespeech ""Kekalahan Ahok adalah kemunduran peradaban di Indonesia. Selamat datang radikalisme. Akal sehat sudah tidak ada dinegara ini.""?
- iya
- tidak",tidak
1810,id_hatespeech,id_hatespeech_nusantara_text,20d3bb4f-5b68-4914-940e-154e4c227555,hate_or_noHate_zs_opt_apakah_yes_or_no,train,"Apakah teks berikut ini hatespeech ""Semangat pak ahok , bapak sudah berjuang sekuat tenaga dan sudah berusaha melakukan yang terbaik, terima kasih pak""?
- iya
- tidak",tidak
1811,id_hatespeech,id_hatespeech_nusantara_text,20d3bb4f-5b68-4914-940e-154e4c227555,hate_or_noHate_zs_opt_apakah_yes_or_no,train,"Apakah teks berikut ini hatespeech ""Terima Kasih pak sudah mengabdi dijakarta dengan segudang permintaan warga.""?
- iya
- tidak",tidak
1812,id_hatespeech,id_hatespeech_nusantara_text,20d3bb4f-5b68-4914-940e-154e4c227555,hate_or_noHate_zs_opt_apakah_yes_or_no,train,"Apakah teks berikut ini hatespeech ""Mungkin ada kata kata yang menyakitkan ya pak, tapi semoga itu menjadi semangat untuk bapak kedepannya.""?
- iya
- tidak",tidak
1813,id_hatespeech,id_hatespeech_nusantara_text,20d3bb4f-5b68-4914-940e-154e4c227555,hate_or_noHate_zs_opt_apakah_yes_or_no,train,"Apakah teks berikut ini hatespeech ""Walaupun bapak tidak menang. Tapi saya menikmati kerja keras bapak selama menjabat. Terima kasih untuk bapak ahok.""?
- iya
- tidak",tidak
1814,id_hatespeech,id_hatespeech_nusantara_text,20d3bb4f-5b68-4914-940e-154e4c227555,hate_or_noHate_zs_opt_apakah_yes_or_no,train,"Apakah teks berikut ini hatespeech ""miris ya pak ahok...sukses slalu buat my idola pak ahok""?
- iya
- tidak",tidak
1815,id_hatespeech,id_hatespeech_nusantara_text,20d3bb4f-5b68-4914-940e-154e4c227555,hate_or_noHate_zs_opt_apakah_yes_or_no,train,"Apakah teks berikut ini hatespeech ""Gue lebih suka Ahok bantuin Jokowi ngurusin Indonesia agar lebih cepet maju, bukan hanya Jakarta.""?
- iya
- tidak",tidak
1816,id_hatespeech,id_hatespeech_nusantara_text,20d3bb4f-5b68-4914-940e-154e4c227555,hate_or_noHate_zs_opt_apakah_yes_or_no,train,"Apakah teks berikut ini hatespeech ""Pak kok saya pngn peluk bapak sambil bilang "" pak tetap semangat ya, saya selalu mendoakan yg terbaik untuk bapak""""?
- iya
- tidak",tidak
1817,id_hatespeech,id_hatespeech_nusantara_text,20d3bb4f-5b68-4914-940e-154e4c227555,hate_or_noHate_zs_opt_apakah_yes_or_no,train,"Apakah teks berikut ini hatespeech ""aya bukan warga jakarta tp saya sering ke jakarta.....saya bangga jakarta pernah di pegang bapak. Jadi rapih pak sekarang.....""?
- iya
- tidak",tidak
1818,id_hatespeech,id_hatespeech_nusantara_text,20d3bb4f-5b68-4914-940e-154e4c227555,hate_or_noHate_zs_opt_apakah_yes_or_no,train,"Apakah teks berikut ini hatespeech ""Maka seyogyanya pilihanku #TetapAhok karna terlihat pencerahan pd sistem birokrasi.""?
- iya
- tidak",tidak
1819,id_hatespeech,id_hatespeech_nusantara_text,20d3bb4f-5b68-4914-940e-154e4c227555,hate_or_noHate_zs_opt_apakah_yes_or_no,train,"Apakah teks berikut ini hatespeech ""Pak ahok tetap menjadi gubenur dihatiku ....""?
- iya
- tidak",tidak
1820,id_hatespeech,id_hatespeech_nusantara_text,20d3bb4f-5b68-4914-940e-154e4c227555,hate_or_noHate_zs_opt_apakah_yes_or_no,train,"Apakah teks berikut ini hatespeech ""Dari lahir di Jakarta sampe detik ini baru gue liat kali & pintu air Manggarai bersih dari sampah ya pas jaman Jokowi sampe Ahok. #TetapAhok""?
- iya
- tidak",tidak
1821,id_hatespeech,id_hatespeech_nusantara_text,20d3bb4f-5b68-4914-940e-154e4c227555,hate_or_noHate_zs_opt_apakah_yes_or_no,train,"Apakah teks berikut ini hatespeech ""Gpp kalah. mungkin belom rejekinya ya pak. Bagi kami bapak tetap pemimpin yang jujur. Tetap berkarya nyata""?
- iya
- tidak",tidak
1822,id_hatespeech,id_hatespeech_nusantara_text,20d3bb4f-5b68-4914-940e-154e4c227555,hate_or_noHate_zs_opt_apakah_yes_or_no,train,"Apakah teks berikut ini hatespeech ""Selama 20 tahun tinggal di Jakarta, baru 5 tahun terakhir benar-benar terasa perubahan dan sadar kalau itu akitbat gubernurnya.""?
- iya
- tidak",tidak
1823,id_hatespeech,id_hatespeech_nusantara_text,20d3bb4f-5b68-4914-940e-154e4c227555,hate_or_noHate_zs_opt_apakah_yes_or_no,train,"Apakah teks berikut ini hatespeech ""Aku cinta Pak Ahok. Terimakasih ya Pak atas jasa-jasa dan kerja nyatanya selama 5 tahun terakhir.""?
- iya
- tidak",tidak
1824,id_hatespeech,id_hatespeech_nusantara_text,20d3bb4f-5b68-4914-940e-154e4c227555,hate_or_noHate_zs_opt_apakah_yes_or_no,train,"Apakah teks berikut ini hatespeech ""Tetap semangat pak ahok.... terimakasih atas semua yg anda berikan untuk jakarta. sukses selalu buat pak ahok.""?
- iya
- tidak",tidak
1825,id_hatespeech,id_hatespeech_nusantara_text,20d3bb4f-5b68-4914-940e-154e4c227555,hate_or_noHate_zs_opt_apakah_yes_or_no,train,"Apakah teks berikut ini hatespeech ""Pak ahok kita tetap mendukung apapun yang terjadi""?
- iya
- tidak",tidak
1826,id_hatespeech,id_hatespeech_nusantara_text,20d3bb4f-5b68-4914-940e-154e4c227555,hate_or_noHate_zs_opt_apakah_yes_or_no,train,"Apakah teks berikut ini hatespeech ""Terima kasih banyak buat kinerja keras dari Pak Ahok dan team selama memimpin DKI Jakarta. Tetap semangat selalu Pak. God Bless Bapak & Family.""?
- iya
- tidak",tidak
1827,id_hatespeech,id_hatespeech_nusantara_text,20d3bb4f-5b68-4914-940e-154e4c227555,hate_or_noHate_zs_opt_apakah_yes_or_no,train,"Apakah teks berikut ini hatespeech ""Bapak ahok sosok yang saya banggakan, terimakasih pak sudah merubah jakarta.""?
- iya
- tidak",tidak
1828,id_hatespeech,id_hatespeech_nusantara_text,20d3bb4f-5b68-4914-940e-154e4c227555,hate_or_noHate_zs_opt_apakah_yes_or_no,train,"Apakah teks berikut ini hatespeech ""semoga pak ahok selalu dlm lindungan tuhan, saya sayang sama pak ahok, pak ahok orang baik.""?
- iya
- tidak",tidak
1829,id_hatespeech,id_hatespeech_nusantara_text,20d3bb4f-5b68-4914-940e-154e4c227555,hate_or_noHate_zs_opt_apakah_yes_or_no,train,"Apakah teks berikut ini hatespeech ""Terima kasih pak Basuki. Sampai kapan pun sejarah akan mencatat bapak membawa perubahan bagi kami warga jakarta""?
- iya
- tidak",tidak
1830,id_hatespeech,id_hatespeech_nusantara_text,20d3bb4f-5b68-4914-940e-154e4c227555,hate_or_noHate_zs_opt_apakah_yes_or_no,train,"Apakah teks berikut ini hatespeech ""Lanjutkan perjuangan Pak, Bapak orang baik pasti ditempatkan di tempat yg lebih baik juga.""?
- iya
- tidak",tidak
1831,id_hatespeech,id_hatespeech_nusantara_text,20d3bb4f-5b68-4914-940e-154e4c227555,hate_or_noHate_zs_opt_apakah_yes_or_no,train,"Apakah teks berikut ini hatespeech ""Kau lah yang terhebat.. Karna kau lah kami mendapat inspirasi dan pengalaman yang sangat berharga.""?
- iya
- tidak",tidak
1832,id_hatespeech,id_hatespeech_nusantara_text,20d3bb4f-5b68-4914-940e-154e4c227555,hate_or_noHate_zs_opt_apakah_yes_or_no,train,"Apakah teks berikut ini hatespeech ""Buat Pak Ahok tetap berkarya pak. Masih ada kesempatan lebih baik di 2019""?
- iya
- tidak",tidak
1833,id_hatespeech,id_hatespeech_nusantara_text,20d3bb4f-5b68-4914-940e-154e4c227555,hate_or_noHate_zs_opt_apakah_yes_or_no,train,"Apakah teks berikut ini hatespeech ""Pak saya setuju kalo pak jadi gubenur karena kerja pak sangat bagus kerena kerja pak basuki tegas keluarga kami mendukung pak basuki""?
- iya
- tidak",tidak
1834,id_hatespeech,id_hatespeech_nusantara_text,20d3bb4f-5b68-4914-940e-154e4c227555,hate_or_noHate_zs_opt_apakah_yes_or_no,train,"Apakah teks berikut ini hatespeech ""Bapak tetap yg terbaik untuk jakarta..terima kasih pak untuk semua yg bapak kerjakan selama ini semoga Allah selalu meridhoi bapak dalam setiap langkah bapak..""?
- iya
- tidak",tidak
1835,id_hatespeech,id_hatespeech_nusantara_text,20d3bb4f-5b68-4914-940e-154e4c227555,hate_or_noHate_zs_opt_apakah_yes_or_no,train,"Apakah teks berikut ini hatespeech ""jabatan bukan hal penting yg terpenting bapak tetap orang terhebat di jakarta tentang kerja keras Pak Ahok..sekali lagi terima kasih Pak Ahok""?
- iya
- tidak",tidak
1836,id_hatespeech,id_hatespeech_nusantara_text,20d3bb4f-5b68-4914-940e-154e4c227555,hate_or_noHate_zs_opt_apakah_yes_or_no,train,"Apakah teks berikut ini hatespeech ""Pak Ahok....walau saya bukan warga DKI....saya sangat sedih bapak tidak terpilih lg jd Gubenur DKI.....""?
- iya
- tidak",tidak
1837,id_hatespeech,id_hatespeech_nusantara_text,20d3bb4f-5b68-4914-940e-154e4c227555,hate_or_noHate_zs_opt_apakah_yes_or_no,train,"Apakah teks berikut ini hatespeech ""Hanya bpk lah gubernur satu satunya yg bisa membawa perubahan di Jakarta...semangat pak...""?
- iya
- tidak",tidak
1838,id_hatespeech,id_hatespeech_nusantara_text,20d3bb4f-5b68-4914-940e-154e4c227555,hate_or_noHate_zs_opt_apakah_yes_or_no,train,"Apakah teks berikut ini hatespeech ""Pak ahok, saya mempunyai ibu, ibu saya selalu mendoakan pak ahok setiap waktu dan setiap pagi jam 3 ibu saya sebenarnya kecewa dengan hasil pilkada""?
- iya
- tidak",tidak
1839,id_hatespeech,id_hatespeech_nusantara_text,20d3bb4f-5b68-4914-940e-154e4c227555,hate_or_noHate_zs_opt_apakah_yes_or_no,train,"Apakah teks berikut ini hatespeech ""tapi kalah menang itu biasa. kekuasaan ada di tangan tuhan, asal bapak ahok tidak menjual iman pak ahok dengan jabatan""?
- iya
- tidak",tidak
1840,id_hatespeech,id_hatespeech_nusantara_text,20d3bb4f-5b68-4914-940e-154e4c227555,hate_or_noHate_zs_opt_apakah_yes_or_no,train,"Apakah teks berikut ini hatespeech ""Terimakasih banyak pak ahok dan djarot untuk kerja tulus dan kerasnya untuk Jakarta..""?
- iya
- tidak",tidak
1841,id_hatespeech,id_hatespeech_nusantara_text,20d3bb4f-5b68-4914-940e-154e4c227555,hate_or_noHate_zs_opt_apakah_yes_or_no,train,"Apakah teks berikut ini hatespeech ""Media Asing Menyorot Hasil Pilkada Jakarta""?
- iya
- tidak",tidak
1842,id_hatespeech,id_hatespeech_nusantara_text,20d3bb4f-5b68-4914-940e-154e4c227555,hate_or_noHate_zs_opt_apakah_yes_or_no,train,"Apakah teks berikut ini hatespeech ""Ahok Banyak Belajar di Pilkada DKI""?
- iya
- tidak",tidak
1843,id_hatespeech,id_hatespeech_nusantara_text,20d3bb4f-5b68-4914-940e-154e4c227555,hate_or_noHate_zs_opt_apakah_yes_or_no,train,"Apakah teks berikut ini hatespeech ""Ini Pelajaran yang Dipetik Ahok dari Pilkada DKI""?
- iya
- tidak",tidak
1844,id_hatespeech,id_hatespeech_nusantara_text,20d3bb4f-5b68-4914-940e-154e4c227555,hate_or_noHate_zs_opt_apakah_yes_or_no,train,"Apakah teks berikut ini hatespeech ""Ahok: Lupakan Semua Masalah Kampanye dan Pilkada""?
- iya
- tidak",tidak
1845,id_hatespeech,id_hatespeech_nusantara_text,20d3bb4f-5b68-4914-940e-154e4c227555,hate_or_noHate_zs_opt_apakah_yes_or_no,train,"Apakah teks berikut ini hatespeech ""Presiden Percaya Pilkada DKI Hasilkan Pemimpin Terbaik""?
- iya
- tidak",tidak
1846,id_hatespeech,id_hatespeech_nusantara_text,20d3bb4f-5b68-4914-940e-154e4c227555,hate_or_noHate_zs_opt_apakah_yes_or_no,train,"Apakah teks berikut ini hatespeech ""Kapolri Pastikan Pilkada DKI Berjalan Lancar dan Sejuk""?
- iya
- tidak",tidak
1847,id_hatespeech,id_hatespeech_nusantara_text,20d3bb4f-5b68-4914-940e-154e4c227555,hate_or_noHate_zs_opt_apakah_yes_or_no,train,"Apakah teks berikut ini hatespeech ""Pengamat: Pilkada DKI Panas Karena Parpol Sulit Disiplinkan Massa""?
- iya
- tidak",tidak
1848,id_hatespeech,id_hatespeech_nusantara_text,20d3bb4f-5b68-4914-940e-154e4c227555,hate_or_noHate_zs_opt_apakah_yes_or_no,train,"Apakah teks berikut ini hatespeech ""Parpol Pendukung Ahok-Djarot Komitmen Jaga Pilkada Damai""?
- iya
- tidak",tidak
1849,id_hatespeech,id_hatespeech_nusantara_text,20d3bb4f-5b68-4914-940e-154e4c227555,hate_or_noHate_zs_opt_apakah_yes_or_no,train,"Apakah teks berikut ini hatespeech ""Amankan Pilkada DKI, Polisi Terapkan Dua Sistem Pengamanan""?
- iya
- tidak",tidak
1850,id_hatespeech,id_hatespeech_nusantara_text,20d3bb4f-5b68-4914-940e-154e4c227555,hate_or_noHate_zs_opt_apakah_yes_or_no,train,"Apakah teks berikut ini hatespeech ""Tiga Instansi Keluarkan Maklumat Larangan Mobilisasi Massa di Pilkada DKI""?
- iya
- tidak",tidak
1851,id_hatespeech,id_hatespeech_nusantara_text,20d3bb4f-5b68-4914-940e-154e4c227555,hate_or_noHate_zs_opt_apakah_yes_or_no,train,"Apakah teks berikut ini hatespeech ""TERNYATA BAJU YANG DIPAKAI AHOK DI DEBAT PILKADA YG SAYA TONTON MELALUI METRO TV SAMA DENGAN YANG DI TV ONE. BARUSAN SAYA CEK""?
- iya
- tidak",tidak
1852,id_hatespeech,id_hatespeech_nusantara_text,20d3bb4f-5b68-4914-940e-154e4c227555,hate_or_noHate_zs_opt_apakah_yes_or_no,train,"Apakah teks berikut ini hatespeech ""Sebagai warga negara yang baik, lo wajib ikut mensukseskan Pilkada Jakarta 2017. Temukan performa berbeda Debat Pilkada pukul 7""?
- iya
- tidak",tidak
1853,id_hatespeech,id_hatespeech_nusantara_text,20d3bb4f-5b68-4914-940e-154e4c227555,hate_or_noHate_zs_opt_apakah_yes_or_no,train,"Apakah teks berikut ini hatespeech ""Debat Terakhir Menentukan Elektabilitas di Pilkada DKI Putaran Kedua""?
- iya
- tidak",tidak
1854,id_hatespeech,id_hatespeech_nusantara_text,20d3bb4f-5b68-4914-940e-154e4c227555,hate_or_noHate_zs_opt_apakah_yes_or_no,train,"Apakah teks berikut ini hatespeech ""Terima kasih bapak ahok dengan jasa2 bapak selalu membangun jakarta lebih baik lagi""?
- iya
- tidak",tidak
1855,id_hatespeech,id_hatespeech_nusantara_text,20d3bb4f-5b68-4914-940e-154e4c227555,hate_or_noHate_zs_opt_apakah_yes_or_no,train,"Apakah teks berikut ini hatespeech ""Salut banget sm pak ahok.. benar2 berjiwa kesatria.. langsung mengucapkan selamat ke pasangan anis dan sandi..""?
- iya
- tidak",tidak
1856,id_hatespeech,id_hatespeech_nusantara_text,20d3bb4f-5b68-4914-940e-154e4c227555,hate_or_noHate_zs_opt_apakah_yes_or_no,train,"Apakah teks berikut ini hatespeech ""keluarga sudah ke menggunakan hak pilihnya pagi ini. Jangan lupa bagi warga Jakarta untuk datang ke TPS sebelum jam 1 siang!""?
- iya
- tidak",tidak
1857,id_hatespeech,id_hatespeech_nusantara_text,20d3bb4f-5b68-4914-940e-154e4c227555,hate_or_noHate_zs_opt_apakah_yes_or_no,train,"Apakah teks berikut ini hatespeech ""Terima kasih telah membuat Jakarta menjadi lebih baik pak... Tetap semangat!""?
- iya
- tidak",tidak
1858,id_hatespeech,id_hatespeech_nusantara_text,20d3bb4f-5b68-4914-940e-154e4c227555,hate_or_noHate_zs_opt_apakah_yes_or_no,train,"Apakah teks berikut ini hatespeech ""Pada akhirnya, orang jahat akan jatuh, dan orang baik, akan dibangkitkan!""?
- iya
- tidak",tidak
1859,id_hatespeech,id_hatespeech_nusantara_text,20d3bb4f-5b68-4914-940e-154e4c227555,hate_or_noHate_zs_opt_apakah_yes_or_no,train,"Apakah teks berikut ini hatespeech ""Meski dijatuhkan berkali2, Tuhan akan selalu mengangkat yg benar""?
- iya
- tidak",tidak
1860,id_hatespeech,id_hatespeech_nusantara_text,20d3bb4f-5b68-4914-940e-154e4c227555,hate_or_noHate_zs_opt_apakah_yes_or_no,train,"Apakah teks berikut ini hatespeech ""Rencana Bapak yang di surga itu lebih indah yangg kita inginkan bapak ahok tetap semangat ya pak""?
- iya
- tidak",tidak
1861,id_hatespeech,id_hatespeech_nusantara_text,20d3bb4f-5b68-4914-940e-154e4c227555,hate_or_noHate_zs_opt_apakah_yes_or_no,train,"Apakah teks berikut ini hatespeech ""Pak Basuki dan Pak Djarot tetap kuat didalam iman dan pengharapan...""?
- iya
- tidak",tidak
1862,id_hatespeech,id_hatespeech_nusantara_text,20d3bb4f-5b68-4914-940e-154e4c227555,hate_or_noHate_zs_opt_apakah_yes_or_no,train,"Apakah teks berikut ini hatespeech ""Yakin bahwa ini bukan jalan yang terbaik untuk anda dari hanya sekedar Gubernur dan Wakil gubernur DKI..""?
- iya
- tidak",tidak
1863,id_hatespeech,id_hatespeech_nusantara_text,20d3bb4f-5b68-4914-940e-154e4c227555,hate_or_noHate_zs_opt_apakah_yes_or_no,train,"Apakah teks berikut ini hatespeech ""Masyarakat Indonesia khusus DKI melihat pemimpin itu bukan dilihat hasil kerjanya""?
- iya
- tidak",tidak
1864,id_hatespeech,id_hatespeech_nusantara_text,20d3bb4f-5b68-4914-940e-154e4c227555,hate_or_noHate_zs_opt_apakah_yes_or_no,train,"Apakah teks berikut ini hatespeech ""Kami sebagai rakyat indonesia yang bukan berasal dari DKI turut mendoakan semoga pak Basuki dan pak Djarot tidak pernah lelah melayani kami dan tetap terus semangat""?
- iya
- tidak",tidak
1865,id_hatespeech,id_hatespeech_nusantara_text,20d3bb4f-5b68-4914-940e-154e4c227555,hate_or_noHate_zs_opt_apakah_yes_or_no,train,"Apakah teks berikut ini hatespeech ""jangan padam untuk kemanusiaan ya pak, saya mengenang semua hal manis yg telah bapak perjuangkan""?
- iya
- tidak",tidak
1866,id_hatespeech,id_hatespeech_nusantara_text,20d3bb4f-5b68-4914-940e-154e4c227555,hate_or_noHate_zs_opt_apakah_yes_or_no,train,"Apakah teks berikut ini hatespeech ""Saya doakan pak ahok dan tamengnya tidak kejang2""?
- iya
- tidak",tidak
1867,id_hatespeech,id_hatespeech_nusantara_text,20d3bb4f-5b68-4914-940e-154e4c227555,hate_or_noHate_zs_opt_apakah_yes_or_no,train,"Apakah teks berikut ini hatespeech ""Tetap semangat pak. Ahok.. Aku selalu dukung pak ahok djarot.""?
- iya
- tidak",tidak
1868,id_hatespeech,id_hatespeech_nusantara_text,20d3bb4f-5b68-4914-940e-154e4c227555,hate_or_noHate_zs_opt_apakah_yes_or_no,train,"Apakah teks berikut ini hatespeech ""Pemenang Debat Pilkada DKI malam ini adalah...... IRA KOESNO!!!""?
- iya
- tidak",tidak
1869,id_hatespeech,id_hatespeech_nusantara_text,20d3bb4f-5b68-4914-940e-154e4c227555,hate_or_noHate_zs_opt_apakah_yes_or_no,train,"Apakah teks berikut ini hatespeech ""Selamat buat pasangan no 3, Anies-Sandi pemenang versi Quick Count... Terima kasih buat Ahok-Djarot atas kerja luar biasa untuk Jakarta...""?
- iya
- tidak",tidak
1870,id_hatespeech,id_hatespeech_nusantara_text,20d3bb4f-5b68-4914-940e-154e4c227555,hate_or_noHate_zs_opt_apakah_yes_or_no,train,"Apakah teks berikut ini hatespeech ""Semangat pak ahok walaupun saya warga bandung tapi saya yakin pak ahok yg jadi juara...""?
- iya
- tidak",tidak
1871,id_hatespeech,id_hatespeech_nusantara_text,20d3bb4f-5b68-4914-940e-154e4c227555,hate_or_noHate_zs_opt_apakah_yes_or_no,train,"Apakah teks berikut ini hatespeech ""yg jelas, kerja keras, pasti, dan jujur tetap pak ahok.""?
- iya
- tidak",tidak
1872,id_hatespeech,id_hatespeech_nusantara_text,20d3bb4f-5b68-4914-940e-154e4c227555,hate_or_noHate_zs_opt_apakah_yes_or_no,train,"Apakah teks berikut ini hatespeech ""Maaf pak saya tidak bisa ikutan nyoblos, KTP saya jakarta, tapi saya skrg tinggal bandung, saya hanya bisa berdoa""?
- iya
- tidak",tidak
1873,id_hatespeech,id_hatespeech_nusantara_text,20d3bb4f-5b68-4914-940e-154e4c227555,hate_or_noHate_zs_opt_apakah_yes_or_no,train,"Apakah teks berikut ini hatespeech ""semoga ahokdjarot bisa terus melanjutkan visi misi nya untuk membangun kota Jakarta, agar lebih rapih bersih dan nyaman""?
- iya
- tidak",tidak
1874,id_hatespeech,id_hatespeech_nusantara_text,20d3bb4f-5b68-4914-940e-154e4c227555,hate_or_noHate_zs_opt_apakah_yes_or_no,train,"Apakah teks berikut ini hatespeech ""Dalam nama Tuhan Untuk jakarta yg lebih baik""?
- iya
- tidak",tidak
1875,id_hatespeech,id_hatespeech_nusantara_text,20d3bb4f-5b68-4914-940e-154e4c227555,hate_or_noHate_zs_opt_apakah_yes_or_no,train,"Apakah teks berikut ini hatespeech ""semagat buat pak Anies semoga selalu dalam rahmat tuhan YME""?
- iya
- tidak",tidak
1876,id_hatespeech,id_hatespeech_nusantara_text,20d3bb4f-5b68-4914-940e-154e4c227555,hate_or_noHate_zs_opt_apakah_yes_or_no,train,"Apakah teks berikut ini hatespeech ""semua warga DKI gunakan hak pilihmu....jangan takut kita smua warga yg punya hak dan sehat lahir batin""?
- iya
- tidak",tidak
1877,id_hatespeech,id_hatespeech_nusantara_text,20d3bb4f-5b68-4914-940e-154e4c227555,hate_or_noHate_zs_opt_apakah_yes_or_no,train,"Apakah teks berikut ini hatespeech ""semoga Tuhan memberikan seluruh masyarakat DKI jakarta keadilan sesuai pemimpin yg benar2 demi rakyat Amin.""?
- iya
- tidak",tidak
1878,id_hatespeech,id_hatespeech_nusantara_text,20d3bb4f-5b68-4914-940e-154e4c227555,hate_or_noHate_zs_opt_apakah_yes_or_no,train,"Apakah teks berikut ini hatespeech ""Eks Pendukung Agus-Sylvi di Jakarta Timur Deklarasikan Dukungan Untuk Ahok-Djarot""?
- iya
- tidak",tidak
1879,id_hatespeech,id_hatespeech_nusantara_text,20d3bb4f-5b68-4914-940e-154e4c227555,hate_or_noHate_zs_opt_apakah_yes_or_no,train,"Apakah teks berikut ini hatespeech ""Ini pasti salah Jokowi, Ahok dan kafir-kafir ateis. https:\/\/t.co\/v2GRcUeStI""?
- iya
- tidak",iya
1880,id_hatespeech,id_hatespeech_nusantara_text,20d3bb4f-5b68-4914-940e-154e4c227555,hate_or_noHate_zs_opt_apakah_yes_or_no,train,"Apakah teks berikut ini hatespeech ""@fahmiabuazzam1 biar aja biar tai nya kena bapak lo itu ya. Loh tuh kan gak suka sm ahok jadi biar loh sm bpk loh sm ibu loh kena tai nya.""?
- iya
- tidak",iya
1881,id_hatespeech,id_hatespeech_nusantara_text,20d3bb4f-5b68-4914-940e-154e4c227555,hate_or_noHate_zs_opt_apakah_yes_or_no,train,"Apakah teks berikut ini hatespeech ""RT @BungWinar: Angin memporakporandakan basis pemenangan Si Penista Agama...Cililitan.\nYa Alloh Ampuni Kami\n#JakartaBanjir""?
- iya
- tidak",iya
1882,id_hatespeech,id_hatespeech_nusantara_text,20d3bb4f-5b68-4914-940e-154e4c227555,hate_or_noHate_zs_opt_apakah_yes_or_no,train,"Apakah teks berikut ini hatespeech ""RT @Lupuz0503: Prestasi Ahok, \nSelain mjadi mafia koruptor n penista agama, dirinya bhasil tenggelamkan JKT MELALUI congoran CEBON""?
- iya
- tidak",iya
1883,id_hatespeech,id_hatespeech_nusantara_text,20d3bb4f-5b68-4914-940e-154e4c227555,hate_or_noHate_zs_opt_apakah_yes_or_no,train,"Apakah teks berikut ini hatespeech ""Ulama Kompak Nyatakan #HaramPemimpinKafir Pilih Ahok = Murtad!""?
- iya
- tidak",iya
1884,id_hatespeech,id_hatespeech_nusantara_text,20d3bb4f-5b68-4914-940e-154e4c227555,hate_or_noHate_zs_opt_apakah_yes_or_no,train,"Apakah teks berikut ini hatespeech ""KAU PENDIKAN TINGGI TAPI BODOH....GK ADA LARANG BAWA AGAMA..BIAR ORANG ISLAM YG DI BAYAR AHOK SADAR GK JADI MILIH AHOK GLA""?
- iya
- tidak",iya
1885,id_hatespeech,id_hatespeech_nusantara_text,20d3bb4f-5b68-4914-940e-154e4c227555,hate_or_noHate_zs_opt_apakah_yes_or_no,train,"Apakah teks berikut ini hatespeech ""@indopoints di tanah abang cina udah mulai resah dan stres gara2 si penista agama dan pilkada pasar jd sepi. Sepi sampai 2 minggu lg ha. ha""?
- iya
- tidak",iya
1886,id_hatespeech,id_hatespeech_nusantara_text,20d3bb4f-5b68-4914-940e-154e4c227555,hate_or_noHate_zs_opt_apakah_yes_or_no,train,"Apakah teks berikut ini hatespeech ""@investigator_RI betul dan semua pihak yg menentang si cina kafir ahok akan di kriminalisasi oleh polisi dgn smua rekayasa hukum nya""?
- iya
- tidak",iya
1887,id_hatespeech,id_hatespeech_nusantara_text,20d3bb4f-5b68-4914-940e-154e4c227555,hate_or_noHate_zs_opt_apakah_yes_or_no,train,"Apakah teks berikut ini hatespeech ""@YohanesTarigan9 saya ga habis pikir kenapa fanboy ahok bego bego ya pada ga ngerti sejarah. Gampang kejebak iklan. Maaf ya.""?
- iya
- tidak",iya
1888,id_hatespeech,id_hatespeech_nusantara_text,20d3bb4f-5b68-4914-940e-154e4c227555,hate_or_noHate_zs_opt_apakah_yes_or_no,train,"Apakah teks berikut ini hatespeech ""@Zufrianto3 lebih baik pilih ahok drpd pilih yg se iman tp koruptor dn munafik !! Bodoh kau""?
- iya
- tidak",iya
1889,id_hatespeech,id_hatespeech_nusantara_text,20d3bb4f-5b68-4914-940e-154e4c227555,hate_or_noHate_zs_opt_apakah_yes_or_no,train,"Apakah teks berikut ini hatespeech ""Ahok si penghina Al - Qur'an dan Ulama ini selalu bersikap menjijikkan yaitu sok suci dan merasa paling benar https:\/\/t.co\/bTkCeTNk0g""?
- iya
- tidak",iya
1890,id_hatespeech,id_hatespeech_nusantara_text,20d3bb4f-5b68-4914-940e-154e4c227555,hate_or_noHate_zs_opt_apakah_yes_or_no,train,"Apakah teks berikut ini hatespeech ""Ayo umat Islam yg pinter, jgn percaya klo aksi 112 tdk ada hubungannya dgn pilkada, pihak AHY yg bayar anies yg untung \ud83d\ude01""?
- iya
- tidak",iya
1891,id_hatespeech,id_hatespeech_nusantara_text,20d3bb4f-5b68-4914-940e-154e4c227555,hate_or_noHate_zs_opt_apakah_yes_or_no,train,"Apakah teks berikut ini hatespeech ""#DebatFinalPilkadaJKT mampuuuusssssss mpoK Silvy!!!!""?
- iya
- tidak",iya
1892,id_hatespeech,id_hatespeech_nusantara_text,20d3bb4f-5b68-4914-940e-154e4c227555,hate_or_noHate_zs_opt_apakah_yes_or_no,train,"Apakah teks berikut ini hatespeech ""Hidup china komunis ! https:\/\/t.co\/b1RheVKrXl""?
- iya
- tidak",iya
1893,id_hatespeech,id_hatespeech_nusantara_text,20d3bb4f-5b68-4914-940e-154e4c227555,hate_or_noHate_zs_opt_apakah_yes_or_no,train,"Apakah teks berikut ini hatespeech ""Ini tuh kesalahan Jokowi dan Ahok si babi ateis. https:\/\/t.co\/v2GRcUeStI""?
- iya
- tidak",iya
1894,id_hatespeech,id_hatespeech_nusantara_text,20d3bb4f-5b68-4914-940e-154e4c227555,hate_or_noHate_zs_opt_apakah_yes_or_no,train,"Apakah teks berikut ini hatespeech ""Kalo ahok menang pilkada bikin video sex bareng anaknya dong tan.? https:\/\/t.co\/7msmThwwLK""?
- iya
- tidak",iya
1895,id_hatespeech,id_hatespeech_nusantara_text,20d3bb4f-5b68-4914-940e-154e4c227555,hate_or_noHate_zs_opt_apakah_yes_or_no,train,"Apakah teks berikut ini hatespeech ""Keluarga Besar Kami Yang Berdomisili di Jakarta TIDAK PILIH AHOK!! https:\/\/t.co\/GZKZFTpvCw Suara Ulama Bulat! #HaramPilihAhok #JanganGolput""?
- iya
- tidak",iya
1896,id_hatespeech,id_hatespeech_nusantara_text,20d3bb4f-5b68-4914-940e-154e4c227555,hate_or_noHate_zs_opt_apakah_yes_or_no,train,"Apakah teks berikut ini hatespeech ""ketutunan cina dari luar kota dan pulau mulai kejakarta mau coblos ahok dengan KTP aspal dari kamboja""?
- iya
- tidak",iya
1897,id_hatespeech,id_hatespeech_nusantara_text,20d3bb4f-5b68-4914-940e-154e4c227555,hate_or_noHate_zs_opt_apakah_yes_or_no,train,"Apakah teks berikut ini hatespeech ""RT @indopoints: china babi... china maling...\n#UsirChina https:\/\/t.co\/9y4HIWHJp2""?
- iya
- tidak",iya
1898,id_hatespeech,id_hatespeech_nusantara_text,20d3bb4f-5b68-4914-940e-154e4c227555,hate_or_noHate_zs_opt_apakah_yes_or_no,train,"Apakah teks berikut ini hatespeech ""RT @mosangada72: Masih mau memilih Agus-Sylvi???\nAnaknya SBY dan Keluarga Koruptor\n#BlusukanAhok\n#BerjamaahCoblosPecinya\u2026""?
- iya
- tidak",iya
1899,id_hatespeech,id_hatespeech_nusantara_text,20d3bb4f-5b68-4914-940e-154e4c227555,hate_or_noHate_zs_opt_apakah_yes_or_no,train,"Apakah teks berikut ini hatespeech ""tangkap ahok dan klompok nya yg melakukan pemalsuan e KTP karna merupakan penghiyanat bagi bangsa dan negara""?
- iya
- tidak",iya
1900,id_hatespeech,id_hatespeech_nusantara_text,20d3bb4f-5b68-4914-940e-154e4c227555,hate_or_noHate_zs_opt_apakah_yes_or_no,train,"Apakah teks berikut ini hatespeech ""Tangkap Ahok Sekarang Juga, Share Jika Setuju !!!""?
- iya
- tidak",iya
1901,id_hatespeech,id_hatespeech_nusantara_text,20d3bb4f-5b68-4914-940e-154e4c227555,hate_or_noHate_zs_opt_apakah_yes_or_no,train,"Apakah teks berikut ini hatespeech ""Sayang sekali Bangsa ini Paling jago kalau merasa-rasa. Yg mendukung Pak Ahok merasa paling benar, yg mendukung Mas Anies merasa paling suci""?
- iya
- tidak",iya
1902,id_hatespeech,id_hatespeech_nusantara_text,20d3bb4f-5b68-4914-940e-154e4c227555,hate_or_noHate_zs_opt_apakah_yes_or_no,train,"Apakah teks berikut ini hatespeech ""Video Ahok Menghina Agama Kristen Agama Konyol #AhokPecahBelahBangsa""?
- iya
- tidak",iya
1903,id_hatespeech,id_hatespeech_nusantara_text,20d3bb4f-5b68-4914-940e-154e4c227555,hate_or_noHate_zs_opt_apakah_yes_or_no,train,"Apakah teks berikut ini hatespeech ""Bukan Hanya Penista Agama, Bagi JPU Ahok Pemecah Belah Bangsa https:\/\/t.co\/6qkIFCjqhq""?
- iya
- tidak",iya
1904,id_hatespeech,id_hatespeech_nusantara_text,20d3bb4f-5b68-4914-940e-154e4c227555,hate_or_noHate_zs_opt_apakah_yes_or_no,train,"Apakah teks berikut ini hatespeech ""Mbak Sylviana please Anda sehat? #DebatFinalPilkadaJKT #perjuanganbelumselesai""?
- iya
- tidak",iya
1905,id_hatespeech,id_hatespeech_nusantara_text,20d3bb4f-5b68-4914-940e-154e4c227555,hate_or_noHate_zs_opt_apakah_yes_or_no,train,"Apakah teks berikut ini hatespeech ""Nomor 1 sok tau lagi lansung di skak wkwkwk #DebatFinalPilkadaJKT""?
- iya
- tidak",iya
1906,id_hatespeech,id_hatespeech_nusantara_text,20d3bb4f-5b68-4914-940e-154e4c227555,hate_or_noHate_zs_opt_apakah_yes_or_no,train,"Apakah teks berikut ini hatespeech ""RT @Gemacan70: Ayoo jaga keutuhan NKRI!!! Tangkap Penista Agama!!! #StopKriminalisasiUlama https:\/\/t.co\/dxIDQ4ZQHV""?
- iya
- tidak",iya
1907,id_hatespeech,id_hatespeech_nusantara_text,20d3bb4f-5b68-4914-940e-154e4c227555,hate_or_noHate_zs_opt_apakah_yes_or_no,train,"Apakah teks berikut ini hatespeech ""@Lupuz0503: Terlihat salah satu pendukung mafia koruptor dan penista agama, para gerombolan BANCI TITOT lakukan bidikan ke arah""?
- iya
- tidak",iya
1908,id_hatespeech,id_hatespeech_nusantara_text,20d3bb4f-5b68-4914-940e-154e4c227555,hate_or_noHate_zs_opt_apakah_yes_or_no,train,"Apakah teks berikut ini hatespeech ""tobat yuk sebelum terlambat. biar gerombolan JIL aja yg kita doakan konsisten bela kekafiran hingga akhir hayat https:\/\/t.co\/979uJ6ItrM""?
- iya
- tidak",iya
1909,id_hatespeech,id_hatespeech_nusantara_text,20d3bb4f-5b68-4914-940e-154e4c227555,hate_or_noHate_zs_opt_apakah_yes_or_no,train,"Apakah teks berikut ini hatespeech ""RT @UstadTengku: Ya Allah Jika Mereka Menempuh Cara2 Curang utk Memenangkan Si Penista Agama, Engkau Kirimkanlah MALAIKAT MAUT Utk menyeles\u2026""?
- iya
- tidak",iya
1910,id_hatespeech,id_hatespeech_nusantara_text,20d3bb4f-5b68-4914-940e-154e4c227555,hate_or_noHate_zs_opt_apakah_yes_or_no,train,"Apakah teks berikut ini hatespeech "";Kebanyakan fitnah nih mpok silvy #DebatFinalPilkadaJKT #Gue2""?
- iya
- tidak",iya
1911,id_hatespeech,id_hatespeech_nusantara_text,20d3bb4f-5b68-4914-940e-154e4c227555,hate_or_noHate_zs_opt_apakah_yes_or_no,train,"Apakah teks berikut ini hatespeech ""FPI: Pendukung Ahok kalah jumlah, dengan izin Allah kita gusur Gubernur koruptor dan penista agama https:\/\/t.co\/Jp7pGLRGiE""?
- iya
- tidak",iya
1912,id_hatespeech,id_hatespeech_nusantara_text,20d3bb4f-5b68-4914-940e-154e4c227555,hate_or_noHate_zs_opt_apakah_yes_or_no,train,"Apakah teks berikut ini hatespeech ""#JakartaBanjir Pemimpinnya gak punya akhlak yg baik... PENISTA AGAMA. https:\/\/t.co\/PNEGDJMPCH""?
- iya
- tidak",iya
1913,id_hatespeech,id_hatespeech_nusantara_text,20d3bb4f-5b68-4914-940e-154e4c227555,hate_or_noHate_zs_opt_apakah_yes_or_no,train,"Apakah teks berikut ini hatespeech ""RT @felixsiauw: tapi twit begini asik lo, kita jadi tau yang mana akun-akun pro-penista agama, akun-akun buzzer yang kerjanya menghujat :)""?
- iya
- tidak",iya
1914,id_hatespeech,id_hatespeech_nusantara_text,20d3bb4f-5b68-4914-940e-154e4c227555,hate_or_noHate_zs_opt_apakah_yes_or_no,train,"Apakah teks berikut ini hatespeech ""@DivHumasHansip: ahoker siap bela penista agama https:\/\/t.co\/HxuU4rUDFX\""?
- iya
- tidak",iya
1915,id_hatespeech,id_hatespeech_nusantara_text,20d3bb4f-5b68-4914-940e-154e4c227555,hate_or_noHate_zs_opt_apakah_yes_or_no,train,"Apakah teks berikut ini hatespeech ""RT @alwinazar24: sepertinya CUCUnya DAJJAL telah hadir""?
- iya
- tidak",iya
1916,id_hatespeech,id_hatespeech_nusantara_text,20d3bb4f-5b68-4914-940e-154e4c227555,hate_or_noHate_zs_opt_apakah_yes_or_no,train,"Apakah teks berikut ini hatespeech ""Mereka Siang MALAM Maki2 Ulama Kita, Nongkrongi Medsos Ulama2\nBela PENISTA Agama yg SOMBONGNYA Minta AMPUN.""?
- iya
- tidak",iya
1917,id_hatespeech,id_hatespeech_nusantara_text,20d3bb4f-5b68-4914-940e-154e4c227555,hate_or_noHate_zs_opt_apakah_yes_or_no,train,"Apakah teks berikut ini hatespeech ""RT @Jhonkosmik: Ada apa dengan mayoritas etnis China di DKI?\nMengapa begitu solid mendukung penista agama Islam?\n\nDendam?\nTidak nasionalis?""?
- iya
- tidak",iya
1918,id_hatespeech,id_hatespeech_nusantara_text,20d3bb4f-5b68-4914-940e-154e4c227555,hate_or_noHate_zs_opt_apakah_yes_or_no,train,"Apakah teks berikut ini hatespeech ""Mukanya mpo Silvy Asem bangett ngakak kena deh abis jahat sih #DebatFinalPilkadaJKT""?
- iya
- tidak",iya
1919,id_hatespeech,id_hatespeech_nusantara_text,20d3bb4f-5b68-4914-940e-154e4c227555,hate_or_noHate_zs_opt_apakah_yes_or_no,train,"Apakah teks berikut ini hatespeech ""RT @GodinJ760478: @tempodotco gara2 belain terdakwa penista agama jadi remek semua. Sukurin""?
- iya
- tidak",iya
1920,id_hatespeech,id_hatespeech_nusantara_text,20d3bb4f-5b68-4914-940e-154e4c227555,hate_or_noHate_zs_opt_apakah_yes_or_no,train,"Apakah teks berikut ini hatespeech ""RT @Chaeruddin_B: Sekumpulan Teman Penista Agama\nTdk ada empati buat korban banjir, hanya koar2 memuji junjunganya https:\/\/t.co\/XQFktDG74x""?
- iya
- tidak",iya
1921,id_hatespeech,id_hatespeech_nusantara_text,20d3bb4f-5b68-4914-940e-154e4c227555,hate_or_noHate_zs_opt_apakah_yes_or_no,train,"Apakah teks berikut ini hatespeech ""RT @TerorisSocmed: PENJARAKAN PENISTA AGAMA !!! ATAU @jokowi TURUN !!! https:\/\/t.co\/vqH0TNXaRz""?
- iya
- tidak",iya
1922,id_hatespeech,id_hatespeech_nusantara_text,20d3bb4f-5b68-4914-940e-154e4c227555,hate_or_noHate_zs_opt_apakah_yes_or_no,train,"Apakah teks berikut ini hatespeech ""Si penista agama, Jaga mulut aja gabisa apalagi jaga jkt?""?
- iya
- tidak",iya
1923,id_hatespeech,id_hatespeech_nusantara_text,20d3bb4f-5b68-4914-940e-154e4c227555,hate_or_noHate_zs_opt_apakah_yes_or_no,train,"Apakah teks berikut ini hatespeech ""Ahok : program paslon no. 1 ini programnya ngambang | yaiyalah pakkk gak ada program diaa cma ada celaan #DebatFinalPilkadaJKT""?
- iya
- tidak",iya
1924,id_hatespeech,id_hatespeech_nusantara_text,20d3bb4f-5b68-4914-940e-154e4c227555,hate_or_noHate_zs_opt_apakah_yes_or_no,train,"Apakah teks berikut ini hatespeech ""Akui saja Ahok dan Djarot kalian gagal atasi banjir.Orang kena banjir anda sibuk sidang kasus penista agama""?
- iya
- tidak",iya
1925,id_hatespeech,id_hatespeech_nusantara_text,20d3bb4f-5b68-4914-940e-154e4c227555,hate_or_noHate_zs_opt_apakah_yes_or_no,train,"Apakah teks berikut ini hatespeech ""RT @87_julay: Iyaa... Ahog Ngak pantes jadi pemimpin.. Pantesnya penista agama dipenjarakan!!! https:\/\/t.co\/YhhO40QWXS""?
- iya
- tidak",iya
1926,id_hatespeech,id_hatespeech_nusantara_text,20d3bb4f-5b68-4914-940e-154e4c227555,hate_or_noHate_zs_opt_apakah_yes_or_no,train,"Apakah teks berikut ini hatespeech ""RT @wongawas: Overdosis @Metro_TV membela penista agama. https:\/\/t.co\/i84RARpy5w""?
- iya
- tidak",iya
1927,id_hatespeech,id_hatespeech_nusantara_text,20d3bb4f-5b68-4914-940e-154e4c227555,hate_or_noHate_zs_opt_apakah_yes_or_no,train,"Apakah teks berikut ini hatespeech ""Kaga masuk diakal kite kalo suara seorang penista agama yg dah dikutuk ame umat islam suara nye bisa tinggi, emang sengaja ditinggiin tuh""?
- iya
- tidak",iya
1928,id_hatespeech,id_hatespeech_nusantara_text,20d3bb4f-5b68-4914-940e-154e4c227555,hate_or_noHate_zs_opt_apakah_yes_or_no,train,"Apakah teks berikut ini hatespeech ""RT @andreobz: Pantasan di pecat dr menteri...data2 aj ngawur dan memkasakan betul..hahaha #AhokPastiTumbang #paslon3 #pilgubdki""?
- iya
- tidak",iya
1929,id_hatespeech,id_hatespeech_nusantara_text,20d3bb4f-5b68-4914-940e-154e4c227555,hate_or_noHate_zs_opt_apakah_yes_or_no,train,"Apakah teks berikut ini hatespeech ""RT @BangsaPenguasa: Penjarakan ahoax penista agama atau jokowi turun.#KonsolidasiDewanPKB https:\/\/t.co\/XoW5eakIsk""?
- iya
- tidak",iya
1930,id_hatespeech,id_hatespeech_nusantara_text,20d3bb4f-5b68-4914-940e-154e4c227555,hate_or_noHate_zs_opt_apakah_yes_or_no,train,"Apakah teks berikut ini hatespeech ""Napa dibiarin tim si penista agama maen curang maren, emang sengaja dibiarin biar ntar digaplok umat islam rame2 se jakarta tuh penista""?
- iya
- tidak",iya
1931,id_hatespeech,id_hatespeech_nusantara_text,20d3bb4f-5b68-4914-940e-154e4c227555,hate_or_noHate_zs_opt_apakah_yes_or_no,train,"Apakah teks berikut ini hatespeech ""Hahahahhahaa silvy ohh silvy cacingan amat loe ahhh wkwkwkwkwkk #DebatFinalPilkadaJKT""?
- iya
- tidak",iya
1932,id_hatespeech,id_hatespeech_nusantara_text,20d3bb4f-5b68-4914-940e-154e4c227555,hate_or_noHate_zs_opt_apakah_yes_or_no,train,"Apakah teks berikut ini hatespeech ""RT @Rakyat_Angin: Ahok Taik. \""MENFITNAH\"". Emang lu tukang caci maki perempuannn!! Asuuu #AhokPastiTumbang #DebatFinalPilkadaJKT""?
- iya
- tidak",iya
1933,id_hatespeech,id_hatespeech_nusantara_text,20d3bb4f-5b68-4914-940e-154e4c227555,hate_or_noHate_zs_opt_apakah_yes_or_no,train,"Apakah teks berikut ini hatespeech ""RT @HasanArisandi: #AhokPastiTumbang fakta di bilang fitnah\n#DebatFinalPilkadaJKT""?
- iya
- tidak",iya
1934,id_hatespeech,id_hatespeech_nusantara_text,20d3bb4f-5b68-4914-940e-154e4c227555,hate_or_noHate_zs_opt_apakah_yes_or_no,train,"Apakah teks berikut ini hatespeech ""Shame on you silvy !! Ga malu fitnah?? Tuh rasain pak ahok panas, skak mat #DebatFinalPilkadaJKT""?
- iya
- tidak",iya
1935,id_hatespeech,id_hatespeech_nusantara_text,20d3bb4f-5b68-4914-940e-154e4c227555,hate_or_noHate_zs_opt_apakah_yes_or_no,train,"Apakah teks berikut ini hatespeech ""Bu silvi anti pns level rendah katanya #DebatFinalPilkadaJKT""?
- iya
- tidak",iya
1936,id_hatespeech,id_hatespeech_nusantara_text,20d3bb4f-5b68-4914-940e-154e4c227555,hate_or_noHate_zs_opt_apakah_yes_or_no,train,"Apakah teks berikut ini hatespeech ""RT @AnnisaFYtr: Hanya Orang Islam Yang Bodoh dan Goblok Yang Memilik Ahok! #DebatFinalPilkadaJKT""?
- iya
- tidak",iya
1937,id_hatespeech,id_hatespeech_nusantara_text,20d3bb4f-5b68-4914-940e-154e4c227555,hate_or_noHate_zs_opt_apakah_yes_or_no,train,"Apakah teks berikut ini hatespeech ""@DivHumasHansip: fitnah FPI pecah adalah ulah ahoker yg melihat elektabilitas ahok tinggal 10%,mereka kelojotan melihat MUI+NU+Muhammadi""?
- iya
- tidak",iya
1938,id_hatespeech,id_hatespeech_nusantara_text,20d3bb4f-5b68-4914-940e-154e4c227555,hate_or_noHate_zs_opt_apakah_yes_or_no,train,"Apakah teks berikut ini hatespeech ""Norak banget iklan mantan mendikbud @aniesbaswedan ini. Tambah gak respech.. inilah tenun kebangsaan yg dia maksud.\u2026 https:\/\/t.co\/Ux7HEYkBLG""?
- iya
- tidak",iya
1939,id_hatespeech,id_hatespeech_nusantara_text,20d3bb4f-5b68-4914-940e-154e4c227555,hate_or_noHate_zs_opt_apakah_yes_or_no,train,"Apakah teks berikut ini hatespeech ""RT @DivHumasHansip: yg nebar kebencian itu ahok mbak,masa mbak gak tau sih sampai dia jadi terdakwa loh @AnizzahGedrun""?
- iya
- tidak",iya
1940,id_hatespeech,id_hatespeech_nusantara_text,20d3bb4f-5b68-4914-940e-154e4c227555,hate_or_noHate_zs_opt_apakah_yes_or_no,train,"Apakah teks berikut ini hatespeech ""pertanyaan dari Bu Sylvi gak mutu amat. #DebatFinalPilkadaJKT""?
- iya
- tidak",iya
1941,id_hatespeech,id_hatespeech_nusantara_text,20d3bb4f-5b68-4914-940e-154e4c227555,hate_or_noHate_zs_opt_apakah_yes_or_no,train,"Apakah teks berikut ini hatespeech ""Huuu sylvi tak tahu apa-apa asal ngoceh #NobarAhokDjarot #DebatFinalPilkadaJKT""?
- iya
- tidak",iya
1942,id_hatespeech,id_hatespeech_nusantara_text,20d3bb4f-5b68-4914-940e-154e4c227555,hate_or_noHate_zs_opt_apakah_yes_or_no,train,"Apakah teks berikut ini hatespeech ""Sylvi keliatan bloonnya #DebatFinalPilkadaJKT""?
- iya
- tidak",iya
1943,id_hatespeech,id_hatespeech_nusantara_text,20d3bb4f-5b68-4914-940e-154e4c227555,hate_or_noHate_zs_opt_apakah_yes_or_no,train,"Apakah teks berikut ini hatespeech ""RT @WanitaRevolusi: Ahoax penista agama kembali mengolok olok surat AL-MAIDAH 51. Cc @Dahnilanzar""?
- iya
- tidak",iya
1944,id_hatespeech,id_hatespeech_nusantara_text,20d3bb4f-5b68-4914-940e-154e4c227555,hate_or_noHate_zs_opt_apakah_yes_or_no,train,"Apakah teks berikut ini hatespeech ""#JakartaBanjir Pemimpinnya gak punya akhlak yg baik... PENISTA AGAMA.""?
- iya
- tidak",iya
1945,id_hatespeech,id_hatespeech_nusantara_text,20d3bb4f-5b68-4914-940e-154e4c227555,hate_or_noHate_zs_opt_apakah_yes_or_no,train,"Apakah teks berikut ini hatespeech ""#DebatFinalPilkadaJKT mati kau hok""?
- iya
- tidak",iya
1946,id_hatespeech,id_hatespeech_nusantara_text,20d3bb4f-5b68-4914-940e-154e4c227555,hate_or_noHate_zs_opt_apakah_yes_or_no,train,"Apakah teks berikut ini hatespeech ""Yg ga punya program bisanya cuma fitnah. Ciri Orang yg demen ngambil kjp kontan #DebatFinalPilkadaJKT""?
- iya
- tidak",iya
1947,id_hatespeech,id_hatespeech_nusantara_text,20d3bb4f-5b68-4914-940e-154e4c227555,hate_or_noHate_zs_opt_apakah_yes_or_no,train,"Apakah teks berikut ini hatespeech ""Mpok silvi nyinyir melulu pertanyaan nya tapi sayang sesat! Maklum sih dese emakemak! #DebatFinalDKI #DebatFinalPilkadaJKT""?
- iya
- tidak",iya
1948,id_hatespeech,id_hatespeech_nusantara_text,20d3bb4f-5b68-4914-940e-154e4c227555,hate_or_noHate_zs_opt_apakah_yes_or_no,train,"Apakah teks berikut ini hatespeech ""RT @bajigurceleng: @jpnncom hahaha jelas2 buat pilkada dasar polisi made in cina pelindung penista agama""?
- iya
- tidak",iya
1949,id_hatespeech,id_hatespeech_nusantara_text,20d3bb4f-5b68-4914-940e-154e4c227555,hate_or_noHate_zs_opt_apakah_yes_or_no,train,"Apakah teks berikut ini hatespeech ""Kurangnya pemberdayaan wanita DKI Jakarta bisa dilihat dari telaknya perbedaan warna muka dan warna tangan mpok sylvi #DebatFinalPilkadaJKT""?
- iya
- tidak",iya
1950,id_hatespeech,id_hatespeech_nusantara_text,20d3bb4f-5b68-4914-940e-154e4c227555,hate_or_noHate_zs_opt_apakah_yes_or_no,train,"Apakah teks berikut ini hatespeech ""Agus silvy Tukang Fitnah #DebatFinalPilkadaJKT""?
- iya
- tidak",iya
1951,id_hatespeech,id_hatespeech_nusantara_text,20d3bb4f-5b68-4914-940e-154e4c227555,hate_or_noHate_zs_opt_apakah_yes_or_no,train,"Apakah teks berikut ini hatespeech ""#DebatFinalPilkadaJKT yaudah gus sini kalo ga sakit secara fisik daripada verbal gw gebukin lo rame2""?
- iya
- tidak",iya
1952,id_hatespeech,id_hatespeech_nusantara_text,20d3bb4f-5b68-4914-940e-154e4c227555,hate_or_noHate_zs_opt_apakah_yes_or_no,train,"Apakah teks berikut ini hatespeech ""Keluarga kita gak ada yg maling coyy gak perlu trauma kaleeeee emang kluarga ente?""?
- iya
- tidak",iya
1953,id_hatespeech,id_hatespeech_nusantara_text,20d3bb4f-5b68-4914-940e-154e4c227555,hate_or_noHate_zs_opt_apakah_yes_or_no,train,"Apakah teks berikut ini hatespeech ""JG KAITKAN JOKOWI DENGAN AHOK KATA JOHAN BUDI. KATA KAMI. SEBAB JOKOWI ANJING. SEDANGKAN AHOK BABI. YA JELAS BERBEDA. WALAUPUN OTAKNYA SAMA""?
- iya
- tidak",iya
1954,id_hatespeech,id_hatespeech_nusantara_text,20d3bb4f-5b68-4914-940e-154e4c227555,hate_or_noHate_zs_opt_apakah_yes_or_no,train,"Apakah teks berikut ini hatespeech ""Bajingan lu silvy #DebatFinalPilkadaJKT""?
- iya
- tidak",iya
1955,id_hatespeech,id_hatespeech_nusantara_text,20d3bb4f-5b68-4914-940e-154e4c227555,hate_or_noHate_zs_opt_apakah_yes_or_no,train,"Apakah teks berikut ini hatespeech ""Hasil Akhir, Menyatakan @jokowi Melindungi Ahok TERDAKWA PENISTA AGAMA !!!""?
- iya
- tidak",iya
1956,id_hatespeech,id_hatespeech_nusantara_text,20d3bb4f-5b68-4914-940e-154e4c227555,hate_or_noHate_zs_opt_apakah_yes_or_no,train,"Apakah teks berikut ini hatespeech ""RT @SiBonekaKayu: Selepas banjir Jakarta 212 Pendukung Ahok mengganti narasi doa. Semua demi keuntungan Sang Penista Agama""?
- iya
- tidak",iya
1957,id_hatespeech,id_hatespeech_nusantara_text,20d3bb4f-5b68-4914-940e-154e4c227555,hate_or_noHate_zs_opt_apakah_yes_or_no,train,"Apakah teks berikut ini hatespeech ""Tionghoa katanya kaya? Kok pada putus sekolah? Kebanyakan dugem?""?
- iya
- tidak",iya
1958,id_hatespeech,id_hatespeech_nusantara_text,20d3bb4f-5b68-4914-940e-154e4c227555,hate_or_noHate_zs_opt_apakah_yes_or_no,train,"Apakah teks berikut ini hatespeech ""Gusur Ahok demi Indonesia. Teladan buruk pembangkangan hukum dan anti kemanusiaan di Jakarta jgn tertular ke daerah. #CoblosPecinya""?
- iya
- tidak",iya
1959,id_hatespeech,id_hatespeech_nusantara_text,20d3bb4f-5b68-4914-940e-154e4c227555,hate_or_noHate_zs_opt_apakah_yes_or_no,train,"Apakah teks berikut ini hatespeech ""BUAT AHOKER YANG TAKUT MATINYA GG DISHOLATIN , TENANG ADA ABU JANDA UST GADUNGAN YG SIAP SHOLATIN AHOKER & JOKOWER""?
- iya
- tidak",iya
1960,id_hatespeech,id_hatespeech_nusantara_text,20d3bb4f-5b68-4914-940e-154e4c227555,hate_or_noHate_zs_opt_apakah_yes_or_no,train,"Apakah teks berikut ini hatespeech ""Mampuuss ! Di tembak dalem banget silvyy .. lo urusin tuh dapurr ! Gak punya program demennya nyerang terus !!! #gue2 #DebatFinalPilkadaJKT""?
- iya
- tidak",iya
1961,id_hatespeech,id_hatespeech_nusantara_text,20d3bb4f-5b68-4914-940e-154e4c227555,hate_or_noHate_zs_opt_apakah_yes_or_no,train,"Apakah teks berikut ini hatespeech ""Anjir baru kali ini lihat orang bego mau debat pilkada. Kerjanya nyerang karakter. Shame on you mpok silvy and agus. #DebatFinalPilkadaJKT""?
- iya
- tidak",iya
1962,id_hatespeech,id_hatespeech_nusantara_text,20d3bb4f-5b68-4914-940e-154e4c227555,hate_or_noHate_zs_opt_apakah_yes_or_no,train,"Apakah teks berikut ini hatespeech ""Uang Taipan tuh. Nanti dibayar dengan ratusan penggusuran biadab oleh Ahok.""?
- iya
- tidak",iya
1963,id_hatespeech,id_hatespeech_nusantara_text,20d3bb4f-5b68-4914-940e-154e4c227555,hate_or_noHate_zs_opt_apakah_yes_or_no,train,"Apakah teks berikut ini hatespeech ""CINA ASU https:\/\/t.co\/zM1BsjAIHA""?
- iya
- tidak",iya
1964,id_hatespeech,id_hatespeech_nusantara_text,20d3bb4f-5b68-4914-940e-154e4c227555,hate_or_noHate_zs_opt_apakah_yes_or_no,train,"Apakah teks berikut ini hatespeech ""Ketika ngomong, Sylvi keliatan oke. Tapi begitu didebat Ahok, Sylvi langsung kekuatan goblok.""?
- iya
- tidak",iya
1965,id_hatespeech,id_hatespeech_nusantara_text,20d3bb4f-5b68-4914-940e-154e4c227555,hate_or_noHate_zs_opt_apakah_yes_or_no,train,"Apakah teks berikut ini hatespeech ""Jangankan Banjir, Tuhan aja Dilawan Sama Ahok #JakartaBanjir Tapi Jakarta hari Ini Bukan Banjir, Hanya GENANGAN.""?
- iya
- tidak",iya
1966,id_hatespeech,id_hatespeech_nusantara_text,20d3bb4f-5b68-4914-940e-154e4c227555,hate_or_noHate_zs_opt_apakah_yes_or_no,train,"Apakah teks berikut ini hatespeech ""ADA PEMIMPIM PRIBUMI knp pilih PEMIMPIN IMPOR yg g BERADAB tukang BERBOHONG yuk PRIBUMIKAN DKI milik BANGSA IND @Gemacan70 @TerorisSocmed""?
- iya
- tidak",iya
1967,id_hatespeech,id_hatespeech_nusantara_text,20d3bb4f-5b68-4914-940e-154e4c227555,hate_or_noHate_zs_opt_apakah_yes_or_no,train,"Apakah teks berikut ini hatespeech ""Karna dia ga punya program hanya modal bacot doang""?
- iya
- tidak",iya
1968,id_hatespeech,id_hatespeech_nusantara_text,20d3bb4f-5b68-4914-940e-154e4c227555,hate_or_noHate_zs_opt_apakah_yes_or_no,train,"Apakah teks berikut ini hatespeech ""Pendukung berarti dia bagian dr penista agama tersebut!!! Dukung gerakan ini 100%""?
- iya
- tidak",iya
1969,id_hatespeech,id_hatespeech_nusantara_text,20d3bb4f-5b68-4914-940e-154e4c227555,hate_or_noHate_zs_opt_apakah_yes_or_no,train,"Apakah teks berikut ini hatespeech ""Narkoba yg paling berbahaya adalah ILUSI KESUCIAN AHOK SANG PENISTA.""?
- iya
- tidak",iya
1970,id_hatespeech,id_hatespeech_nusantara_text,20d3bb4f-5b68-4914-940e-154e4c227555,hate_or_noHate_zs_opt_apakah_yes_or_no,train,"Apakah teks berikut ini hatespeech ""@tribunnews emang ahok siapa?? Orang penting?? Dia hanya penista agama!!""?
- iya
- tidak",iya
1971,id_hatespeech,id_hatespeech_nusantara_text,20d3bb4f-5b68-4914-940e-154e4c227555,hate_or_noHate_zs_opt_apakah_yes_or_no,train,"Apakah teks berikut ini hatespeech ""cina mah duitnya dari hasil maling di Indonesia di balikin lgi berkedok invest plus bawa gembel2 & napi dari Cina negeri nenek moyang ahok""?
- iya
- tidak",iya
1972,id_hatespeech,id_hatespeech_nusantara_text,20d3bb4f-5b68-4914-940e-154e4c227555,hate_or_noHate_zs_opt_apakah_yes_or_no,train,"Apakah teks berikut ini hatespeech ""Tangkap Ahok @basuki_btp skrng juga, koruptor reklamasi Jakarta dan penista Agama Islam.""?
- iya
- tidak",iya
1973,id_hatespeech,id_hatespeech_nusantara_text,20d3bb4f-5b68-4914-940e-154e4c227555,hate_or_noHate_zs_opt_apakah_yes_or_no,train,"Apakah teks berikut ini hatespeech ""keliatan banget bego nya mpok silvy and agus. #DebatFinalPilkadaJKT""?
- iya
- tidak",iya
1974,id_hatespeech,id_hatespeech_nusantara_text,20d3bb4f-5b68-4914-940e-154e4c227555,hate_or_noHate_zs_opt_apakah_yes_or_no,train,"Apakah teks berikut ini hatespeech ""Yg Ahokers, Klo gak seneng ama cuitan gw silahkan unfollow krn gw Anti AHOK (Si Penista Agama Islam)""?
- iya
- tidak",iya
1975,id_hatespeech,id_hatespeech_nusantara_text,20d3bb4f-5b68-4914-940e-154e4c227555,hate_or_noHate_zs_opt_apakah_yes_or_no,train,"Apakah teks berikut ini hatespeech ""AGAMA DI NISTAKAN! ULAMA DI LECEHKAN!! Ini Alasannya #HaramPemimpinKafir""?
- iya
- tidak",iya
1976,id_hatespeech,id_hatespeech_nusantara_text,20d3bb4f-5b68-4914-940e-154e4c227555,hate_or_noHate_zs_opt_apakah_yes_or_no,train,"Apakah teks berikut ini hatespeech ""RT @FredyBastian3: Cara serang Ahok : Kafir galak""?
- iya
- tidak",iya
1977,id_hatespeech,id_hatespeech_nusantara_text,20d3bb4f-5b68-4914-940e-154e4c227555,hate_or_noHate_zs_opt_apakah_yes_or_no,train,"Apakah teks berikut ini hatespeech ""@umnia77 @ruhutsitompul @sahal_as anjing2 ahok.kaum babi lo bnyk bacot.mnding duel sma gw.""?
- iya
- tidak",iya
1978,id_hatespeech,id_hatespeech_nusantara_text,20d3bb4f-5b68-4914-940e-154e4c227555,hate_or_noHate_zs_opt_apakah_yes_or_no,train,"Apakah teks berikut ini hatespeech ""Ahok memang verbalnya keras. Pelampiasan dan pelarian karena kelelakiannya lunak.""?
- iya
- tidak",iya
1979,id_hatespeech,id_hatespeech_nusantara_text,20d3bb4f-5b68-4914-940e-154e4c227555,hate_or_noHate_zs_opt_apakah_yes_or_no,train,"Apakah teks berikut ini hatespeech ""yg maling itu kan china2 babi BLBI , korupsi nya triliunan , termasuk si AHok korupsi 2 triliun..""?
- iya
- tidak",iya
1980,id_hatespeech,id_hatespeech_nusantara_text,20d3bb4f-5b68-4914-940e-154e4c227555,hate_or_noHate_zs_opt_apakah_yes_or_no,train,"Apakah teks berikut ini hatespeech ""Mimpi djan farid jakarta lebih islami dari aceh jika ahok terpilih itu ibarat babi merindukan halal""?
- iya
- tidak",iya
1981,id_hatespeech,id_hatespeech_nusantara_text,20d3bb4f-5b68-4914-940e-154e4c227555,hate_or_noHate_zs_opt_apakah_yes_or_no,train,"Apakah teks berikut ini hatespeech ""@KompasTV @ridwankamil ridwal kamil memang hebat dan top nggak kaya ahok tukang penista agama dan koruptor""?
- iya
- tidak",iya
1982,id_hatespeech,id_hatespeech_nusantara_text,20d3bb4f-5b68-4914-940e-154e4c227555,hate_or_noHate_zs_opt_apakah_yes_or_no,train,"Apakah teks berikut ini hatespeech ""@TPK_RI ITULAH si ahok kutil babi""?
- iya
- tidak",iya
1983,id_hatespeech,id_hatespeech_nusantara_text,20d3bb4f-5b68-4914-940e-154e4c227555,hate_or_noHate_zs_opt_apakah_yes_or_no,train,"Apakah teks berikut ini hatespeech ""Dasar si Kutil babi ahok memang Tukang Bohong. selain Bohong ahok jg biasa Menyalahkan yg lain menutupi Kegagalan nya . contoh soal banjir""?
- iya
- tidak",iya
1984,id_hatespeech,id_hatespeech_nusantara_text,20d3bb4f-5b68-4914-940e-154e4c227555,hate_or_noHate_zs_opt_apakah_yes_or_no,train,"Apakah teks berikut ini hatespeech ""@PonkEcha @Fahrihamzah Si Terdakwa Penista Agama Alias Si Ahok Babi Jamban tuh yang Morfotin Uang Rakyat Jakarta""?
- iya
- tidak",iya
1985,id_hatespeech,id_hatespeech_nusantara_text,20d3bb4f-5b68-4914-940e-154e4c227555,hate_or_noHate_zs_opt_apakah_yes_or_no,train,"Apakah teks berikut ini hatespeech ""Om...Ahoknya...Mana Om,Katanya Si BABi Ahok Bisa Ngatasi Banjir...Om...BABi Jgn Membual Om...?!!?""?
- iya
- tidak",iya
1986,id_hatespeech,id_hatespeech_nusantara_text,20d3bb4f-5b68-4914-940e-154e4c227555,hate_or_noHate_zs_opt_apakah_yes_or_no,train,"Apakah teks berikut ini hatespeech ""kenapa anak babi jalan nya nunduk???karena malu liat ulah bapak nya yang ngebelain ahok..""?
- iya
- tidak",iya
1987,id_hatespeech,id_hatespeech_nusantara_text,20d3bb4f-5b68-4914-940e-154e4c227555,hate_or_noHate_zs_opt_apakah_yes_or_no,train,"Apakah teks berikut ini hatespeech ""Perilaku Si BABI @jokoanwar ini memang benci dgn hal berbau Islam. Cocok dgn Ahok. @SiBonekaKayu""?
- iya
- tidak",iya
1988,id_hatespeech,id_hatespeech_nusantara_text,20d3bb4f-5b68-4914-940e-154e4c227555,hate_or_noHate_zs_opt_apakah_yes_or_no,train,"Apakah teks berikut ini hatespeech ""@budimandjatmiko ahok si kutil babi kembali ke rumah lembang kenapa jakarta jadi banjir bud?""?
- iya
- tidak",iya
1989,id_hatespeech,id_hatespeech_nusantara_text,20d3bb4f-5b68-4914-940e-154e4c227555,hate_or_noHate_zs_opt_apakah_yes_or_no,train,"Apakah teks berikut ini hatespeech ""#jujur orang cerdas dan pintar pilih orang imam dan mampu memimpin ..bisa sholat...bisa ngaji..santun, sopan..tidak seperti babi kafir ahok""?
- iya
- tidak",iya
1990,id_hatespeech,id_hatespeech_nusantara_text,20d3bb4f-5b68-4914-940e-154e4c227555,hate_or_noHate_zs_opt_apakah_yes_or_no,train,"Apakah teks berikut ini hatespeech ""Teman Ahok emank TAI. apalagi pemimpinnya kek BABI! @temanahok""?
- iya
- tidak",iya
1991,id_hatespeech,id_hatespeech_nusantara_text,20d3bb4f-5b68-4914-940e-154e4c227555,hate_or_noHate_zs_opt_apakah_yes_or_no,train,"Apakah teks berikut ini hatespeech ""Mana para babi ahok yg ngejek onta, biar di injek2 ama onta""?
- iya
- tidak",iya
1992,id_hatespeech,id_hatespeech_nusantara_text,20d3bb4f-5b68-4914-940e-154e4c227555,hate_or_noHate_zs_opt_apakah_yes_or_no,train,"Apakah teks berikut ini hatespeech ""@gotcancer2 bukannya stigma babi itu milik tuhan elu si ahok kafir""?
- iya
- tidak",iya
1993,id_hatespeech,id_hatespeech_nusantara_text,20d3bb4f-5b68-4914-940e-154e4c227555,hate_or_noHate_zs_opt_apakah_yes_or_no,train,"Apakah teks berikut ini hatespeech ""Kampungan ya pendukung AHY https:\/\/t.co\/GmezpOYLsY""?
- iya
- tidak",iya
1994,id_hatespeech,id_hatespeech_nusantara_text,20d3bb4f-5b68-4914-940e-154e4c227555,hate_or_noHate_zs_opt_apakah_yes_or_no,train,"Apakah teks berikut ini hatespeech ""@Ananda_harahaP udah lu jgn panik gitu. ahok si kutil babi bakal tumbang kok di putaran kedua. teruskan cuapcuap mu di sosmed, gak ngaruh.""?
- iya
- tidak",iya
1995,id_hatespeech,id_hatespeech_nusantara_text,20d3bb4f-5b68-4914-940e-154e4c227555,hate_or_noHate_zs_opt_apakah_yes_or_no,train,"Apakah teks berikut ini hatespeech ""ahok tidak layak seperti manusia, dia lebih tepat seperti babi yg tidak punya akal pikiran dan jiwa manusiawi""?
- iya
- tidak",iya
1996,id_hatespeech,id_hatespeech_nusantara_text,20d3bb4f-5b68-4914-940e-154e4c227555,hate_or_noHate_zs_opt_apakah_yes_or_no,train,"Apakah teks berikut ini hatespeech ""@haloJakarta Ahok (BTP) Basuki Tai Babi""?
- iya
- tidak",iya
1997,id_hatespeech,id_hatespeech_nusantara_text,20d3bb4f-5b68-4914-940e-154e4c227555,hate_or_noHate_zs_opt_apakah_yes_or_no,train,"Apakah teks berikut ini hatespeech ""RT @diyahaudya: @yusuf_dumdum Yg ada, cacimaki penista agama tapi ternyata ketauan poligami ngumpet2. Apa mau digituin? Saya sih ogah.""?
- iya
- tidak",iya
1998,id_hatespeech,id_hatespeech_nusantara_text,20d3bb4f-5b68-4914-940e-154e4c227555,hate_or_noHate_zs_opt_apakah_yes_or_no,train,"Apakah teks berikut ini hatespeech ""@adichandramang2 @CummaRachel @korban_gusur iya , trump memang penista agama atau anti islam emang hubungannya dgn anis apa?""?
- iya
- tidak",iya
1999,id_hatespeech,id_hatespeech_nusantara_text,20d3bb4f-5b68-4914-940e-154e4c227555,hate_or_noHate_zs_opt_apakah_yes_or_no,train,"Apakah teks berikut ini hatespeech ""@adichandramang2\nAda aseng KOPLO pembela si PENISTA AGAMA yg durjana nyuruh org lain ngaji!""?
- iya
- tidak",iya
2000,id_hatespeech,id_hatespeech_nusantara_text,20d3bb4f-5b68-4914-940e-154e4c227555,hate_or_noHate_zs_opt_apakah_yes_or_no,train,"Apakah teks berikut ini hatespeech ""@bayprio Itulah kebodohan para penista agama, sudah saatnya pilih pemimpin yg mengerjakan shalat 5 waktu""?
- iya
- tidak",iya
2001,id_hatespeech,id_hatespeech_nusantara_text,20d3bb4f-5b68-4914-940e-154e4c227555,hate_or_noHate_zs_opt_apakah_yes_or_no,train,"Apakah teks berikut ini hatespeech ""@iwanfals pilih Anis sandi doong..jgn pilih si penista agama pemecah NKRI""?
- iya
- tidak",iya
2002,id_hatespeech,id_hatespeech_nusantara_text,20d3bb4f-5b68-4914-940e-154e4c227555,hate_or_noHate_zs_opt_apakah_yes_or_no,train,"Apakah teks berikut ini hatespeech ""@posmetroinfo Emang terdakwa penista agama, salahnya dimana coba, kl yg biasa bikin hoax metrotipu aman2 aja tuh dewan peres""?
- iya
- tidak",iya
2003,id_hatespeech,id_hatespeech_nusantara_text,20d3bb4f-5b68-4914-940e-154e4c227555,hate_or_noHate_zs_opt_apakah_yes_or_no,train,"Apakah teks berikut ini hatespeech ""@RamadanMalka Pamor RK jadi seakan tak ada artinya jika parpol pengusungnya pendukung penista agama...""?
- iya
- tidak",iya
2004,id_hatespeech,id_hatespeech_nusantara_text,20d3bb4f-5b68-4914-940e-154e4c227555,hate_or_noHate_zs_opt_apakah_yes_or_no,train,"Apakah teks berikut ini hatespeech ""@RestySeterah si ahok pantasnya dinobatkan sbgai Babi ngepret""?
- iya
- tidak",iya
2005,id_hatespeech,id_hatespeech_nusantara_text,20d3bb4f-5b68-4914-940e-154e4c227555,hate_or_noHate_zs_opt_apakah_yes_or_no,train,"Apakah teks berikut ini hatespeech ""@roninpribumi @dewanpers yg salah itu mereka menulis TERDAKWA PENISTA AGAMA,coba klo ditulis BAGINDA YANG MULIA pasti ga masalah..cuih..""?
- iya
- tidak",iya
2006,id_hatespeech,id_hatespeech_nusantara_text,20d3bb4f-5b68-4914-940e-154e4c227555,hate_or_noHate_zs_opt_apakah_yes_or_no,train,"Apakah teks berikut ini hatespeech ""Faktanya Cina2 parasit tuh ngotot belain si penista Agama @PradanaBhakti @IrianaPasirua @PutraSumedang18 @khoirulilham12 @ronavioleta""?
- iya
- tidak",iya
2007,id_hatespeech,id_hatespeech_nusantara_text,20d3bb4f-5b68-4914-940e-154e4c227555,hate_or_noHate_zs_opt_apakah_yes_or_no,train,"Apakah teks berikut ini hatespeech ""jokowi ratu adil apaan..??? dia ga ada keturunan darah biruadanya DARAH KOTOR cina babi..!!! https://t.co/JtwFRRdLF4""?
- iya
- tidak",iya
2008,id_hatespeech,id_hatespeech_nusantara_text,20d3bb4f-5b68-4914-940e-154e4c227555,hate_or_noHate_zs_opt_apakah_yes_or_no,train,"Apakah teks berikut ini hatespeech ""RT @RestySeterah: Keren nih apps kawal TPS .. Yuk gabung buat pastikan cagub terdakwa penista Agama lebih cepat diantar kehabitatnya""?
- iya
- tidak",iya
2009,id_hatespeech,id_hatespeech_nusantara_text,20d3bb4f-5b68-4914-940e-154e4c227555,hate_or_noHate_zs_opt_apakah_yes_or_no,train,"Apakah teks berikut ini hatespeech ""Kalau lo gak tau apa-apa ya jangan berkoar sembarangan dong, keliatan banget kalau lo itu beneran bego :)) #FuckYou""?
- iya
- tidak",iya
2010,id_hatespeech,id_hatespeech_nusantara_text,20d3bb4f-5b68-4914-940e-154e4c227555,hate_or_noHate_zs_opt_apakah_yes_or_no,train,"Apakah teks berikut ini hatespeech ""@AHMADDHANIPRAST ahmad dhani yang terhormat paling babi paling anjing aing kontol paling lonte tungu saat nya karier mu akan habis!!!!""?
- iya
- tidak",iya
2011,id_hatespeech,id_hatespeech_nusantara_text,20d3bb4f-5b68-4914-940e-154e4c227555,hate_or_noHate_zs_opt_apakah_yes_or_no,train,"Apakah teks berikut ini hatespeech ""Kang @ridwankamil ,fakta hari ini,partai pendukung si penista agama sangat dibenci rakyat,termasuk rakyat Jabar. https://t.co/b2WetyvrbZ""?
- iya
- tidak",iya
2012,id_hatespeech,id_hatespeech_nusantara_text,20d3bb4f-5b68-4914-940e-154e4c227555,hate_or_noHate_zs_opt_apakah_yes_or_no,train,"Apakah teks berikut ini hatespeech ""plis jangan sok kecantikan selalu pacarin artis2 yang lagi meletek, jijik gw liatnya""?
- iya
- tidak",iya
2013,id_hatespeech,id_hatespeech_nusantara_text,20d3bb4f-5b68-4914-940e-154e4c227555,hate_or_noHate_zs_opt_apakah_yes_or_no,train,"Apakah teks berikut ini hatespeech ""paling mau muntah liat lagak nya @AHMADDHANIPRAST, jadi orang sok iye banget hoek""?
- iya
- tidak",iya
2014,id_hatespeech,id_hatespeech_nusantara_text,20d3bb4f-5b68-4914-940e-154e4c227555,hate_or_noHate_zs_opt_apakah_yes_or_no,train,"Apakah teks berikut ini hatespeech ""@Metro_TV kalau boleh saya ngomong ingin saya katakan ahmad dhani monyet babi anjing. tapi itu tidak boleh""?
- iya
- tidak",iya
2015,id_hatespeech,id_hatespeech_nusantara_text,20d3bb4f-5b68-4914-940e-154e4c227555,hate_or_noHate_zs_opt_apakah_yes_or_no,train,"Apakah teks berikut ini hatespeech ""perempuan kaya lo mending mati aja deh, jelek aja, gausa sok jadi make up artist!""?
- iya
- tidak",iya
2016,id_hatespeech,id_hatespeech_nusantara_text,20d3bb4f-5b68-4914-940e-154e4c227555,hate_or_noHate_zs_opt_apakah_yes_or_no,train,"Apakah teks berikut ini hatespeech ""ahmad dhani itu borok, sampah, babi, anjing. Saya adalah orang pertama yg sangat muak liat muka dhani dan saya berbangga.""?
- iya
- tidak",iya
2017,id_hatespeech,id_hatespeech_nusantara_text,20d3bb4f-5b68-4914-940e-154e4c227555,hate_or_noHate_zs_opt_apakah_yes_or_no,train,"Apakah teks berikut ini hatespeech ""Lah emang sdh jelas2 si ahok terdakwa penista agama. Malu woy! https://t.co/2K0HlMpR9t""?
- iya
- tidak",iya
2018,id_hatespeech,id_hatespeech_nusantara_text,20d3bb4f-5b68-4914-940e-154e4c227555,hate_or_noHate_zs_opt_apakah_yes_or_no,train,"Apakah teks berikut ini hatespeech ""Keputusan ERKA hari ini harus kita HORMATI, begitupun sebaliknya KAMI tidak akan memilih partai pendukung PENISTA AGAMA.""?
- iya
- tidak",iya
2019,id_hatespeech,id_hatespeech_nusantara_text,20d3bb4f-5b68-4914-940e-154e4c227555,hate_or_noHate_zs_opt_apakah_yes_or_no,train,"Apakah teks berikut ini hatespeech ""Lupakan @ridwankamil biarkan karam dg kapal munafiknya. kita bangun jabar dg kapal yg bersih. Delete partai pendukung penista agama dari hati""?
- iya
- tidak",iya
2020,id_hatespeech,id_hatespeech_nusantara_text,20d3bb4f-5b68-4914-940e-154e4c227555,hate_or_noHate_zs_opt_apakah_yes_or_no,train,"Apakah teks berikut ini hatespeech ""Masalah dunia dan masalah nafsu ya kang @ridwankamil . Kata2 kok bersayap kayak burung hantu. https://t.co/mwClbkU4sT""?
- iya
- tidak",iya
2021,id_hatespeech,id_hatespeech_nusantara_text,20d3bb4f-5b68-4914-940e-154e4c227555,hate_or_noHate_zs_opt_apakah_yes_or_no,train,"Apakah teks berikut ini hatespeech ""Penista Agama menjadi Santri Kehormatan.Yang kasih ini ke ahok otaknya perlu direparasi.Demi Pulkada nama Santri yg baik kailan jual belikan""?
- iya
- tidak",iya
2022,id_hatespeech,id_hatespeech_nusantara_text,20d3bb4f-5b68-4914-940e-154e4c227555,hate_or_noHate_zs_opt_apakah_yes_or_no,train,"Apakah teks berikut ini hatespeech ""Payah banget @ridwankamil maju Jabar1 pakai partai Nasdem pendukung penista agama, ente lagi butuh uang ya kang? Payah loe!!""?
- iya
- tidak",iya
2023,id_hatespeech,id_hatespeech_nusantara_text,20d3bb4f-5b68-4914-940e-154e4c227555,hate_or_noHate_zs_opt_apakah_yes_or_no,train,"Apakah teks berikut ini hatespeech ""polisi yg jadi imam sholat ini adalah seorang penista agama, bodoh, BERISLAM cuma ikut2an. COPOT KAPOLRES JAKBAR !! https://t.co/s2h2Ybrthm""?
- iya
- tidak",iya
2024,id_hatespeech,id_hatespeech_nusantara_text,20d3bb4f-5b68-4914-940e-154e4c227555,hate_or_noHate_zs_opt_apakah_yes_or_no,train,"Apakah teks berikut ini hatespeech ""RT @ferdyfrodoo: @bayprio Itulah kebodohan para penista agama, sudah saatnya pilih pemimpin yg mengerjakan shalat 5 waktu""?
- iya
- tidak",iya
2025,id_hatespeech,id_hatespeech_nusantara_text,20d3bb4f-5b68-4914-940e-154e4c227555,hate_or_noHate_zs_opt_apakah_yes_or_no,train,"Apakah teks berikut ini hatespeech ""RT @Ra_Ria_Rana: GAK HABIS PIKIR???\n\nTINGGAL NUNGGU ADZAB ALLAH NIH NEGERI,,,, PEMIMPINNYA SDH DZALIM https://t.co/UmZK4bTyi4""?
- iya
- tidak",iya
2026,id_hatespeech,id_hatespeech_nusantara_text,20d3bb4f-5b68-4914-940e-154e4c227555,hate_or_noHate_zs_opt_apakah_yes_or_no,train,"Apakah teks berikut ini hatespeech ""Sini lu, kami enggak mau kampung kami didatangi sama penista agama, https://t.co/1z3MtHs9ck""?
- iya
- tidak",iya
2027,id_hatespeech,id_hatespeech_nusantara_text,20d3bb4f-5b68-4914-940e-154e4c227555,hate_or_noHate_zs_opt_apakah_yes_or_no,train,"Apakah teks berikut ini hatespeech ""SETUJU SAYA,KLAU AHOK DAPAT GELAR SANTRI KEHORMATAN.... TAPI SANTRI KEHORMATAN BABI.... https://t.co/uD16d7Gwhd""?
- iya
- tidak",iya
2028,id_hatespeech,id_hatespeech_nusantara_text,20d3bb4f-5b68-4914-940e-154e4c227555,hate_or_noHate_zs_opt_apakah_yes_or_no,train,"Apakah teks berikut ini hatespeech ""Senang dong ada yg fans mati sampai lupa kalau dia bego banget https://t.co/ctJFC5a8Zz""?
- iya
- tidak",iya
2029,id_hatespeech,id_hatespeech_nusantara_text,20d3bb4f-5b68-4914-940e-154e4c227555,hate_or_noHate_zs_opt_apakah_yes_or_no,train,"Apakah teks berikut ini hatespeech ""@AHMADDHANIPRAST LO TUH BABI ANJING. Mampus kalah jatuh miskin deh #bekasisah""?
- iya
- tidak",iya
2030,id_hatespeech,id_hatespeech_nusantara_text,20d3bb4f-5b68-4914-940e-154e4c227555,hate_or_noHate_zs_opt_apakah_yes_or_no,train,"Apakah teks berikut ini hatespeech ""@bayprio : Si AHOAK @basuki_btp CINA ANJING KAFIR PENISTA AGAMA ISLAM....!!!""?
- iya
- tidak",iya
2031,id_hatespeech,id_hatespeech_nusantara_text,20d3bb4f-5b68-4914-940e-154e4c227555,hate_or_noHate_zs_opt_apakah_yes_or_no,train,"Apakah teks berikut ini hatespeech ""@AHMADDHANIPRAST aku katakan anjing kpd ahmad dani, boleh....aku katakan babi kpd ahmad dhani, boleh...""?
- iya
- tidak",iya
2032,id_hatespeech,id_hatespeech_nusantara_text,20d3bb4f-5b68-4914-940e-154e4c227555,hate_or_noHate_zs_opt_apakah_yes_or_no,train,"Apakah teks berikut ini hatespeech ""@Bisniscom haha memaki untuk melawan mah harus, drpd ditindas pemimpin munafik melindungi penista agama, dll. Agama no 1 (islam), taubat rot""?
- iya
- tidak",iya
2033,id_hatespeech,id_hatespeech_nusantara_text,20d3bb4f-5b68-4914-940e-154e4c227555,hate_or_noHate_zs_opt_apakah_yes_or_no,train,"Apakah teks berikut ini hatespeech ""@Anakran63208433 @5ec4a1e80d3c48c @aniesbaswedan pikiran anak bani kampret g beda jauh sma penista agama. Penfitnah, Penipu Dan Garong..""?
- iya
- tidak",iya
2034,id_hatespeech,id_hatespeech_nusantara_text,20d3bb4f-5b68-4914-940e-154e4c227555,hate_or_noHate_zs_opt_apakah_yes_or_no,train,"Apakah teks berikut ini hatespeech ""@Gemacan70 itu yg cewe pake kerudung ngapain ya? Setiap kali konfrensi pers ada aja.. Pencitraan Islami kaliiii... Bwahaha..!!""?
- iya
- tidak",iya
2035,id_hatespeech,id_hatespeech_nusantara_text,20d3bb4f-5b68-4914-940e-154e4c227555,hate_or_noHate_zs_opt_apakah_yes_or_no,train,"Apakah teks berikut ini hatespeech ""@republikaonline spt ahok dulu .. nasdem disusul dg cs nya .. yg mendukung paslon penista agama dan tukang caci maki tai tai ..""?
- iya
- tidak",iya
2036,id_hatespeech,id_hatespeech_nusantara_text,20d3bb4f-5b68-4914-940e-154e4c227555,hate_or_noHate_zs_opt_apakah_yes_or_no,train,"Apakah teks berikut ini hatespeech ""@topan_julian1 kalo mecin jangan dijadiin cemilan mangkannya kang. Jadi begonya bego banget.""?
- iya
- tidak",iya
2037,id_hatespeech,id_hatespeech_nusantara_text,20d3bb4f-5b68-4914-940e-154e4c227555,hate_or_noHate_zs_opt_apakah_yes_or_no,train,"Apakah teks berikut ini hatespeech ""@ulinyusron cm didoain kalau saya mah ketemu si penista agama langsung saya ceburin laut yg direklamasi ijin sembunyi2 buat tumbal reklamasi""?
- iya
- tidak",iya
2038,id_hatespeech,id_hatespeech_nusantara_text,20d3bb4f-5b68-4914-940e-154e4c227555,hate_or_noHate_zs_opt_apakah_yes_or_no,train,"Apakah teks berikut ini hatespeech ""@ymerdeka33 @ach_qodr @basuki_btp cabe2an bisa nya hanya bbm.n facrbook.n!! Masalah politik mana tau doi, tau nya berita2 sampah pencitraan""?
- iya
- tidak",iya
2039,id_hatespeech,id_hatespeech_nusantara_text,20d3bb4f-5b68-4914-940e-154e4c227555,hate_or_noHate_zs_opt_apakah_yes_or_no,train,"Apakah teks berikut ini hatespeech ""INI MANUSIA APA ANJING MATI-MATIAN RELA JADI MURTADZ DEMI BABI AHOK KAFIR. https://t.co/2XXN5CFdVM""?
- iya
- tidak",iya
2040,id_hatespeech,id_hatespeech_nusantara_text,20d3bb4f-5b68-4914-940e-154e4c227555,hate_or_noHate_zs_opt_apakah_yes_or_no,train,"Apakah teks berikut ini hatespeech ""ini semua berawal dari AHOK JAMBAN yg dibela aparat, para kristen serta china kafir yang lain semakin berani menghi https://t.co/qUutkrlsP3""?
- iya
- tidak",iya
2041,id_hatespeech,id_hatespeech_nusantara_text,20d3bb4f-5b68-4914-940e-154e4c227555,hate_or_noHate_zs_opt_apakah_yes_or_no,train,"Apakah teks berikut ini hatespeech ""Kami lebih resah anda jd presiden!!!! hidup anda penuh drama dan pencitraan, main FTV aja joko judulnya https://t.co/T2BUgLTnUO""?
- iya
- tidak",iya
2042,id_hatespeech,id_hatespeech_nusantara_text,20d3bb4f-5b68-4914-940e-154e4c227555,hate_or_noHate_zs_opt_apakah_yes_or_no,train,"Apakah teks berikut ini hatespeech ""Mana bisa percya lagi,sdgkan induknya penista smp skrg lum ditahan tp malah dibela. https://t.co/Oc1vGdX0Z4""?
- iya
- tidak",iya
2043,id_hatespeech,id_hatespeech_nusantara_text,20d3bb4f-5b68-4914-940e-154e4c227555,hate_or_noHate_zs_opt_apakah_yes_or_no,train,"Apakah teks berikut ini hatespeech ""Mari seluruh Muslim CYBER Army mulai skrg ganti semua sebutan A....K menjadi Terdakwa Penista Agama !""?
- iya
- tidak",iya
2044,id_hatespeech,id_hatespeech_nusantara_text,20d3bb4f-5b68-4914-940e-154e4c227555,hate_or_noHate_zs_opt_apakah_yes_or_no,train,"Apakah teks berikut ini hatespeech ""Orang Islam lebih suka si HOAX penista agama, menjaga lisan dan tindakan dari hal-hal yang merusak hubungan... https://t.co/FLhW31wXdU""?
- iya
- tidak",iya
2045,id_hatespeech,id_hatespeech_nusantara_text,20d3bb4f-5b68-4914-940e-154e4c227555,hate_or_noHate_zs_opt_apakah_yes_or_no,train,"Apakah teks berikut ini hatespeech ""RT @izzah_pandeka: #Nomor2Koruptor negeri para korup diasuh cino babi https://t.co/wJXalyPxPn""?
- iya
- tidak",iya
2046,id_hatespeech,id_hatespeech_nusantara_text,20d3bb4f-5b68-4914-940e-154e4c227555,hate_or_noHate_zs_opt_apakah_yes_or_no,train,"Apakah teks berikut ini hatespeech ""RT @Gemacan70: Hajar bleh hanya untuk bela #Nomor2Koruptor...cuihhhhhh https://t.co/o4nnZBkNYS""?
- iya
- tidak",iya
2047,id_hatespeech,id_hatespeech_nusantara_text,20d3bb4f-5b68-4914-940e-154e4c227555,hate_or_noHate_zs_opt_apakah_yes_or_no,train,"Apakah teks berikut ini hatespeech ""RT @korban_gusur: @RakyatBiasa1945 Ada CEBONG GENDHENG NGAMUK2 belain si HOMO PENISTA AGAMA!! HAHAHA @OshMuslim @RebusKentang @m3g4""?
- iya
- tidak",iya
2048,id_hatespeech,id_hatespeech_nusantara_text,20d3bb4f-5b68-4914-940e-154e4c227555,hate_or_noHate_zs_opt_apakah_yes_or_no,train,"Apakah teks berikut ini hatespeech ""RT @Ustadtengku1: @RizieqSyihabFPI tolol itu banyak yg bela penista agama walau sudah tersangka""?
- iya
- tidak",iya
2049,id_hatespeech,id_hatespeech_nusantara_text,20d3bb4f-5b68-4914-940e-154e4c227555,hate_or_noHate_zs_opt_apakah_yes_or_no,train,"Apakah teks berikut ini hatespeech ""Orang punya saksi anjing dikasus babi.. Tolol https://t.co/ssePg5FCXm""?
- iya
- tidak",iya
2050,id_hatespeech,id_hatespeech_nusantara_text,20d3bb4f-5b68-4914-940e-154e4c227555,hate_or_noHate_zs_opt_apakah_yes_or_no,train,"Apakah teks berikut ini hatespeech ""Si Ahok kampret emang gak becus kerja. Pencitraan mlulu tuh si Ahok kampret. https://t.co/yM5ViOFvpc""?
- iya
- tidak",iya
2051,id_hatespeech,id_hatespeech_nusantara_text,20d3bb4f-5b68-4914-940e-154e4c227555,hate_or_noHate_zs_opt_apakah_yes_or_no,train,"Apakah teks berikut ini hatespeech ""Sini lu, kami enggak mau kampung kami didatangi sama penista agama, https://t.co/1z3MtHs9ck""?
- iya
- tidak",iya
2052,id_hatespeech,id_hatespeech_nusantara_text,20d3bb4f-5b68-4914-940e-154e4c227555,hate_or_noHate_zs_opt_apakah_yes_or_no,train,"Apakah teks berikut ini hatespeech ""Tanda2 kiamat x yak, masih banyak aja orang muslim yg mengingkari Al-Quran dan pilih Penista Agama. #Nomor2Koruptor #Nomor2Koruptor""?
- iya
- tidak",iya
2053,id_hatespeech,id_hatespeech_nusantara_text,20d3bb4f-5b68-4914-940e-154e4c227555,hate_or_noHate_zs_opt_apakah_yes_or_no,train,"Apakah teks berikut ini hatespeech ""#JanganMauDibohongiAhok sebab Ahok Sumber Kekacauan Politik, Ramaikan Aski 313 FIGHT!! https://t.co/WOBxlxvZnx""?
- iya
- tidak",iya
2054,id_hatespeech,id_hatespeech_nusantara_text,20d3bb4f-5b68-4914-940e-154e4c227555,hate_or_noHate_zs_opt_apakah_yes_or_no,train,"Apakah teks berikut ini hatespeech ""#MataNajwaDebatJakarta Anies anda SADIS. Topengmu terbuka lebar malam ini. Biar warga DKI yg menilai...apa yg anda katakan adalah PENGECUT""?
- iya
- tidak",iya
2055,id_hatespeech,id_hatespeech_nusantara_text,20d3bb4f-5b68-4914-940e-154e4c227555,hate_or_noHate_zs_opt_apakah_yes_or_no,train,"Apakah teks berikut ini hatespeech ""Anies congornya aja gede. Realisasinya gak ada. Janji terus dari awal bisanya paling korupsi. Balik jadi dosen aja bangsat.""?
- iya
- tidak",iya
2056,id_hatespeech,id_hatespeech_nusantara_text,20d3bb4f-5b68-4914-940e-154e4c227555,hate_or_noHate_zs_opt_apakah_yes_or_no,train,"Apakah teks berikut ini hatespeech ""#MataNajwaDebatJakarta Hebatnya, Ahok masih mau salaman loh sm Pak Anies yang Amat terhormat. Idih gw sih ogah.""?
- iya
- tidak",iya
2057,id_hatespeech,id_hatespeech_nusantara_text,20d3bb4f-5b68-4914-940e-154e4c227555,hate_or_noHate_zs_opt_apakah_yes_or_no,train,"Apakah teks berikut ini hatespeech ""#MataNajwaDebatJakarta kalau untuk urusan bacot memang anis nya juaranya..memang kita bakal makan bacot di jakarta..haha..paslon yg aneh gede bacot doang.""?
- iya
- tidak",iya
2058,id_hatespeech,id_hatespeech_nusantara_text,20d3bb4f-5b68-4914-940e-154e4c227555,hate_or_noHate_zs_opt_apakah_yes_or_no,train,"Apakah teks berikut ini hatespeech ""#MataNajwaDebatJakarta pak anies banyak omdo dulu waktu jd menteri terobosannya apa?? skrg ngomong ky sok Jago bgt""?
- iya
- tidak",iya
2059,id_hatespeech,id_hatespeech_nusantara_text,20d3bb4f-5b68-4914-940e-154e4c227555,hate_or_noHate_zs_opt_apakah_yes_or_no,train,"Apakah teks berikut ini hatespeech ""#MataNajwaDebatJakarta si Cina Babi ahok bloon banget. Sok pinter banget lagi. Asal bukan Ahok""?
- iya
- tidak",iya
2060,id_hatespeech,id_hatespeech_nusantara_text,20d3bb4f-5b68-4914-940e-154e4c227555,hate_or_noHate_zs_opt_apakah_yes_or_no,train,"Apakah teks berikut ini hatespeech ""#MataNajwaDebatJakarta lucu banget jawaban ahok.. gak nyambung. Ditanya apa di jawab apa. Kena skak mat d pertanyaan isu agama tdi. Dasar cina tolol hahaha""?
- iya
- tidak",iya
2061,id_hatespeech,id_hatespeech_nusantara_text,20d3bb4f-5b68-4914-940e-154e4c227555,hate_or_noHate_zs_opt_apakah_yes_or_no,train,"Apakah teks berikut ini hatespeech ""#MataNajwaDebatJakarta topeng anda hari ini fix terbuka @aniesbaswedan .. anda sama dgn yg mendukung anda.. BAU BUSUK""?
- iya
- tidak",iya
2062,id_hatespeech,id_hatespeech_nusantara_text,20d3bb4f-5b68-4914-940e-154e4c227555,hate_or_noHate_zs_opt_apakah_yes_or_no,train,"Apakah teks berikut ini hatespeech ""#MataNajwaDebatJakarta Pak Anies suka nyinyir, suka memutar balik kan fakta, ga punya program yg jelas bisanya jelekkan kinerja pak Basuki""?
- iya
- tidak",iya
2063,id_hatespeech,id_hatespeech_nusantara_text,20d3bb4f-5b68-4914-940e-154e4c227555,hate_or_noHate_zs_opt_apakah_yes_or_no,train,"Apakah teks berikut ini hatespeech ""Babi... iya memang si Ahok gak jauh kayak Babi..""?
- iya
- tidak",iya
2064,id_hatespeech,id_hatespeech_nusantara_text,20d3bb4f-5b68-4914-940e-154e4c227555,hate_or_noHate_zs_opt_apakah_yes_or_no,train,"Apakah teks berikut ini hatespeech ""Si tengkuk babi sipit bangke agen dajjal mau jadi onta hahaha. Orang waras juga tau kasus ahok dipaksakan!!""?
- iya
- tidak",iya
2065,id_hatespeech,id_hatespeech_nusantara_text,20d3bb4f-5b68-4914-940e-154e4c227555,hate_or_noHate_zs_opt_apakah_yes_or_no,train,"Apakah teks berikut ini hatespeech ""itu kan kata ahok kafir..umat islam anti ahok karena ahok itu kafr ditambah ahok itu cina yg suka makan babi & bir""?
- iya
- tidak",iya
2066,id_hatespeech,id_hatespeech_nusantara_text,20d3bb4f-5b68-4914-940e-154e4c227555,hate_or_noHate_zs_opt_apakah_yes_or_no,train,"Apakah teks berikut ini hatespeech ""gw harus bilang Babi Ahok apa dong selain kafir, gw hanya pengen gerombolannyA Babi Ahok merasakan bagaiamana klo di anjing2in, Bangsat2in""?
- iya
- tidak",iya
2067,id_hatespeech,id_hatespeech_nusantara_text,20d3bb4f-5b68-4914-940e-154e4c227555,hate_or_noHate_zs_opt_apakah_yes_or_no,train,"Apakah teks berikut ini hatespeech ""sibabi china sangat biadab memperlakukan kaum PRIBUMI, dan para jongon2 spt banser & nu nusantara mendukung ketimpangan ini, biadabnya mrk!""?
- iya
- tidak",iya
2068,id_hatespeech,id_hatespeech_nusantara_text,20d3bb4f-5b68-4914-940e-154e4c227555,hate_or_noHate_zs_opt_apakah_yes_or_no,train,"Apakah teks berikut ini hatespeech ""ahok kafir takut debat dengan rakyat asli pribumi nelayan dan para pakar reklamasi dari rakyat.. ahok kafir bencong""?
- iya
- tidak",iya
2069,id_hatespeech,id_hatespeech_nusantara_text,20d3bb4f-5b68-4914-940e-154e4c227555,hate_or_noHate_zs_opt_apakah_yes_or_no,train,"Apakah teks berikut ini hatespeech ""nampaknya sudah satu paket penyokong cina babi pasti juga sokong LGBT""?
- iya
- tidak",iya
2070,id_hatespeech,id_hatespeech_nusantara_text,20d3bb4f-5b68-4914-940e-154e4c227555,hate_or_noHate_zs_opt_apakah_yes_or_no,train,"Apakah teks berikut ini hatespeech ""kebiadaban ahok cina kafir anak2 rakyat kecil pribumi dan ibu2 islam semua digusur dari rumahnya serta kehidupannya""?
- iya
- tidak",iya
2071,id_hatespeech,id_hatespeech_nusantara_text,20d3bb4f-5b68-4914-940e-154e4c227555,hate_or_noHate_zs_opt_apakah_yes_or_no,train,"Apakah teks berikut ini hatespeech ""tim ahok yg otak wc otak tumpul justru anies itu sdh komit sekali dgn pancasila ,ahok kafir sgt tdk bs berpancasila""?
- iya
- tidak",iya
2072,id_hatespeech,id_hatespeech_nusantara_text,20d3bb4f-5b68-4914-940e-154e4c227555,hate_or_noHate_zs_opt_apakah_yes_or_no,train,"Apakah teks berikut ini hatespeech ""#MataNajwaDebatJakarta Pak Anies sudah meninggalkan ketenangan dan ketulusannya dalam debat malam ini, mjd agitatif dan licik. semoga kalah kau anjing""?
- iya
- tidak",iya
2073,id_hatespeech,id_hatespeech_nusantara_text,20d3bb4f-5b68-4914-940e-154e4c227555,hate_or_noHate_zs_opt_apakah_yes_or_no,train,"Apakah teks berikut ini hatespeech ""SELAMA PROSES #SidangAhok WASPADAI ULAMA2 KUBU AHOK..YAKNI ULAMA2 ""MUNAFIK"" YANG SESAT DAN MENYESATKAN..!!""?
- iya
- tidak",iya
2074,id_hatespeech,id_hatespeech_nusantara_text,20d3bb4f-5b68-4914-940e-154e4c227555,hate_or_noHate_zs_opt_apakah_yes_or_no,train,"Apakah teks berikut ini hatespeech ""anies akan merangkul dua2nya untuk persatuan tidak spt ente dangkal & cekak intelektual hanya jadi budak ahok kafir.""?
- iya
- tidak",iya
2075,id_hatespeech,id_hatespeech_nusantara_text,20d3bb4f-5b68-4914-940e-154e4c227555,hate_or_noHate_zs_opt_apakah_yes_or_no,train,"Apakah teks berikut ini hatespeech ""kebiadaban ahok cina kafir rakyat kecil yg jadi PKL & asongan2 digusur2 dan dianiaya spt teroris, ahok kafir biadab""?
- iya
- tidak",iya
2076,id_hatespeech,id_hatespeech_nusantara_text,20d3bb4f-5b68-4914-940e-154e4c227555,hate_or_noHate_zs_opt_apakah_yes_or_no,train,"Apakah teks berikut ini hatespeech ""RT @LeonartoRabono: tapi kenyataanya jutaan rakyat kecil asli pribumi yg miskin justru semakin dimiskinkan oleh ahok cina kafir....""?
- iya
- tidak",iya
2077,id_hatespeech,id_hatespeech_nusantara_text,20d3bb4f-5b68-4914-940e-154e4c227555,hate_or_noHate_zs_opt_apakah_yes_or_no,train,"Apakah teks berikut ini hatespeech ""Itulah Indonesia. Yg dibully org yg bener.Yg salah dan binatang2 seperti nomor tiga dibiarin berkeliaran #matanajwadebatjakarta pak an https://t.co/jYSg6x1A""?
- iya
- tidak",iya
2078,id_hatespeech,id_hatespeech_nusantara_text,20d3bb4f-5b68-4914-940e-154e4c227555,hate_or_noHate_zs_opt_apakah_yes_or_no,train,"Apakah teks berikut ini hatespeech ""#SidangAhok smg sipenista agama n ateknya matinya tdk wjar n jasadnya tdk dtrma tnh n dia tdk prnh mrs kn sorga,aamiin semoga tuhan setuju""?
- iya
- tidak",iya
2079,id_hatespeech,id_hatespeech_nusantara_text,20d3bb4f-5b68-4914-940e-154e4c227555,hate_or_noHate_zs_opt_apakah_yes_or_no,train,"Apakah teks berikut ini hatespeech ""iya,kelasnya penista agama,bs nya cm ngebacot doang yg arogan sk blg taik"" nenek lu,oh ya sumber waras n nama d kasus E ktp apkabar?skakmat""?
- iya
- tidak",iya
2080,id_hatespeech,id_hatespeech_nusantara_text,20d3bb4f-5b68-4914-940e-154e4c227555,hate_or_noHate_zs_opt_apakah_yes_or_no,train,"Apakah teks berikut ini hatespeech ""Penjarakan semua cina kafir dan ateis! Termasuk Ahok pemimpin babi tukang korupsi!""?
- iya
- tidak",iya
2081,id_hatespeech,id_hatespeech_nusantara_text,20d3bb4f-5b68-4914-940e-154e4c227555,hate_or_noHate_zs_opt_apakah_yes_or_no,train,"Apakah teks berikut ini hatespeech ""Kampanye rasis ngmg nya pihak ahok yg di untungkan.. Goblok kafir mana ada di untungkan.. Kalau pada di perkosa bunuh lu enak berduit""?
- iya
- tidak",iya
2082,id_hatespeech,id_hatespeech_nusantara_text,20d3bb4f-5b68-4914-940e-154e4c227555,hate_or_noHate_zs_opt_apakah_yes_or_no,train,"Apakah teks berikut ini hatespeech ""hahaha idiot bilang kpd orang2 kafir terurama para nasrani pendukung2 ahok kafir jangan memasuki wilayah2 syariat islam""?
- iya
- tidak",iya
2083,id_hatespeech,id_hatespeech_nusantara_text,20d3bb4f-5b68-4914-940e-154e4c227555,hate_or_noHate_zs_opt_apakah_yes_or_no,train,"Apakah teks berikut ini hatespeech ""I HASIL MAKMAK KALIAN JUAL PUKINYA. BAGI KSLIAN YG BERPIHAK KEPADA PKI DAN SI AHOK ANAK CHINA ANJING KAFIR INI. SERTA NKRI BUKAN DIDAPAT""?
- iya
- tidak",iya
2084,id_hatespeech,id_hatespeech_nusantara_text,20d3bb4f-5b68-4914-940e-154e4c227555,hate_or_noHate_zs_opt_apakah_yes_or_no,train,"Apakah teks berikut ini hatespeech ""Tim pendukung sakit jiwa, kehilangan akal sehat & ide #IklanAhokJahat""?
- iya
- tidak",iya
2085,id_hatespeech,id_hatespeech_nusantara_text,20d3bb4f-5b68-4914-940e-154e4c227555,hate_or_noHate_zs_opt_apakah_yes_or_no,train,"Apakah teks berikut ini hatespeech ""#IklanAhokJahat Hati hati Mereka Mulai Prustasi dan Memainkan Cara cara Kasar !! Karena hasil dari berbagai survei si penista agama kalah!!""?
- iya
- tidak",iya
2086,id_hatespeech,id_hatespeech_nusantara_text,20d3bb4f-5b68-4914-940e-154e4c227555,hate_or_noHate_zs_opt_apakah_yes_or_no,train,"Apakah teks berikut ini hatespeech ""HOOKK, masuk gorong"" aja loe #IklanAhokJahat""?
- iya
- tidak",iya
2087,id_hatespeech,id_hatespeech_nusantara_text,20d3bb4f-5b68-4914-940e-154e4c227555,hate_or_noHate_zs_opt_apakah_yes_or_no,train,"Apakah teks berikut ini hatespeech ""Kayak gini nih kampanye Tim AniesSandiUno ke kampung2 mengintimidasi masyarakat. Kampungan ye? #ASUtenan""?
- iya
- tidak",iya
2088,id_hatespeech,id_hatespeech_nusantara_text,20d3bb4f-5b68-4914-940e-154e4c227555,hate_or_noHate_zs_opt_apakah_yes_or_no,train,"Apakah teks berikut ini hatespeech ""SI KUTIL BABI TELAH MELECEHKAN PRIBUMI DAN UMAT ISLAM #IklanAhokJahat""?
- iya
- tidak",iya
2089,id_hatespeech,id_hatespeech_nusantara_text,20d3bb4f-5b68-4914-940e-154e4c227555,hate_or_noHate_zs_opt_apakah_yes_or_no,train,"Apakah teks berikut ini hatespeech ""NGOMONG AJA ENTE SAMA KACA! MEMECAH BELAH KERUKUNAN LAGI HOK ENTE BISANYA. NGACO! #IklanAhokJahat""?
- iya
- tidak",iya
2090,id_hatespeech,id_hatespeech_nusantara_text,20d3bb4f-5b68-4914-940e-154e4c227555,hate_or_noHate_zs_opt_apakah_yes_or_no,train,"Apakah teks berikut ini hatespeech ""#iklanahokjahat Terorist nyata di Indonesia... Bukan wahabi, bukan Onta Tapi Babi Babi milik Cina Penebar Teror sesungguhnya....""?
- iya
- tidak",iya
2091,id_hatespeech,id_hatespeech_nusantara_text,20d3bb4f-5b68-4914-940e-154e4c227555,hate_or_noHate_zs_opt_apakah_yes_or_no,train,"Apakah teks berikut ini hatespeech ""RT @TerorisSocmed: Sadarlah wahai anak Bangsa, Ibu Pertiwi Sedang Diporakporandakan Oleh Manusia BIADAB @basuki_btp Sebagai Aktor Utama""?
- iya
- tidak",iya
2092,id_hatespeech,id_hatespeech_nusantara_text,20d3bb4f-5b68-4914-940e-154e4c227555,hate_or_noHate_zs_opt_apakah_yes_or_no,train,"Apakah teks berikut ini hatespeech ""Sepertinya gerombolan @basuki_btp rindu kerusuhan, hati2 dikabul Tuhan #IklanAhokJahat""?
- iya
- tidak",iya
2093,id_hatespeech,id_hatespeech_nusantara_text,20d3bb4f-5b68-4914-940e-154e4c227555,hate_or_noHate_zs_opt_apakah_yes_or_no,train,"Apakah teks berikut ini hatespeech ""Ahok and Bani serbet and wereng Coklat MEMANCING UMAT MUSLIM supaya marah? dengan #IklanAhokJahat. KALIAN ITU KUMPULAN ORANG SINTING""?
- iya
- tidak",iya
2094,id_hatespeech,id_hatespeech_nusantara_text,20d3bb4f-5b68-4914-940e-154e4c227555,hate_or_noHate_zs_opt_apakah_yes_or_no,train,"Apakah teks berikut ini hatespeech ""#IklanAhokJahat baru ada direzim jokopret,setan,iblis,dajjal dibangkitkan dr kuburnya. Mereka gembira berpesta pora setelah lama dibelenggu""?
- iya
- tidak",iya
2095,id_hatespeech,id_hatespeech_nusantara_text,20d3bb4f-5b68-4914-940e-154e4c227555,hate_or_noHate_zs_opt_apakah_yes_or_no,train,"Apakah teks berikut ini hatespeech ""Yang anti cina & mau ganyang cina tuh siapaaaa..??? kami cuma anti AHOK sang Penista Agama! #kampanyeAhokJahat #IklanAhokJahat #kampanyeSARA""?
- iya
- tidak",iya
2096,id_hatespeech,id_hatespeech_nusantara_text,20d3bb4f-5b68-4914-940e-154e4c227555,hate_or_noHate_zs_opt_apakah_yes_or_no,train,"Apakah teks berikut ini hatespeech ""Udah bingung kalik mau pakai cara apa untuk kampanye. Sampai2 bikin fitnah yang kayak begituan. Depresi ya takut kalah? #IklanAhokJahat""?
- iya
- tidak",iya
2097,id_hatespeech,id_hatespeech_nusantara_text,20d3bb4f-5b68-4914-940e-154e4c227555,hate_or_noHate_zs_opt_apakah_yes_or_no,train,"Apakah teks berikut ini hatespeech ""Tahukah Anda apa persamaan antara malin kundang dengan Ahok? mereka berdua sama-sam DURHAKA!!!!!!! #ASBAK #iklanahokjahat #kampanyeahokjahat""?
- iya
- tidak",iya
2098,id_hatespeech,id_hatespeech_nusantara_text,20d3bb4f-5b68-4914-940e-154e4c227555,hate_or_noHate_zs_opt_apakah_yes_or_no,train,"Apakah teks berikut ini hatespeech ""HADUH KELAKUANMU HOK, SOK-SOKAN MENJAGA KEBERAGAMAN PADAHAL PROVOKATOR & RASIS!! #IklanAhokJahat""?
- iya
- tidak",iya
2099,id_hatespeech,id_hatespeech_nusantara_text,20d3bb4f-5b68-4914-940e-154e4c227555,hate_or_noHate_zs_opt_apakah_yes_or_no,train,"Apakah teks berikut ini hatespeech ""RT @sarwandi_sr: #IklanAhokJahat bikin darah mendidih. bangsat penuh dengan propaganda. emang lo kira islam radikal ?Kalau kami mau""?
- iya
- tidak",iya
2100,id_hatespeech,id_hatespeech_nusantara_text,20d3bb4f-5b68-4914-940e-154e4c227555,hate_or_noHate_zs_opt_apakah_yes_or_no,train,"Apakah teks berikut ini hatespeech ""Kapolda Babi! Biadap dan Bodoh! Gak punya otak kali.""?
- iya
- tidak",iya
2101,id_hatespeech,id_hatespeech_nusantara_text,20d3bb4f-5b68-4914-940e-154e4c227555,hate_or_noHate_zs_opt_apakah_yes_or_no,train,"Apakah teks berikut ini hatespeech ""Jangan2 lagi deh @basuki_btp hina islam, anda itu manusia hina dibandingkan agama yang mulia, anda bukan siapa2 & bukan apa2 #IklanAhokJahat""?
- iya
- tidak",iya
2102,id_hatespeech,id_hatespeech_nusantara_text,20d3bb4f-5b68-4914-940e-154e4c227555,hate_or_noHate_zs_opt_apakah_yes_or_no,train,"Apakah teks berikut ini hatespeech ""AHOK KAFIR DAN BUDAK2NYA ATAU ANJING2 NYA HANYA SEBAGAI SAMPAH AGAMA ISLAM DAN SAMPAH MASYARAKAT""?
- iya
- tidak",iya
2103,id_hatespeech,id_hatespeech_nusantara_text,20d3bb4f-5b68-4914-940e-154e4c227555,hate_or_noHate_zs_opt_apakah_yes_or_no,train,"Apakah teks berikut ini hatespeech ""umat agama islam dijakarta sangat haram dan sangat najis sekali dengan ahok kafir kristen...""?
- iya
- tidak",iya
2104,id_hatespeech,id_hatespeech_nusantara_text,20d3bb4f-5b68-4914-940e-154e4c227555,hate_or_noHate_zs_opt_apakah_yes_or_no,train,"Apakah teks berikut ini hatespeech ""19 april CNN kibarkan bendera kuning atas kematian ahok-djarot....""?
- iya
- tidak",iya
2105,id_hatespeech,id_hatespeech_nusantara_text,20d3bb4f-5b68-4914-940e-154e4c227555,hate_or_noHate_zs_opt_apakah_yes_or_no,train,"Apakah teks berikut ini hatespeech ""itulah akibat ulah orang2 kafir nasrani persis seperti ahok kafir yg melarang jilbab kepada anak2 sekokah di jakarta....""?
- iya
- tidak",iya
2106,id_hatespeech,id_hatespeech_nusantara_text,20d3bb4f-5b68-4914-940e-154e4c227555,hate_or_noHate_zs_opt_apakah_yes_or_no,train,"Apakah teks berikut ini hatespeech ""baswedan pantas jadi gubernur jakarta dan komisioner KPK..... ahok kafir pantasnya jadi germo di alexis....""?
- iya
- tidak",iya
2107,id_hatespeech,id_hatespeech_nusantara_text,20d3bb4f-5b68-4914-940e-154e4c227555,hate_or_noHate_zs_opt_apakah_yes_or_no,train,"Apakah teks berikut ini hatespeech ""RT @yudijannis: #IklanAhokJahat bagaimana klo kita ganyang beneran hok?itu sih maunya elo ya hok,adu domba pribumi dengan tionghoa!!jangan""?
- iya
- tidak",iya
2108,id_hatespeech,id_hatespeech_nusantara_text,20d3bb4f-5b68-4914-940e-154e4c227555,hate_or_noHate_zs_opt_apakah_yes_or_no,train,"Apakah teks berikut ini hatespeech ""masalahnya djarot tidak bisa memikirkan rakyat kecil pribumi bisanya hanya membabu kpd cina2 betul2 songong jongkok.""?
- iya
- tidak",iya
2109,id_hatespeech,id_hatespeech_nusantara_text,20d3bb4f-5b68-4914-940e-154e4c227555,hate_or_noHate_zs_opt_apakah_yes_or_no,train,"Apakah teks berikut ini hatespeech ""otak wc otak babi yg menerima ahok kafir & kamu, ahok kafir bkn sekedar menghina sdh anggap islam itu sampah""?
- iya
- tidak",iya
2110,id_hatespeech,id_hatespeech_nusantara_text,20d3bb4f-5b68-4914-940e-154e4c227555,hate_or_noHate_zs_opt_apakah_yes_or_no,train,"Apakah teks berikut ini hatespeech ""DALAM PUTARAN DUA NANTI JIKA SAMPAI AHOK KAFIR CURANG UMAT ISLAM SUDAH KOMITMEN JAKARTA AKAN DIJADIKAN LAUTAN API, SUDAH TIDAK MIKIR HUKUM""?
- iya
- tidak",iya
2111,id_hatespeech,id_hatespeech_nusantara_text,20d3bb4f-5b68-4914-940e-154e4c227555,hate_or_noHate_zs_opt_apakah_yes_or_no,train,"Apakah teks berikut ini hatespeech ""#IKLANAHOKJAHAT AHOK MENCIPTAKAN BARA API ANTARA RAKYAT PRIBUMI DENGAN TIONGHOA YG DIBALUT DENGAN PHOBIA.... AHOK KAFIR RASIS...""?
- iya
- tidak",iya
2112,id_hatespeech,id_hatespeech_nusantara_text,20d3bb4f-5b68-4914-940e-154e4c227555,hate_or_noHate_zs_opt_apakah_yes_or_no,train,"Apakah teks berikut ini hatespeech ""jangan heran pemerintahan jokowi sekarang ini budaknya kulinya cina2 ahok kafir dan 9 naga...""?
- iya
- tidak",iya
2113,id_hatespeech,id_hatespeech_nusantara_text,20d3bb4f-5b68-4914-940e-154e4c227555,hate_or_noHate_zs_opt_apakah_yes_or_no,train,"Apakah teks berikut ini hatespeech ""Ya itu namanya cawgub goblok gak ngerti peraturan debat....kelihatan bego dan liciknya itu sandiaga uno.""?
- iya
- tidak",iya
2114,id_hatespeech,id_hatespeech_nusantara_text,20d3bb4f-5b68-4914-940e-154e4c227555,hate_or_noHate_zs_opt_apakah_yes_or_no,train,"Apakah teks berikut ini hatespeech ""BODOH jika para pendukung ahok yg Muslim tidak tersinggung sama sekali ! Tapi bisa aja sih Qur'an d hina saja mrka diam #IklanAhokJahat""?
- iya
- tidak",iya
2115,id_hatespeech,id_hatespeech_nusantara_text,20d3bb4f-5b68-4914-940e-154e4c227555,hate_or_noHate_zs_opt_apakah_yes_or_no,train,"Apakah teks berikut ini hatespeech ""Gubraaaaak!!!! Malu liatnya... Untung semalem debat ga kaya MATA NAJWA.. Coba kalo formatnya sama pasti Ringsek dah pasangan ASU...""?
- iya
- tidak",iya
2116,id_hatespeech,id_hatespeech_nusantara_text,20d3bb4f-5b68-4914-940e-154e4c227555,hate_or_noHate_zs_opt_apakah_yes_or_no,train,"Apakah teks berikut ini hatespeech ""YG JELAS OTAK AHOK-DJAROT SUDAH SANGAT TUMPUL SANGAT LOYO DAN STRESS..... SUDAH JEBOL HARUS DICOPOT DAN DIGANTI.....""?
- iya
- tidak",iya
2117,id_hatespeech,id_hatespeech_nusantara_text,20d3bb4f-5b68-4914-940e-154e4c227555,hate_or_noHate_zs_opt_apakah_yes_or_no,train,"Apakah teks berikut ini hatespeech ""AHOK KAFIR BUKAN HANYA MALING TAPI JUGA GARONG, LAHAN LAUT MILIK NELAYAN DIRAMPOK & DIRAMPAS UNTUK REKLAMASI YG MENGUNTUNGKAN CINA2 KAFIR..""?
- iya
- tidak",iya
2118,id_hatespeech,id_hatespeech_nusantara_text,20d3bb4f-5b68-4914-940e-154e4c227555,hate_or_noHate_zs_opt_apakah_yes_or_no,train,"Apakah teks berikut ini hatespeech ""Sumpah bego bgt sih kesel gue. Kenapa ada org yg vote makhluk kayak Sandiaga Uno coba. Oh agama""?
- iya
- tidak",iya
2119,id_hatespeech,id_hatespeech_nusantara_text,20d3bb4f-5b68-4914-940e-154e4c227555,hate_or_noHate_zs_opt_apakah_yes_or_no,train,"Apakah teks berikut ini hatespeech ""responden2 yangg goblok2 belum faham & juga wartawan beritasatu juga goblok, nanti klo anies-sandy sudah memimpin sangat mudah""?
- iya
- tidak",iya
2120,id_hatespeech,id_hatespeech_nusantara_text,20d3bb4f-5b68-4914-940e-154e4c227555,hate_or_noHate_zs_opt_apakah_yes_or_no,train,"Apakah teks berikut ini hatespeech ""FPI RENOVASI MASJID ITU SANGAT TEPAT, AHOK KAFIR KRISTEN NGAPAIN NGURUSI MASJID2 APA HUBUNGANNYA.....""?
- iya
- tidak",iya
2121,id_hatespeech,id_hatespeech_nusantara_text,20d3bb4f-5b68-4914-940e-154e4c227555,hate_or_noHate_zs_opt_apakah_yes_or_no,train,"Apakah teks berikut ini hatespeech ""MENGAPA ahoker KRISTEN & MUNAFIK tidak berhenti mengolok2 GEREJA stiap hari? Apakah mereka memang dibriefing ahok untuk menghina si BUMI DATAR?""?
- iya
- tidak",iya
2122,id_hatespeech,id_hatespeech_nusantara_text,20d3bb4f-5b68-4914-940e-154e4c227555,hate_or_noHate_zs_opt_apakah_yes_or_no,train,"Apakah teks berikut ini hatespeech ""uma surveynya si Botak yg menangkan Ahok. Karena apa? Karena dia Cina Kristen. Bukti kalo si Botak dukung sesama Cina Kristen""?
- iya
- tidak",iya
2123,id_hatespeech,id_hatespeech_nusantara_text,20d3bb4f-5b68-4914-940e-154e4c227555,hate_or_noHate_zs_opt_apakah_yes_or_no,train,"Apakah teks berikut ini hatespeech ""AHOK PEMECAH BELAH UMMAT, AJARAN KRISTEN KONYOL, demi meraup suara muslim, JELAS AHOK INI RASIS, PKI TULEN""?
- iya
- tidak",iya
2124,id_hatespeech,id_hatespeech_nusantara_text,20d3bb4f-5b68-4914-940e-154e4c227555,hate_or_noHate_zs_opt_apakah_yes_or_no,train,"Apakah teks berikut ini hatespeech ""Woy @aagym lu udah nonton yang ini? Fitnah? Pale lu peyang gym. https://t.co/U3QhuJpwg""?
- iya
- tidak",iya
2125,id_hatespeech,id_hatespeech_nusantara_text,20d3bb4f-5b68-4914-940e-154e4c227555,hate_or_noHate_zs_opt_apakah_yes_or_no,train,"Apakah teks berikut ini hatespeech ""Ahok :memilih pemimpin Berdasarkan agama melanggar konstitusi. Sebaiknya BABI INI DI BUNGKUS aja, CONGORNYAPECAH BELAH UMAT BERAGAMA.""?
- iya
- tidak",iya
2126,id_hatespeech,id_hatespeech_nusantara_text,20d3bb4f-5b68-4914-940e-154e4c227555,hate_or_noHate_zs_opt_apakah_yes_or_no,train,"Apakah teks berikut ini hatespeech ""Saya pribumi, Kristen dan mendukung Ahok. Tapi saya paling anti dengan manusia2 bodoh dan goblok seperti Steven Hadisurya Sulistyo.""?
- iya
- tidak",iya
2127,id_hatespeech,id_hatespeech_nusantara_text,20d3bb4f-5b68-4914-940e-154e4c227555,hate_or_noHate_zs_opt_apakah_yes_or_no,train,"Apakah teks berikut ini hatespeech ""Maksudnya terbukti KORUPSI dan PENISTAAN agama nya ya om, Bangsat lo, TAIK LO, maaf gw pake Bahasa Babi Ahok.""?
- iya
- tidak",iya
2128,id_hatespeech,id_hatespeech_nusantara_text,20d3bb4f-5b68-4914-940e-154e4c227555,hate_or_noHate_zs_opt_apakah_yes_or_no,train,"Apakah teks berikut ini hatespeech ""Ehh TAIK, Bangsat lo, Omongan elo kayak IwAn bopeng, yg MO potong leher TNI, Bangsat lo IwAn bopeng, baek2in TNI. TAIK LO,""?
- iya
- tidak",iya
2129,id_hatespeech,id_hatespeech_nusantara_text,20d3bb4f-5b68-4914-940e-154e4c227555,hate_or_noHate_zs_opt_apakah_yes_or_no,train,"Apakah teks berikut ini hatespeech ""Ehh anak anjing Ahok, Kelan itu blon siuman, mending emut2 bool basuki lagi aja sana, kasih tau sama Babi yg lain, bool basuki wangi gitu""?
- iya
- tidak",iya
2130,id_hatespeech,id_hatespeech_nusantara_text,20d3bb4f-5b68-4914-940e-154e4c227555,hate_or_noHate_zs_opt_apakah_yes_or_no,train,"Apakah teks berikut ini hatespeech ""CWE CAKEP TP BEGO.PANTES GK LAKU.SI AHOK CINA BAU TAI.MAKAN BUBUR ENCER.AHOK FAHAM KOMUNIS.MENISTA ISLAM & KRISTEN""?
- iya
- tidak",iya
2131,id_hatespeech,id_hatespeech_nusantara_text,20d3bb4f-5b68-4914-940e-154e4c227555,hate_or_noHate_zs_opt_apakah_yes_or_no,train,"Apakah teks berikut ini hatespeech ""Dan ajeng pasti paham si Babi Ahok klo bicara santun, BANGSAT, TAIK, ANJING, SETAN LO, dngn intonasi yg familiar tuntuna""?
- iya
- tidak",iya
2132,id_hatespeech,id_hatespeech_nusantara_text,20d3bb4f-5b68-4914-940e-154e4c227555,hate_or_noHate_zs_opt_apakah_yes_or_no,train,"Apakah teks berikut ini hatespeech ""Itu dia, BUNUH AJA YG DIDEPAN MATA, DIA MAFIA KORUPTOR NYA, PENISTA AGAMA PULA, PANGGILAN POPULAR NYA BABI AHOK""?
- iya
- tidak",iya
2133,id_hatespeech,id_hatespeech_nusantara_text,20d3bb4f-5b68-4914-940e-154e4c227555,hate_or_noHate_zs_opt_apakah_yes_or_no,train,"Apakah teks berikut ini hatespeech ""Gimana dgn Sumber waras.. Trans Jakarta ko jokowi diem ajah.... Harusnya si kutil babi ahok di ganyang""?
- iya
- tidak",iya
2134,id_hatespeech,id_hatespeech_nusantara_text,20d3bb4f-5b68-4914-940e-154e4c227555,hate_or_noHate_zs_opt_apakah_yes_or_no,train,"Apakah teks berikut ini hatespeech ""Muka Si BABi Ahok Tuh Yg Mirip SERBET Lantai....@basuki_btp...""?
- iya
- tidak",iya
2135,id_hatespeech,id_hatespeech_nusantara_text,20d3bb4f-5b68-4914-940e-154e4c227555,hate_or_noHate_zs_opt_apakah_yes_or_no,train,"Apakah teks berikut ini hatespeech ""Betul bang hancurkan merka bang, musnahkan china babi dibumi pertiwi indonesia, berkedok reklamasi itu ahok""?
- iya
- tidak",iya
2136,id_hatespeech,id_hatespeech_nusantara_text,20d3bb4f-5b68-4914-940e-154e4c227555,hate_or_noHate_zs_opt_apakah_yes_or_no,train,"Apakah teks berikut ini hatespeech ""Sapa Yg bilang Ahok anti korupsi!?, klo grombolannyA NGOMONG gtu wajar, AHOK ITU MAFIA KORUPTOR SANG PENISTA AGAMA YG DILINDUNGI ISTANA PKI""?
- iya
- tidak",iya
2137,id_hatespeech,id_hatespeech_nusantara_text,20d3bb4f-5b68-4914-940e-154e4c227555,hate_or_noHate_zs_opt_apakah_yes_or_no,train,"Apakah teks berikut ini hatespeech ""Gw juga ngimpi SENTILIN BIJI BABI AHOK, pcetar Pcetar, langsung kejang2 die, ngadu ke Jkw, Jkw: makanye sunat dulu, bru NGOMONG Almaidah.""?
- iya
- tidak",iya
2138,id_hatespeech,id_hatespeech_nusantara_text,20d3bb4f-5b68-4914-940e-154e4c227555,hate_or_noHate_zs_opt_apakah_yes_or_no,train,"Apakah teks berikut ini hatespeech ""Mudah2an gw ketemu sama SI BABI IWAN BOPENG DI TPS nya anjing Ahok""?
- iya
- tidak",iya
2139,id_hatespeech,id_hatespeech_nusantara_text,2eca54a9-c261-4706-b9cc-cb387ecf6718,zs_text_classification,train,"Klasifikasikan teks berikut ""RT @spardaxyz: Fadli Zon Minta Mendagri Segera Menonaktifkan Ahok Jadi Gubernur DKI https:\/\/t.co\/KH5vIRwPdO"" menjadi:
- hate speech
- non hate speech",non hate speech
2140,id_hatespeech,id_hatespeech_nusantara_text,2eca54a9-c261-4706-b9cc-cb387ecf6718,zs_text_classification,train,"Klasifikasikan teks berikut ""RT @baguscondromowo: Mereka terus melukai aksi dalam rangka memenjarakan Ahok atau Ahok gagal dalam Pilkada."" menjadi:
- hate speech
- non hate speech",non hate speech
2141,id_hatespeech,id_hatespeech_nusantara_text,2eca54a9-c261-4706-b9cc-cb387ecf6718,zs_text_classification,train,"Klasifikasikan teks berikut ""Sylvi: bagaimana gurbernur melakukan kekerasan perempuan? Buktinya banyak ibu2 mau foto bareng #DebatFinalPilkadaJKT"" menjadi:
- hate speech
- non hate speech",non hate speech
2142,id_hatespeech,id_hatespeech_nusantara_text,2eca54a9-c261-4706-b9cc-cb387ecf6718,zs_text_classification,train,"Klasifikasikan teks berikut ""Ahmad Dhani Tak Puas Debat Pilkada, Masalah Jalan di Bekasi Belum Sempat Terungkap https:\/\/t.co\/m3HopPLUID\u2026"" menjadi:
- hate speech
- non hate speech",non hate speech
2143,id_hatespeech,id_hatespeech_nusantara_text,2eca54a9-c261-4706-b9cc-cb387ecf6718,zs_text_classification,train,"Klasifikasikan teks berikut ""RT @lisdaulay28: Waspada KTP palsu.....kawal PILKADA https:\/\/t.co\/OOoERQV4SM"" menjadi:
- hate speech
- non hate speech",non hate speech
2144,id_hatespeech,id_hatespeech_nusantara_text,2eca54a9-c261-4706-b9cc-cb387ecf6718,zs_text_classification,train,"Klasifikasikan teks berikut ""@felixsiauw masih bnyak hal agamis yg bisa dibahas, kenapa ke pilkada terus, apa tingkat keimanan anda cuma sebatas pilkada????"" menjadi:
- hate speech
- non hate speech",non hate speech
2145,id_hatespeech,id_hatespeech_nusantara_text,2eca54a9-c261-4706-b9cc-cb387ecf6718,zs_text_classification,train,"Klasifikasikan teks berikut ""@saidaqil apa maksud pernyataan. Anda? Apa anda mengaminkan kriminalisasi Ahok?? Hati2 jg dg mulutmu pak! https:\/\/t.co\/H4ODVaY0Md"" menjadi:
- hate speech
- non hate speech",non hate speech
2146,id_hatespeech,id_hatespeech_nusantara_text,2eca54a9-c261-4706-b9cc-cb387ecf6718,zs_text_classification,train,"Klasifikasikan teks berikut ""Ahok Akan Integrasikan Transportasi Publik dengan Sistem Single Ticketing\u2026 https:\/\/t.co\/42PH7pqV0b #infoTribun"" menjadi:
- hate speech
- non hate speech",non hate speech
2147,id_hatespeech,id_hatespeech_nusantara_text,2eca54a9-c261-4706-b9cc-cb387ecf6718,zs_text_classification,train,"Klasifikasikan teks berikut ""Ahok mampu melawan korupsi di ibukota, bangun infrastruktur, mencoba memperbaiki dengan berbagai trobosan dan works well."" menjadi:
- hate speech
- non hate speech",non hate speech
2148,id_hatespeech,id_hatespeech_nusantara_text,2eca54a9-c261-4706-b9cc-cb387ecf6718,zs_text_classification,train,"Klasifikasikan teks berikut ""Awasi Kecurangan Pilkada, Agus - Sylvi Pakai Aplikasi Ini https:\/\/t.co\/xWZW4nUFIU"" menjadi:
- hate speech
- non hate speech",non hate speech
2149,id_hatespeech,id_hatespeech_nusantara_text,2eca54a9-c261-4706-b9cc-cb387ecf6718,zs_text_classification,train,"Klasifikasikan teks berikut ""Bisa gak kita seperti Jokowi dan Ahok? Aku kalem, kamu tegas saling melengkapi. :')"" menjadi:
- hate speech
- non hate speech",non hate speech
2150,id_hatespeech,id_hatespeech_nusantara_text,2eca54a9-c261-4706-b9cc-cb387ecf6718,zs_text_classification,train,"Klasifikasikan teks berikut ""Bos mau makan di istana ga, Di undang noh makan di istana Gebang tapinya https:\/\/t.co\/ns6cUYCpUj"" menjadi:
- hate speech
- non hate speech",non hate speech
2151,id_hatespeech,id_hatespeech_nusantara_text,2eca54a9-c261-4706-b9cc-cb387ecf6718,zs_text_classification,train,"Klasifikasikan teks berikut ""Cuti Habis Ahok Jadi Gubernur DKI Lagi? Pengamat: Jangan Mengada-ada | Republika Online https:\/\/t.co\/T3kzvq9E4e"" menjadi:
- hate speech
- non hate speech",non hate speech
2152,id_hatespeech,id_hatespeech_nusantara_text,2eca54a9-c261-4706-b9cc-cb387ecf6718,zs_text_classification,train,"Klasifikasikan teks berikut ""Debat terakhir Pilkada DKI Jakarta digelar Jumat malam. https:\/\/t.co\/e9ixz6Jllr"" menjadi:
- hate speech
- non hate speech",non hate speech
2153,id_hatespeech,id_hatespeech_nusantara_text,2eca54a9-c261-4706-b9cc-cb387ecf6718,zs_text_classification,train,"Klasifikasikan teks berikut ""Demonstran FPD Malteng Desak Bawaslu Hentikan Sementara Tahapan Pilkada Maluku Tengah"" menjadi:
- hate speech
- non hate speech",non hate speech
2154,id_hatespeech,id_hatespeech_nusantara_text,2eca54a9-c261-4706-b9cc-cb387ecf6718,zs_text_classification,train,"Klasifikasikan teks berikut ""Dulu Didesak Berhentikan Ahok Ngeles Usai Masa Cuti Pilkada, Sekarang Kampanye Mau Habis Kemendagri Ragu-ragu https:\/\/t.co\/92ss4trDcX"" menjadi:
- hate speech
- non hate speech",non hate speech
2155,id_hatespeech,id_hatespeech_nusantara_text,2eca54a9-c261-4706-b9cc-cb387ecf6718,zs_text_classification,train,"Klasifikasikan teks berikut ""Gila gara2 pilkada, beberapa tokoh menampakkan watak aslinya."" menjadi:
- hate speech
- non hate speech",non hate speech
2156,id_hatespeech,id_hatespeech_nusantara_text,2eca54a9-c261-4706-b9cc-cb387ecf6718,zs_text_classification,train,"Klasifikasikan teks berikut ""Gontor Izinkan Santrinya Pulang Kampung Nyoblos Pilkada DKI | Republika Online https:\/\/t.co\/JhNOT8ecNz"" menjadi:
- hate speech
- non hate speech",non hate speech
2157,id_hatespeech,id_hatespeech_nusantara_text,2eca54a9-c261-4706-b9cc-cb387ecf6718,zs_text_classification,train,"Klasifikasikan teks berikut ""Gubernur non-aktif DKI Jakarta, Basuki Tjahaja Purnama atau Ahok, berencana merombak struktur jabatan pegawai... https:\/\/t.co\/cdKEZxF9xO"" menjadi:
- hate speech
- non hate speech",non hate speech
2158,id_hatespeech,id_hatespeech_nusantara_text,2eca54a9-c261-4706-b9cc-cb387ecf6718,zs_text_classification,train,"Klasifikasikan teks berikut ""HEBAT .. !!! Imam Besar Masjid Istiqlal : Kalimat Ahok 100% Tidak Ada Penistaan AGAMA .. !! SEBARKAN"" menjadi:
- hate speech
- non hate speech",non hate speech
2159,id_hatespeech,id_hatespeech_nusantara_text,2eca54a9-c261-4706-b9cc-cb387ecf6718,zs_text_classification,train,"Klasifikasikan teks berikut ""Ibu2 aja, kalo beli telor pake milih2 sblm ditimbang. Pdh telor kan mirip2. Ibu2 itu tahu, telor ada yg busuk"" menjadi:
- hate speech
- non hate speech",non hate speech
2160,id_hatespeech,id_hatespeech_nusantara_text,2eca54a9-c261-4706-b9cc-cb387ecf6718,zs_text_classification,train,"Klasifikasikan teks berikut ""Ini Jawaban Ahok Saat Ditanya Terkait Persiapan Debat Pilgub Terakhir Besok https:\/\/t.co\/S6rlsAR7Y9"" menjadi:
- hate speech
- non hate speech",non hate speech
2161,id_hatespeech,id_hatespeech_nusantara_text,2eca54a9-c261-4706-b9cc-cb387ecf6718,zs_text_classification,train,"Klasifikasikan teks berikut ""Ini Pesan Ahok di Hari Pers Nasional #KitaPastiPernah https:\/\/t.co\/h0L6mrjM3R"" menjadi:
- hate speech
- non hate speech",non hate speech
2162,id_hatespeech,id_hatespeech_nusantara_text,2eca54a9-c261-4706-b9cc-cb387ecf6718,zs_text_classification,train,"Klasifikasikan teks berikut ""Istighotsah Bersama Ahok Catut Logo NU https:\/\/t.co\/U2rPY3C25R"" menjadi:
- hate speech
- non hate speech",non hate speech
2163,id_hatespeech,id_hatespeech_nusantara_text,2eca54a9-c261-4706-b9cc-cb387ecf6718,zs_text_classification,train,"Klasifikasikan teks berikut ""Itu yang ngomong jangan pilih Ahok Djarot pernah ngerasain banjir ga sih? :("" menjadi:
- hate speech
- non hate speech",non hate speech
2164,id_hatespeech,id_hatespeech_nusantara_text,2eca54a9-c261-4706-b9cc-cb387ecf6718,zs_text_classification,train,"Klasifikasikan teks berikut ""Iya aja deh dripada hoax..."" menjadi:
- hate speech
- non hate speech",non hate speech
2165,id_hatespeech,id_hatespeech_nusantara_text,2eca54a9-c261-4706-b9cc-cb387ecf6718,zs_text_classification,train,"Klasifikasikan teks berikut ""Jadi teringat para pelacur.belia yg dijual orang tuanya.sendiri di pantura.demi sesuap nasi https:\/\/t.co\/X5DdR7m693"" menjadi:
- hate speech
- non hate speech",non hate speech
2166,id_hatespeech,id_hatespeech_nusantara_text,2eca54a9-c261-4706-b9cc-cb387ecf6718,zs_text_classification,train,"Klasifikasikan teks berikut ""jadi yg nyebar hoax ketahuan dong ada akun twitter nya lho"" menjadi:
- hate speech
- non hate speech",non hate speech
2167,id_hatespeech,id_hatespeech_nusantara_text,2eca54a9-c261-4706-b9cc-cb387ecf6718,zs_text_classification,train,"Klasifikasikan teks berikut ""Mpok @sylviana_murni-nya tolong Mas @AgusYudhoyono"" menjadi:
- hate speech
- non hate speech",non hate speech
2168,id_hatespeech,id_hatespeech_nusantara_text,2eca54a9-c261-4706-b9cc-cb387ecf6718,zs_text_classification,train,"Klasifikasikan teks berikut ""Ke Bidara beli mangga. Pulang nye liwat Slipi. Jangan lupa ingetin tetangga. Untuk milih Agus sylvi. #7HariLagiMilihAHY #AgusBersamaUlama"" menjadi:
- hate speech
- non hate speech",non hate speech
2169,id_hatespeech,id_hatespeech_nusantara_text,2eca54a9-c261-4706-b9cc-cb387ecf6718,zs_text_classification,train,"Klasifikasikan teks berikut ""Serius tapi ada selipan hiburannya \ud83d\ude06\ud83d\ude06\ud83d\ude06 #pilkadadki2017 #DebatFinalPilkadaJKT"" menjadi:
- hate speech
- non hate speech",non hate speech
2170,id_hatespeech,id_hatespeech_nusantara_text,2eca54a9-c261-4706-b9cc-cb387ecf6718,zs_text_classification,train,"Klasifikasikan teks berikut ""Sylvie sukses blunder bikin paslon 1 drop elektabilitasnya dengan fitnah dan spin salah pilih kader #DebatFinalPilkadaJKT"" menjadi:
- hate speech
- non hate speech",non hate speech
2171,id_hatespeech,id_hatespeech_nusantara_text,2eca54a9-c261-4706-b9cc-cb387ecf6718,zs_text_classification,train,"Klasifikasikan teks berikut ""Ahok: mari berlomba program #DebatFinalPilkadaJKT"" menjadi:
- hate speech
- non hate speech",non hate speech
2172,id_hatespeech,id_hatespeech_nusantara_text,2eca54a9-c261-4706-b9cc-cb387ecf6718,zs_text_classification,train,"Klasifikasikan teks berikut ""#DebatFinalPilkadaJKT aduh... Kecewa pertanyaan paslon 1...."" menjadi:
- hate speech
- non hate speech",non hate speech
2173,id_hatespeech,id_hatespeech_nusantara_text,2eca54a9-c261-4706-b9cc-cb387ecf6718,zs_text_classification,train,"Klasifikasikan teks berikut ""RT @agusdansylvi: #DebatFinalPilkadaJKT Saya pilih nomor 1. Sektor informal akan dimajukan mas Agus dan Mpok Sylvi."" menjadi:
- hate speech
- non hate speech",non hate speech
2174,id_hatespeech,id_hatespeech_nusantara_text,2eca54a9-c261-4706-b9cc-cb387ecf6718,zs_text_classification,train,"Klasifikasikan teks berikut ""RT @JTmor: Ahok pilihan terbaik untuk Jakarta"" menjadi:
- hate speech
- non hate speech",non hate speech
2175,id_hatespeech,id_hatespeech_nusantara_text,2eca54a9-c261-4706-b9cc-cb387ecf6718,zs_text_classification,train,"Klasifikasikan teks berikut ""RT @augustfrankto: #DebatFinalPilkadaJKT Bu Silvy curhat karena pernah dimarahi sama Pak Ahok...hehe.."" menjadi:
- hate speech
- non hate speech",non hate speech
2176,id_hatespeech,id_hatespeech_nusantara_text,2eca54a9-c261-4706-b9cc-cb387ecf6718,zs_text_classification,train,"Klasifikasikan teks berikut ""Mantap pak AHOK #DebatFinalPilkadaJKT"" menjadi:
- hate speech
- non hate speech",non hate speech
2177,id_hatespeech,id_hatespeech_nusantara_text,2eca54a9-c261-4706-b9cc-cb387ecf6718,zs_text_classification,train,"Klasifikasikan teks berikut ""Ahok gagah kaya gatot kaca! #DebatFinalPilkadaJKT"" menjadi:
- hate speech
- non hate speech",non hate speech
2178,id_hatespeech,id_hatespeech_nusantara_text,2eca54a9-c261-4706-b9cc-cb387ecf6718,zs_text_classification,train,"Klasifikasikan teks berikut ""Telaaaakkk nomer satuuuu. Nghahahaha #DebatFinalPilkadaJKT"" menjadi:
- hate speech
- non hate speech",non hate speech
2179,id_hatespeech,id_hatespeech_nusantara_text,2eca54a9-c261-4706-b9cc-cb387ecf6718,zs_text_classification,train,"Klasifikasikan teks berikut ""Lomba adu program #DebatFinalPilkadaJKT #SkakSilvi"" menjadi:
- hate speech
- non hate speech",non hate speech
2180,id_hatespeech,id_hatespeech_nusantara_text,2eca54a9-c261-4706-b9cc-cb387ecf6718,zs_text_classification,train,"Klasifikasikan teks berikut ""#DebatFinalPilkadaJKT Denger banyak program dan janji dan sering tau pas jadi ga dijalankan rasanya males aja sih."" menjadi:
- hate speech
- non hate speech",non hate speech
2181,id_hatespeech,id_hatespeech_nusantara_text,2eca54a9-c261-4706-b9cc-cb387ecf6718,zs_text_classification,train,"Klasifikasikan teks berikut ""DEBAT CAGUB DKI ke 3 - 10 Februari 2017 - Segmen 3 Mantap Ahok SKAK Sylviana Murni\n\n#DebatFinalPilkadaJKT"" menjadi:
- hate speech
- non hate speech",non hate speech
2182,id_hatespeech,id_hatespeech_nusantara_text,2eca54a9-c261-4706-b9cc-cb387ecf6718,zs_text_classification,train,"Klasifikasikan teks berikut ""Pertanyaan Ibu Silvy rada maksa.. #DebatFinalPilkadaJKT"" menjadi:
- hate speech
- non hate speech",non hate speech
2183,id_hatespeech,id_hatespeech_nusantara_text,2eca54a9-c261-4706-b9cc-cb387ecf6718,zs_text_classification,train,"Klasifikasikan teks berikut ""Tanggal 15, pas pilkada nanti sy gak akan milih siapa-siapa ah!"" menjadi:
- hate speech
- non hate speech",non hate speech
2184,id_hatespeech,id_hatespeech_nusantara_text,2eca54a9-c261-4706-b9cc-cb387ecf6718,zs_text_classification,train,"Klasifikasikan teks berikut ""Saya pribadi bakal prefer kok muslim dengan kapabilitas, tetapi lihat kondisinya Ahok menjadi pilihan plg realistis buat kemajuan DKI"" menjadi:
- hate speech
- non hate speech",non hate speech
2185,id_hatespeech,id_hatespeech_nusantara_text,2eca54a9-c261-4706-b9cc-cb387ecf6718,zs_text_classification,train,"Klasifikasikan teks berikut ""Yang mendukung Mas Anies bukan berarti anti Pak Ahok, begitu Pula sebaliknya"" menjadi:
- hate speech
- non hate speech",non hate speech
2186,id_hatespeech,id_hatespeech_nusantara_text,2eca54a9-c261-4706-b9cc-cb387ecf6718,zs_text_classification,train,"Klasifikasikan teks berikut ""Spanduk Tolak Salatkan Pembela Penista Agama juga Muncul di Kalibata https:\/\/t.co\/Sr1PbYtigN"" menjadi:
- hate speech
- non hate speech",non hate speech
2187,id_hatespeech,id_hatespeech_nusantara_text,2eca54a9-c261-4706-b9cc-cb387ecf6718,zs_text_classification,train,"Klasifikasikan teks berikut ""#DebatFinalPilkadaJKT Telak banget anjir ngakak!"" menjadi:
- hate speech
- non hate speech",non hate speech
2188,id_hatespeech,id_hatespeech_nusantara_text,2eca54a9-c261-4706-b9cc-cb387ecf6718,zs_text_classification,train,"Klasifikasikan teks berikut ""Ayo berlomba program jangan fitnah2 #DebatFinalPilkadaJKT"" menjadi:
- hate speech
- non hate speech",non hate speech
2189,id_hatespeech,id_hatespeech_nusantara_text,2eca54a9-c261-4706-b9cc-cb387ecf6718,zs_text_classification,train,"Klasifikasikan teks berikut ""RT @deelestari: Akhirnya nggak ngantuk lagi! Yeay! #DebatFinalPilkadaJKT"" menjadi:
- hate speech
- non hate speech",non hate speech
2190,id_hatespeech,id_hatespeech_nusantara_text,2eca54a9-c261-4706-b9cc-cb387ecf6718,zs_text_classification,train,"Klasifikasikan teks berikut ""Duh dibilang ga punya program paslon 1... kesian kesian kesian ... #debatfinalpilkadajkt"" menjadi:
- hate speech
- non hate speech",non hate speech
2191,id_hatespeech,id_hatespeech_nusantara_text,2eca54a9-c261-4706-b9cc-cb387ecf6718,zs_text_classification,train,"Klasifikasikan teks berikut ""Tuntut Keadilan Bagi Penista Agama, Puluhan Jawara Betawi Ikuti Aksi 212 Jilid II https:\/\/t.co\/HWVuoZyYov"" menjadi:
- hate speech
- non hate speech",non hate speech
2192,id_hatespeech,id_hatespeech_nusantara_text,2eca54a9-c261-4706-b9cc-cb387ecf6718,zs_text_classification,train,"Klasifikasikan teks berikut ""Keras nih ahok #DebatFinalPilkadaJKT"" menjadi:
- hate speech
- non hate speech",non hate speech
2193,id_hatespeech,id_hatespeech_nusantara_text,2eca54a9-c261-4706-b9cc-cb387ecf6718,zs_text_classification,train,"Klasifikasikan teks berikut ""Paslon 3 Anies Sandiaga Uno 15 Feb 2017 Utk Jakarta Indonesia Raya OK OCE"" menjadi:
- hate speech
- non hate speech",non hate speech
2194,id_hatespeech,id_hatespeech_nusantara_text,2eca54a9-c261-4706-b9cc-cb387ecf6718,zs_text_classification,train,"Klasifikasikan teks berikut ""Sesuai namanya: RONDE FINAL\n\n#DebatFinalPilkadaJKT"" menjadi:
- hate speech
- non hate speech",non hate speech
2195,id_hatespeech,id_hatespeech_nusantara_text,2eca54a9-c261-4706-b9cc-cb387ecf6718,zs_text_classification,train,"Klasifikasikan teks berikut ""Mendagri Tambah Pusing, Ketika MA Emoh Keluarkan Fatwa Status Gubernur Penista Agama https:\/\/t.co\/J34aMQiMNi"" menjadi:
- hate speech
- non hate speech",non hate speech
2196,id_hatespeech,id_hatespeech_nusantara_text,2eca54a9-c261-4706-b9cc-cb387ecf6718,zs_text_classification,train,"Klasifikasikan teks berikut ""Tolong adu program"" menjadi:
- hate speech
- non hate speech",non hate speech
2197,id_hatespeech,id_hatespeech_nusantara_text,2eca54a9-c261-4706-b9cc-cb387ecf6718,zs_text_classification,train,"Klasifikasikan teks berikut ""Genderang perang makin kencang #DebatFinalPilkadaJKT"" menjadi:
- hate speech
- non hate speech",non hate speech
2198,id_hatespeech,id_hatespeech_nusantara_text,2eca54a9-c261-4706-b9cc-cb387ecf6718,zs_text_classification,train,"Klasifikasikan teks berikut ""Mpok sylvi udah mulai emosi \ud83d\ude02\n #DebatFinalPilkadaJKT"" menjadi:
- hate speech
- non hate speech",non hate speech
2199,id_hatespeech,id_hatespeech_nusantara_text,2eca54a9-c261-4706-b9cc-cb387ecf6718,zs_text_classification,train,"Klasifikasikan teks berikut ""Some people gabisa bedain kasar sama tegas. #DebatFinalPilkadaJKT"" menjadi:
- hate speech
- non hate speech",non hate speech
2200,id_hatespeech,id_hatespeech_nusantara_text,2eca54a9-c261-4706-b9cc-cb387ecf6718,zs_text_classification,train,"Klasifikasikan teks berikut ""Beliau para pemimpin hebat Indonesia! Kita bangga https:\/\/t.co\/NAWbps9Xpt https:\/\/t.co\/5cC2U9AIEv"" menjadi:
- hate speech
- non hate speech",non hate speech
2201,id_hatespeech,id_hatespeech_nusantara_text,2eca54a9-c261-4706-b9cc-cb387ecf6718,zs_text_classification,train,"Klasifikasikan teks berikut ""@InformasiDKI mungkin bu silvy jg pengen foto sama pak ahok hihihi #DebatFinalPilkadaJKT"" menjadi:
- hate speech
- non hate speech",non hate speech
2202,id_hatespeech,id_hatespeech_nusantara_text,2eca54a9-c261-4706-b9cc-cb387ecf6718,zs_text_classification,train,"Klasifikasikan teks berikut ""#DebatFinalPilkadaJKT Mulai saling serang deh"" menjadi:
- hate speech
- non hate speech",non hate speech
2203,id_hatespeech,id_hatespeech_nusantara_text,2eca54a9-c261-4706-b9cc-cb387ecf6718,zs_text_classification,train,"Klasifikasikan teks berikut ""RT @InaKinoy: baca ini dulu lah biar mendinginkan suasana #DebatFinalPilkadaJKT https:\/\/t.co\/Em9GCKc4qe"" menjadi:
- hate speech
- non hate speech",non hate speech
2204,id_hatespeech,id_hatespeech_nusantara_text,2eca54a9-c261-4706-b9cc-cb387ecf6718,zs_text_classification,train,"Klasifikasikan teks berikut ""ayo berlomba program jgn pitnah doank.. #DebatFinalPilkadaJKT #BadjaPastimenang"" menjadi:
- hate speech
- non hate speech",non hate speech
2205,id_hatespeech,id_hatespeech_nusantara_text,2eca54a9-c261-4706-b9cc-cb387ecf6718,zs_text_classification,train,"Klasifikasikan teks berikut ""RT @qronoz: Pokoknya kalo Ahok udah ngomong: Aduuuuuuh KELAR. #DebatFinalPilkadaJKT"" menjadi:
- hate speech
- non hate speech",non hate speech
2206,id_hatespeech,id_hatespeech_nusantara_text,2eca54a9-c261-4706-b9cc-cb387ecf6718,zs_text_classification,train,"Klasifikasikan teks berikut ""Senjata makan tuan #DebatFinalPilkadaJKT #DebatFinalDKI"" menjadi:
- hate speech
- non hate speech",non hate speech
2207,id_hatespeech,id_hatespeech_nusantara_text,2eca54a9-c261-4706-b9cc-cb387ecf6718,zs_text_classification,train,"Klasifikasikan teks berikut ""Ahok kekerasan verbal? Masa koruptor dielus2 #DebatFinalPilkadaJKT"" menjadi:
- hate speech
- non hate speech",non hate speech
2208,id_hatespeech,id_hatespeech_nusantara_text,2eca54a9-c261-4706-b9cc-cb387ecf6718,zs_text_classification,train,"Klasifikasikan teks berikut ""RT @qronoz: Gak ada program yang mau diserang yang diserang karakternya. AHaY! \ud83d\ude02 #DebatFinalPilkadaJKT"" menjadi:
- hate speech
- non hate speech",non hate speech
2209,id_hatespeech,id_hatespeech_nusantara_text,2eca54a9-c261-4706-b9cc-cb387ecf6718,zs_text_classification,train,"Klasifikasikan teks berikut ""Terkait Jakarta tak Ramah anak apa tanggapan Pak @aniesbaswedan https:\/\/t.co\/ufA55UWBcI"" menjadi:
- hate speech
- non hate speech",non hate speech
2210,id_hatespeech,id_hatespeech_nusantara_text,2eca54a9-c261-4706-b9cc-cb387ecf6718,zs_text_classification,train,"Klasifikasikan teks berikut ""emang OK OCE anies dan sandi dalam mengatasi urbanisasi dan lapangan kerja #DebatFinalPilkadaJKT https:\/\/t.co\/BrCeCZSkux"" menjadi:
- hate speech
- non hate speech",non hate speech
2211,id_hatespeech,id_hatespeech_nusantara_text,2eca54a9-c261-4706-b9cc-cb387ecf6718,zs_text_classification,train,"Klasifikasikan teks berikut ""Suporternya mulai kampungan paslon masih ngomong jg ...... #DebatFinalPilkadaJKT"" menjadi:
- hate speech
- non hate speech",non hate speech
2212,id_hatespeech,id_hatespeech_nusantara_text,2eca54a9-c261-4706-b9cc-cb387ecf6718,zs_text_classification,train,"Klasifikasikan teks berikut ""Mulai seru ni #DebatFinalPilkadaJKT"" menjadi:
- hate speech
- non hate speech",non hate speech
2213,id_hatespeech,id_hatespeech_nusantara_text,2eca54a9-c261-4706-b9cc-cb387ecf6718,zs_text_classification,train,"Klasifikasikan teks berikut ""#DebatFinalPilkadaJKT nangis nangis ketonjok lagi"" menjadi:
- hate speech
- non hate speech",non hate speech
2214,id_hatespeech,id_hatespeech_nusantara_text,2eca54a9-c261-4706-b9cc-cb387ecf6718,zs_text_classification,train,"Klasifikasikan teks berikut ""RT @Kafyonaa: JADI DEBAT TERAKHIR NANTI MALAM PILIHANMU JATUH KE PASLON YANG MANA? #DebatFinalPilkadaJKT #Debat3PilkadaDKI"" menjadi:
- hate speech
- non hate speech",non hate speech
2215,id_hatespeech,id_hatespeech_nusantara_text,2eca54a9-c261-4706-b9cc-cb387ecf6718,zs_text_classification,train,"Klasifikasikan teks berikut ""RT @magendajuang: Wkwkwk udah dah pilih Anies Sandi aja :) #DebatFinalPilkadaJKT https:\/\/t.co\/hMXhjyHBnJ"" menjadi:
- hate speech
- non hate speech",non hate speech
2216,id_hatespeech,id_hatespeech_nusantara_text,2eca54a9-c261-4706-b9cc-cb387ecf6718,zs_text_classification,train,"Klasifikasikan teks berikut ""fitnah lebih kejam loh dari pembunuhan #DebatFinalPilkadaJKT"" menjadi:
- hate speech
- non hate speech",non hate speech
2217,id_hatespeech,id_hatespeech_nusantara_text,2eca54a9-c261-4706-b9cc-cb387ecf6718,zs_text_classification,train,"Klasifikasikan teks berikut ""mari #debatsehat. jangan coba pakai #datasesat. #DebatFinalPilkadaJKT #DebatFinalDiKompasTV"" menjadi:
- hate speech
- non hate speech",non hate speech
2218,id_hatespeech,id_hatespeech_nusantara_text,2eca54a9-c261-4706-b9cc-cb387ecf6718,zs_text_classification,train,"Klasifikasikan teks berikut ""RT @prastow: Apapun itu, keberanian Ahok membongkar mafia anggaran menjadi tonggak penting menuju APBD yg kredibel dan akuntabel."" menjadi:
- hate speech
- non hate speech",non hate speech
2219,id_hatespeech,id_hatespeech_nusantara_text,2eca54a9-c261-4706-b9cc-cb387ecf6718,zs_text_classification,train,"Klasifikasikan teks berikut ""RT @SydSalesman: inilah wujud nasional-is-me dagangannya @pandji ... hebat! https:\/\/t.co\/0fYIG6c2xl"" menjadi:
- hate speech
- non hate speech",non hate speech
2220,id_hatespeech,id_hatespeech_nusantara_text,2eca54a9-c261-4706-b9cc-cb387ecf6718,zs_text_classification,train,"Klasifikasikan teks berikut ""Pak dosen makin keliatan aslinya :("" menjadi:
- hate speech
- non hate speech",non hate speech
2221,id_hatespeech,id_hatespeech_nusantara_text,2eca54a9-c261-4706-b9cc-cb387ecf6718,zs_text_classification,train,"Klasifikasikan teks berikut ""RT @gabriellaanDini: Dulu di awal kampanye bukannya uda deklarasi anti SARA??? Tadinya gw pikir no.3 lebih mending dari no.1"" menjadi:
- hate speech
- non hate speech",non hate speech
2222,id_hatespeech,id_hatespeech_nusantara_text,2eca54a9-c261-4706-b9cc-cb387ecf6718,zs_text_classification,train,"Klasifikasikan teks berikut ""#DebatFinalPilkadaJKT mateng mpok Silvy di bombardir Pak Ahok... jawaban cerdas Pak Ahok.."" menjadi:
- hate speech
- non hate speech",non hate speech
2223,id_hatespeech,id_hatespeech_nusantara_text,2eca54a9-c261-4706-b9cc-cb387ecf6718,zs_text_classification,train,"Klasifikasikan teks berikut ""#DebatFinalPilkadaJKT mohon tenang"" menjadi:
- hate speech
- non hate speech",non hate speech
2224,id_hatespeech,id_hatespeech_nusantara_text,2eca54a9-c261-4706-b9cc-cb387ecf6718,zs_text_classification,train,"Klasifikasikan teks berikut ""Yg no.1 nih ngomongin hal yg di luar program mulu ya. Ngga ada bhan ya bwt serang lawan.. Cape dehh! #DebatFinalDKI #DebatFinalPilkadaJKT"" menjadi:
- hate speech
- non hate speech",non hate speech
2225,id_hatespeech,id_hatespeech_nusantara_text,2eca54a9-c261-4706-b9cc-cb387ecf6718,zs_text_classification,train,"Klasifikasikan teks berikut ""Cinta pak Ahok pokoknya #DebatFinalPilkadaJKT"" menjadi:
- hate speech
- non hate speech",non hate speech
2226,id_hatespeech,id_hatespeech_nusantara_text,2eca54a9-c261-4706-b9cc-cb387ecf6718,zs_text_classification,train,"Klasifikasikan teks berikut ""#DebatFinalPilkadaJKT nggak cuma ibu2 yang pengen foto sama Ahok bapak2 juga lho"" menjadi:
- hate speech
- non hate speech",non hate speech
2227,id_hatespeech,id_hatespeech_nusantara_text,2eca54a9-c261-4706-b9cc-cb387ecf6718,zs_text_classification,train,"Klasifikasikan teks berikut ""Mas Agus saya akui malam ini....rambut kamu bagus! #DebatFinalPilkadaJKT"" menjadi:
- hate speech
- non hate speech",non hate speech
2228,id_hatespeech,id_hatespeech_nusantara_text,2eca54a9-c261-4706-b9cc-cb387ecf6718,zs_text_classification,train,"Klasifikasikan teks berikut ""RT @republikaonline: Ahok Janji Berani Tutup Tempat Hiburan Malam yang Jual Narkoba"" menjadi:
- hate speech
- non hate speech",non hate speech
2229,id_hatespeech,id_hatespeech_nusantara_text,2eca54a9-c261-4706-b9cc-cb387ecf6718,zs_text_classification,train,"Klasifikasikan teks berikut ""Agus-Sylvi sisipkan bahasa jawa saat debat https:\/\/t.co\/fGTfXgaINx"" menjadi:
- hate speech
- non hate speech",non hate speech
2230,id_hatespeech,id_hatespeech_nusantara_text,2eca54a9-c261-4706-b9cc-cb387ecf6718,zs_text_classification,train,"Klasifikasikan teks berikut ""RT @hariadhi: Ahok udah perhatikan penyandang disabilitas, jauuuh sebelum kandidat lain berjanji #NobarAhokDjarot #BadjaPastiJuara"" menjadi:
- hate speech
- non hate speech",non hate speech
2231,id_hatespeech,id_hatespeech_nusantara_text,2eca54a9-c261-4706-b9cc-cb387ecf6718,zs_text_classification,train,"Klasifikasikan teks berikut ""Ahok keren!!! #DebatFinalPilkadaJKT"" menjadi:
- hate speech
- non hate speech",non hate speech
2232,id_hatespeech,id_hatespeech_nusantara_text,2eca54a9-c261-4706-b9cc-cb387ecf6718,zs_text_classification,train,"Klasifikasikan teks berikut ""Gimana ya Tim Ahok kok makin disudutkan(?) Mungkin karena ini final kali y"" menjadi:
- hate speech
- non hate speech",non hate speech
2233,id_hatespeech,id_hatespeech_nusantara_text,2eca54a9-c261-4706-b9cc-cb387ecf6718,zs_text_classification,train,"Klasifikasikan teks berikut ""Nih fakta buat yg asbun. #BadjaPastimenang #DebatFinalPilkadaJKT"" menjadi:
- hate speech
- non hate speech",non hate speech
2234,id_hatespeech,id_hatespeech_nusantara_text,2eca54a9-c261-4706-b9cc-cb387ecf6718,zs_text_classification,train,"Klasifikasikan teks berikut ""Siap-siap meme CCTV. #DebatFinalPilkadaJKT #Debat3PilkadaDKI #DebatFinalDKI"" menjadi:
- hate speech
- non hate speech",non hate speech
2235,id_hatespeech,id_hatespeech_nusantara_text,2eca54a9-c261-4706-b9cc-cb387ecf6718,zs_text_classification,train,"Klasifikasikan teks berikut ""Nyinyir tingkat nasional #DebatFinalPilkadaJKT"" menjadi:
- hate speech
- non hate speech",non hate speech
2236,id_hatespeech,id_hatespeech_nusantara_text,2eca54a9-c261-4706-b9cc-cb387ecf6718,zs_text_classification,train,"Klasifikasikan teks berikut ""Drama bgt itu :(( #DebatFinalPilkadaJKT"" menjadi:
- hate speech
- non hate speech",non hate speech
2237,id_hatespeech,id_hatespeech_nusantara_text,2eca54a9-c261-4706-b9cc-cb387ecf6718,zs_text_classification,train,"Klasifikasikan teks berikut ""Ini judulnya Debat atau nyerang paslon 2 ?????? #DebatFinalPilkadaJKT"" menjadi:
- hate speech
- non hate speech",non hate speech
2238,id_hatespeech,id_hatespeech_nusantara_text,2eca54a9-c261-4706-b9cc-cb387ecf6718,zs_text_classification,train,"Klasifikasikan teks berikut ""Lha kok menyerang gitu ya #DebatFinalPilkadaJKT"" menjadi:
- hate speech
- non hate speech",non hate speech
2239,id_hatespeech,id_hatespeech_nusantara_text,2eca54a9-c261-4706-b9cc-cb387ecf6718,zs_text_classification,train,"Klasifikasikan teks berikut ""Debat sama berantem beda tipis #DebatFinalPilkadaJKT"" menjadi:
- hate speech
- non hate speech",non hate speech
2240,id_hatespeech,id_hatespeech_nusantara_text,2eca54a9-c261-4706-b9cc-cb387ecf6718,zs_text_classification,train,"Klasifikasikan teks berikut ""Orang tegas dibilang maki-maki orang -_- #DebatFinalPilkadaJKT"" menjadi:
- hate speech
- non hate speech",non hate speech
2241,id_hatespeech,id_hatespeech_nusantara_text,2eca54a9-c261-4706-b9cc-cb387ecf6718,zs_text_classification,train,"Klasifikasikan teks berikut ""1 atau 2 perempuan berbeda dengan kaum perempuan #DebatFinalPilkadaJK"" menjadi:
- hate speech
- non hate speech",non hate speech
2242,id_hatespeech,id_hatespeech_nusantara_text,2eca54a9-c261-4706-b9cc-cb387ecf6718,zs_text_classification,train,"Klasifikasikan teks berikut ""mantap OK OCE anies sandi dalam mengatasi urbanisasi dan lapangan kerja"" menjadi:
- hate speech
- non hate speech",non hate speech
2243,id_hatespeech,id_hatespeech_nusantara_text,2eca54a9-c261-4706-b9cc-cb387ecf6718,zs_text_classification,train,"Klasifikasikan teks berikut ""RT @WisnuDewobroto: Ga seru nih. selalu mengungkit masa lalu :). kekerasan Verbal semua pernah lakukan manusia biasa. #DebatFinalPilkadaJKT"" menjadi:
- hate speech
- non hate speech",non hate speech
2244,id_hatespeech,id_hatespeech_nusantara_text,2eca54a9-c261-4706-b9cc-cb387ecf6718,zs_text_classification,train,"Klasifikasikan teks berikut ""satu perempuan bukan semua perempuan #DebatFinalPilkadaJKT"" menjadi:
- hate speech
- non hate speech",non hate speech
2245,id_hatespeech,id_hatespeech_nusantara_text,2eca54a9-c261-4706-b9cc-cb387ecf6718,zs_text_classification,train,"Klasifikasikan teks berikut ""#DebatFinalPilkadaJKT Pertanyaan paslon 1 dpt dikategorikan sbg kekerasan dalam debat."" menjadi:
- hate speech
- non hate speech",non hate speech
2246,id_hatespeech,id_hatespeech_nusantara_text,2eca54a9-c261-4706-b9cc-cb387ecf6718,zs_text_classification,train,"Klasifikasikan teks berikut ""@jokowi pak maafkan saya. Biarkan malam ini saja saya memposting ujaran kebencian. Hanya malam ini saja pak xoxo #DebatFinalPilkadaJKT"" menjadi:
- hate speech
- non hate speech",non hate speech
2247,id_hatespeech,id_hatespeech_nusantara_text,2eca54a9-c261-4706-b9cc-cb387ecf6718,zs_text_classification,train,"Klasifikasikan teks berikut ""Semoga Allah memenangkan pak Anies-sandi https:\/\/t.co\/sns0rXRw3f"" menjadi:
- hate speech
- non hate speech",non hate speech
2248,id_hatespeech,id_hatespeech_nusantara_text,2eca54a9-c261-4706-b9cc-cb387ecf6718,zs_text_classification,train,"Klasifikasikan teks berikut ""#DebatFinalPilkadaJKT non muslim coblos Ahok muslim coblos Djarot. Bagaimana?"" menjadi:
- hate speech
- non hate speech",non hate speech
2249,id_hatespeech,id_hatespeech_nusantara_text,2eca54a9-c261-4706-b9cc-cb387ecf6718,zs_text_classification,train,"Klasifikasikan teks berikut ""#DebatFinalPilkadaJKT *pemimpin harus dapat ciptakan suasana damai tentram dan bukan adu domba atau hasutan"" menjadi:
- hate speech
- non hate speech",non hate speech
2250,id_hatespeech,id_hatespeech_nusantara_text,2eca54a9-c261-4706-b9cc-cb387ecf6718,zs_text_classification,train,"Klasifikasikan teks berikut ""Saya bertanya kepada Bapak Presiden dan Kapolri OK OCE tuh apaan? #DebatFinalPilkadaJKT"" menjadi:
- hate speech
- non hate speech",non hate speech
2251,id_hatespeech,id_hatespeech_nusantara_text,2eca54a9-c261-4706-b9cc-cb387ecf6718,zs_text_classification,train,"Klasifikasikan teks berikut ""Keliatan banget keberpihakan media #DebatFinalPilkadaJKT"" menjadi:
- hate speech
- non hate speech",non hate speech
2252,id_hatespeech,id_hatespeech_nusantara_text,2eca54a9-c261-4706-b9cc-cb387ecf6718,zs_text_classification,train,"Klasifikasikan teks berikut ""RT @di_HatiKecil: Bagus nih ilustrasinya #DebatFinalPilkadaJKT https:\/\/t.co\/zAQLqrBiUF"" menjadi:
- hate speech
- non hate speech",non hate speech
2253,id_hatespeech,id_hatespeech_nusantara_text,2eca54a9-c261-4706-b9cc-cb387ecf6718,zs_text_classification,train,"Klasifikasikan teks berikut ""RT @rezaoktovian: Ahok terlalu keren :')"" menjadi:
- hate speech
- non hate speech",non hate speech
2254,id_hatespeech,id_hatespeech_nusantara_text,2eca54a9-c261-4706-b9cc-cb387ecf6718,zs_text_classification,train,"Klasifikasikan teks berikut ""isinya timeline twitter cm pilkada.. membosankan sekali.."" menjadi:
- hate speech
- non hate speech",non hate speech
2255,id_hatespeech,id_hatespeech_nusantara_text,2eca54a9-c261-4706-b9cc-cb387ecf6718,zs_text_classification,train,"Klasifikasikan teks berikut ""Mohon tenang mohon tenang #DebatFinalPilkadaJKT"" menjadi:
- hate speech
- non hate speech",non hate speech
2256,id_hatespeech,id_hatespeech_nusantara_text,2eca54a9-c261-4706-b9cc-cb387ecf6718,zs_text_classification,train,"Klasifikasikan teks berikut ""ah diulang. Jawabannya bisa beda kan? #DebatFinalPilkadaJKT"" menjadi:
- hate speech
- non hate speech",non hate speech
2257,id_hatespeech,id_hatespeech_nusantara_text,2eca54a9-c261-4706-b9cc-cb387ecf6718,zs_text_classification,train,"Klasifikasikan teks berikut ""Perasaan bukan pertanyaan itu deh yg td dijawab om @aniesbaswedan audionya ga keluar atau ia ya? #DebatFinalPilkadaJKT"" menjadi:
- hate speech
- non hate speech",non hate speech
2258,id_hatespeech,id_hatespeech_nusantara_text,2eca54a9-c261-4706-b9cc-cb387ecf6718,zs_text_classification,train,"Klasifikasikan teks berikut ""Boleh tinggal di pinggir kali meski bukan tanahnya boleh jualan di pinggir jalan"" menjadi:
- hate speech
- non hate speech",non hate speech
2259,id_hatespeech,id_hatespeech_nusantara_text,2eca54a9-c261-4706-b9cc-cb387ecf6718,zs_text_classification,train,"Klasifikasikan teks berikut ""RT @rigenz123: Sehatkan Warga DKI Melalui #JakartaBerlari Barulah Pembangunan Dapat Sejahterakan Warganya. #DebatFinalPilkadaJKT"" menjadi:
- hate speech
- non hate speech",non hate speech
2260,id_hatespeech,id_hatespeech_nusantara_text,2eca54a9-c261-4706-b9cc-cb387ecf6718,zs_text_classification,train,"Klasifikasikan teks berikut ""kalau kamu diputuskan pacar tanpa sebab mungkin program OKE OCE bisa jadi solusi nya #DebatFinalPilkadaJKT"" menjadi:
- hate speech
- non hate speech",non hate speech
2261,id_hatespeech,id_hatespeech_nusantara_text,2eca54a9-c261-4706-b9cc-cb387ecf6718,zs_text_classification,train,"Klasifikasikan teks berikut ""Melibatkan yang paham pada bidangnya untuk duduk bersama memecahkan solusi. Cara kepemimpinan yg cerdas ! #DebatFinalPilkadaJKT"" menjadi:
- hate speech
- non hate speech",non hate speech
2262,id_hatespeech,id_hatespeech_nusantara_text,2eca54a9-c261-4706-b9cc-cb387ecf6718,zs_text_classification,train,"Klasifikasikan teks berikut ""Justru laki-laki lah yang sering mengalami kekerasan verbal. Berapa kali dirimu dimarahi istrimu..? Ayo ngaku."" menjadi:
- hate speech
- non hate speech",non hate speech
2263,id_hatespeech,id_hatespeech_nusantara_text,2eca54a9-c261-4706-b9cc-cb387ecf6718,zs_text_classification,train,"Klasifikasikan teks berikut ""RT @TirtoID: Soal gerakan-gerakan ala @aniesbaswedan #PeriksaData #DebatFinalPilkadaJKT"" menjadi:
- hate speech
- non hate speech",non hate speech
2264,id_hatespeech,id_hatespeech_nusantara_text,2eca54a9-c261-4706-b9cc-cb387ecf6718,zs_text_classification,train,"Klasifikasikan teks berikut ""Mayoritas warga Jakarta ingin dipimpin Gubernur baru. Emang iya? #DebatFinalPilkadaJKT"" menjadi:
- hate speech
- non hate speech",non hate speech
2265,id_hatespeech,id_hatespeech_nusantara_text,2eca54a9-c261-4706-b9cc-cb387ecf6718,zs_text_classification,train,"Klasifikasikan teks berikut ""Paslon 1 selalu nyerang paslon 2 ni #DebatFinalPilkadaJKT"" menjadi:
- hate speech
- non hate speech",non hate speech
2266,id_hatespeech,id_hatespeech_nusantara_text,2eca54a9-c261-4706-b9cc-cb387ecf6718,zs_text_classification,train,"Klasifikasikan teks berikut ""RT @JktMajuBersama: Upaya Anies-Sandi untuk mendukung perempuan menjadi pelaku UKM :) #DebatFinalPilkadaJKT"" menjadi:
- hate speech
- non hate speech",non hate speech
2267,id_hatespeech,id_hatespeech_nusantara_text,2eca54a9-c261-4706-b9cc-cb387ecf6718,zs_text_classification,train,"Klasifikasikan teks berikut ""Salah satu indikator meningkatnya kualitas hidup warga Jkt adl terus bisa tersenyum seperti Pak Djarot malam ini"" menjadi:
- hate speech
- non hate speech",non hate speech
2268,id_hatespeech,id_hatespeech_nusantara_text,2eca54a9-c261-4706-b9cc-cb387ecf6718,zs_text_classification,train,"Klasifikasikan teks berikut ""Tontonan yg wajib ditunggu sehabis #DebatFinalPilkadaJKT"" menjadi:
- hate speech
- non hate speech",non hate speech
2269,id_hatespeech,id_hatespeech_nusantara_text,2eca54a9-c261-4706-b9cc-cb387ecf6718,zs_text_classification,train,"Klasifikasikan teks berikut ""RT @ainouun: Pak Ahok : penyandang disabilitas bukan hanya mereka, suatu saat kita juga bisa jadi. #DebatFinalPilkadaJKT"" menjadi:
- hate speech
- non hate speech",non hate speech
2270,id_hatespeech,id_hatespeech_nusantara_text,2eca54a9-c261-4706-b9cc-cb387ecf6718,zs_text_classification,train,"Klasifikasikan teks berikut ""RT @tribunjateng: Saat Jeda, Ahok dan Djarot Sapa Ganjar Pranowo dari Atas Panggung"" menjadi:
- hate speech
- non hate speech",non hate speech
2271,id_hatespeech,id_hatespeech_nusantara_text,2eca54a9-c261-4706-b9cc-cb387ecf6718,zs_text_classification,train,"Klasifikasikan teks berikut ""@Boojaee sayang hyung cuma pencitraan :* wkwk"" menjadi:
- hate speech
- non hate speech",non hate speech
2272,id_hatespeech,id_hatespeech_nusantara_text,2eca54a9-c261-4706-b9cc-cb387ecf6718,zs_text_classification,train,"Klasifikasikan teks berikut ""@kurawa Msh inget sm ibu penjual kue di balaikota, cm Pak Ahok yg tau klo si ibu sakit, ibu itu langsung diurus ke rs. Ini bukan pencitraan."" menjadi:
- hate speech
- non hate speech",non hate speech
2273,id_hatespeech,id_hatespeech_nusantara_text,2eca54a9-c261-4706-b9cc-cb387ecf6718,zs_text_classification,train,"Klasifikasikan teks berikut ""Biar jajan naik sejuta https://t.co/veZ5PXxDfr"" menjadi:
- hate speech
- non hate speech",non hate speech
2274,id_hatespeech,id_hatespeech_nusantara_text,2eca54a9-c261-4706-b9cc-cb387ecf6718,zs_text_classification,train,"Klasifikasikan teks berikut ""bio gw belum diganti astagfirullah rusak pencitraan cewe cantik"" menjadi:
- hate speech
- non hate speech",non hate speech
2275,id_hatespeech,id_hatespeech_nusantara_text,2eca54a9-c261-4706-b9cc-cb387ecf6718,zs_text_classification,train,"Klasifikasikan teks berikut ""#MataNajwaDebatJakarta Ya ampun udh closing statement msh aja commentnya ky gitu ya"" menjadi:
- hate speech
- non hate speech",non hate speech
2276,id_hatespeech,id_hatespeech_nusantara_text,2eca54a9-c261-4706-b9cc-cb387ecf6718,zs_text_classification,train,"Klasifikasikan teks berikut ""Hah uda closing statement?? Cepet bener?? #DebatFinalPilkadaJKT"" menjadi:
- hate speech
- non hate speech",non hate speech
2277,id_hatespeech,id_hatespeech_nusantara_text,2eca54a9-c261-4706-b9cc-cb387ecf6718,zs_text_classification,train,"Klasifikasikan teks berikut ""RT @digembok: #DebatFinalPilkadaJKT kali ini keren.Biasanya ada sesi tanya-jawab Kali ini ada SESI CURHAT"" menjadi:
- hate speech
- non hate speech",non hate speech
2278,id_hatespeech,id_hatespeech_nusantara_text,2eca54a9-c261-4706-b9cc-cb387ecf6718,zs_text_classification,train,"Klasifikasikan teks berikut ""Ketiga paslon gagal menjawab pertanyaan yang jawabannya harus memuji kebaikan paslon lain"" menjadi:
- hate speech
- non hate speech",non hate speech
2279,id_hatespeech,id_hatespeech_nusantara_text,2eca54a9-c261-4706-b9cc-cb387ecf6718,zs_text_classification,train,"Klasifikasikan teks berikut ""Mari berjuang bersama SBYudhoyono utk memenangkan #SaduddinDhani di #PilkadaKabBekasi2017 #BekasiSAH #BekasiBerjaya"" menjadi:
- hate speech
- non hate speech",non hate speech
2280,id_hatespeech,id_hatespeech_nusantara_text,2eca54a9-c261-4706-b9cc-cb387ecf6718,zs_text_classification,train,"Klasifikasikan teks berikut ""Jikapun aparatur bisa dibeli, kyai dan santri oplosan dibeli. Masih ada yng ASLI, siap MELAWAN KETIDAKADILAN https://t.co/riloAH9gAd"" menjadi:
- hate speech
- non hate speech",non hate speech
2281,id_hatespeech,id_hatespeech_nusantara_text,2eca54a9-c261-4706-b9cc-cb387ecf6718,zs_text_classification,train,"Klasifikasikan teks berikut ""Pasangan mana yang unggul dalam debat kandidat Gubernur-Wagub DKI Jakarta Malam Ini?"" menjadi:
- hate speech
- non hate speech",non hate speech
2282,id_hatespeech,id_hatespeech_nusantara_text,2eca54a9-c261-4706-b9cc-cb387ecf6718,zs_text_classification,train,"Klasifikasikan teks berikut ""Keberagaman itu datang dr hati terdalam, bukan dr pencitraan #Tetap3 #JKTBeragam"" menjadi:
- hate speech
- non hate speech",non hate speech
2283,id_hatespeech,id_hatespeech_nusantara_text,2eca54a9-c261-4706-b9cc-cb387ecf6718,zs_text_classification,train,"Klasifikasikan teks berikut ""Membangun bangsa dan negara ini engga cukup dengan metoda pencitraan saja ,tanpa teruji lewat rekam jejak dan integritas tokohnya"" menjadi:
- hate speech
- non hate speech",non hate speech
2284,id_hatespeech,id_hatespeech_nusantara_text,2eca54a9-c261-4706-b9cc-cb387ecf6718,zs_text_classification,train,"Klasifikasikan teks berikut ""RT @adelladellaide: Bersikap baik dan menjaga prilaku di depan umum bukan berarti pencitraan, bukan pula ""menjadi orang lain""."" menjadi:
- hate speech
- non hate speech",non hate speech
2285,id_hatespeech,id_hatespeech_nusantara_text,2eca54a9-c261-4706-b9cc-cb387ecf6718,zs_text_classification,train,"Klasifikasikan teks berikut ""RT @FiersaBesari: Saat jujur, ada yg curiga. Saat berbuat baik, ada yg menuduh pencitraan. Saat bahagia, ada yg iri. Abaikan."" menjadi:
- hate speech
- non hate speech",non hate speech
2286,id_hatespeech,id_hatespeech_nusantara_text,2eca54a9-c261-4706-b9cc-cb387ecf6718,zs_text_classification,train,"Klasifikasikan teks berikut ""Umat Islam yg peduli agama mrk, tentu tdk akan tergoda dg trik2 konyol seperti ini, InshaAllah umat Islam sdh sadar https://t.co/PFH1MPsKFO"" menjadi:
- hate speech
- non hate speech",non hate speech
2287,id_hatespeech,id_hatespeech_nusantara_text,2eca54a9-c261-4706-b9cc-cb387ecf6718,zs_text_classification,train,"Klasifikasikan teks berikut ""#AniesIntoleran \nAnies Baswedan, tak lagi memiliki integritas dan kredibilitas sebagai seorang pemimpin. https://t.co/rv053Gt4j8"" menjadi:
- hate speech
- non hate speech",non hate speech
2288,id_hatespeech,id_hatespeech_nusantara_text,2eca54a9-c261-4706-b9cc-cb387ecf6718,zs_text_classification,train,"Klasifikasikan teks berikut ""@agusriyadi12345 Apakah perlu semua berita ahok harus menggunakan penista agama. Misalnya Penista agama sedang kampanye di Jakarta pusat."" menjadi:
- hate speech
- non hate speech",non hate speech
2289,id_hatespeech,id_hatespeech_nusantara_text,2eca54a9-c261-4706-b9cc-cb387ecf6718,zs_text_classification,train,"Klasifikasikan teks berikut ""@agusriyadi12345 Apakah tidak sadis, jika semua berita tentang ahok, judulnya diawali degan Terdakwa penista agama bukan menggunakan nama?"" menjadi:
- hate speech
- non hate speech",non hate speech
2290,id_hatespeech,id_hatespeech_nusantara_text,2eca54a9-c261-4706-b9cc-cb387ecf6718,zs_text_classification,train,"Klasifikasikan teks berikut ""@Altefalken kemarin kan ada berita tentang penyakit mengingitis dari Babi, mksd gw apa nyambungnya sama ahok?"" menjadi:
- hate speech
- non hate speech",non hate speech
2291,id_hatespeech,id_hatespeech_nusantara_text,2eca54a9-c261-4706-b9cc-cb387ecf6718,zs_text_classification,train,"Klasifikasikan teks berikut ""@ISejunnie @AHMADDHANIPRAST artis korea bisa world tour ahmad dhani bisa ?"" menjadi:
- hate speech
- non hate speech",non hate speech
2292,id_hatespeech,id_hatespeech_nusantara_text,2eca54a9-c261-4706-b9cc-cb387ecf6718,zs_text_classification,train,"Klasifikasikan teks berikut ""@HaqueMarissa ,, ahok di jakarta , daging babi di bali apa hubungan nya ya??"" menjadi:
- hate speech
- non hate speech",non hate speech
2293,id_hatespeech,id_hatespeech_nusantara_text,2eca54a9-c261-4706-b9cc-cb387ecf6718,zs_text_classification,train,"Klasifikasikan teks berikut ""Ahmad Dhani Bangkrut Ditagih Utang Melalui Video, Mantan Istrinya Jadi Janda Kaya Raya: Hampir setahun berlalu, https://t.co/22InRwRR26"" menjadi:
- hate speech
- non hate speech",non hate speech
2294,id_hatespeech,id_hatespeech_nusantara_text,2eca54a9-c261-4706-b9cc-cb387ecf6718,zs_text_classification,train,"Klasifikasikan teks berikut ""Ahmad Dhani Sentil AHOK, eh Sandiaga Uno cengar cengir.!: https://t.co/vhDAAa3ShI melalui @YouTube"" menjadi:
- hate speech
- non hate speech",non hate speech
2295,id_hatespeech,id_hatespeech_nusantara_text,2eca54a9-c261-4706-b9cc-cb387ecf6718,zs_text_classification,train,"Klasifikasikan teks berikut ""Hehhee.. Makanya jangan mengagumi sesorng berlebihan.. Kecuali kepada Rasulullah.. https://t.co/ZXVB2DiRMg"" menjadi:
- hate speech
- non hate speech",non hate speech
2296,id_hatespeech,id_hatespeech_nusantara_text,2eca54a9-c261-4706-b9cc-cb387ecf6718,zs_text_classification,train,"Klasifikasikan teks berikut ""#MataNajwaDebatJakarta acara uda abis menurut kalian debat sapa yang betul-betul memaparkan prog dan solusi?"" menjadi:
- hate speech
- non hate speech",non hate speech
2297,id_hatespeech,id_hatespeech_nusantara_text,2eca54a9-c261-4706-b9cc-cb387ecf6718,zs_text_classification,train,"Klasifikasikan teks berikut ""Mereka (koruptor) meletakkan kitab suci ditempat paling rendah...tapi masih sok jadi pemilik kapling surga... https://t.co/oj5YN3WBeI"" menjadi:
- hate speech
- non hate speech",non hate speech
2298,id_hatespeech,id_hatespeech_nusantara_text,2eca54a9-c261-4706-b9cc-cb387ecf6718,zs_text_classification,train,"Klasifikasikan teks berikut ""RT @99Ohhani: Woww dukungan Rakyat Palestina ke Ahok yg dituduhSbg penista Agama ?? mrk Mengelu2kan Ahok !!!Ahok is The Best https://t.co/"" menjadi:
- hate speech
- non hate speech",non hate speech
2299,id_hatespeech,id_hatespeech_nusantara_text,2eca54a9-c261-4706-b9cc-cb387ecf6718,zs_text_classification,train,"Klasifikasikan teks berikut ""Pencitraan di socmed itu boleh-boleh aja. Tapi harus bisa tanggung jawab sama citra yang udh dibikin. Jangan sampe jadi malu-maluin. Kasian."" menjadi:
- hate speech
- non hate speech",non hate speech
2300,id_hatespeech,id_hatespeech_nusantara_text,2eca54a9-c261-4706-b9cc-cb387ecf6718,zs_text_classification,train,"Klasifikasikan teks berikut ""RT @kompascom: Kasus Kicauan Ahmad Dhani Dilimpahkan ke Polres Metro Jakarta Selatan. https://t.co/uJ0m7JernN"" menjadi:
- hate speech
- non hate speech",non hate speech
2301,id_hatespeech,id_hatespeech_nusantara_text,2eca54a9-c261-4706-b9cc-cb387ecf6718,zs_text_classification,train,"Klasifikasikan teks berikut ""RT @kv_kahfi: Komplit bgt yaaaa..... Heran nya msh aja yg percaya dan idolain dia https://t.co/PNTYRAnaJO"" menjadi:
- hate speech
- non hate speech",non hate speech
2302,id_hatespeech,id_hatespeech_nusantara_text,2eca54a9-c261-4706-b9cc-cb387ecf6718,zs_text_classification,train,"Klasifikasikan teks berikut ""RT @m0th3rb04rd__: bagaimana keadilan bisa tercipta jika si penista agama belum di vonis penjara\n #BerjamaahTolakReklamasi"" menjadi:
- hate speech
- non hate speech",non hate speech
2303,id_hatespeech,id_hatespeech_nusantara_text,2eca54a9-c261-4706-b9cc-cb387ecf6718,zs_text_classification,train,"Klasifikasikan teks berikut ""RT @TeddyGusnaidi: Bro.. Kalau yg dimaksud Fatwa Penista agama, MUI gak pernah mengeluarkan Fatwa. https://t.co/x9uXhqJKCa"" menjadi:
- hate speech
- non hate speech",non hate speech
2304,id_hatespeech,id_hatespeech_nusantara_text,2eca54a9-c261-4706-b9cc-cb387ecf6718,zs_text_classification,train,"Klasifikasikan teks berikut ""RT @TeddyGusnaidi: Sidang hari ini makin menguatkan bahwa Ahok bukan penista agama.. Ada yang bisa bantah?? \nhttps://t.co/2Ksj4snR1t"" menjadi:
- hate speech
- non hate speech",non hate speech
2305,id_hatespeech,id_hatespeech_nusantara_text,2eca54a9-c261-4706-b9cc-cb387ecf6718,zs_text_classification,train,"Klasifikasikan teks berikut ""Sebut Ahok Bukan Akademisi, Ahmad Dhani: Secara Intelektual, Lebih Intelek Bang Anies https://t.co/YrzfmMV1LG"" menjadi:
- hate speech
- non hate speech",non hate speech
2306,id_hatespeech,id_hatespeech_nusantara_text,2eca54a9-c261-4706-b9cc-cb387ecf6718,zs_text_classification,train,"Klasifikasikan teks berikut ""Yg melakukan Penista Agama sesungguhnya, agama yg suci digunakan alat untuk mengejar jabatan (kekuasaan) https://t.co/hKvZIpm8ZS"" menjadi:
- hate speech
- non hate speech",non hate speech
2307,id_hatespeech,id_hatespeech_nusantara_text,2eca54a9-c261-4706-b9cc-cb387ecf6718,zs_text_classification,train,"Klasifikasikan teks berikut ""Kalah di Pilkada Bekasi, Ahmad Dhani Jadi Juru Kampanye Pasangan Anies-Sandi https://t.co/oIZpN8hYnd #NenengYes https://t.co/FGOhKhXWxt"" menjadi:
- hate speech
- non hate speech",non hate speech
2308,id_hatespeech,id_hatespeech_nusantara_text,2eca54a9-c261-4706-b9cc-cb387ecf6718,zs_text_classification,train,"Klasifikasikan teks berikut ""#MataNajwaDebatJakarta Bravo closing statement Anies malam ini.kalau nggak ada debat saya nggak mungkin nonton mata najwa sdh lama tdk suka."" menjadi:
- hate speech
- non hate speech",non hate speech
2309,id_hatespeech,id_hatespeech_nusantara_text,2eca54a9-c261-4706-b9cc-cb387ecf6718,zs_text_classification,train,"Klasifikasikan teks berikut ""#MataNajwaDebatJakarta jawaban terakhir Anis jadi bikin ingat jawaban dia pas debat kemarin, ""jawaban anda menarik tapi tidak nyambung"""" menjadi:
- hate speech
- non hate speech",non hate speech
2310,id_hatespeech,id_hatespeech_nusantara_text,2eca54a9-c261-4706-b9cc-cb387ecf6718,zs_text_classification,train,"Klasifikasikan teks berikut ""#MataNajwaDebatJakarta buzzer ahok lagi kerja keras nih,.ayo kerja2 tar gajian ga turun"" menjadi:
- hate speech
- non hate speech",non hate speech
2311,id_hatespeech,id_hatespeech_nusantara_text,2eca54a9-c261-4706-b9cc-cb387ecf6718,zs_text_classification,train,"Klasifikasikan teks berikut ""#MataNajwaDebatJakarta kerendahan hati dan lawan kerendahan hati kelihatan banget.."" menjadi:
- hate speech
- non hate speech",non hate speech
2312,id_hatespeech,id_hatespeech_nusantara_text,2eca54a9-c261-4706-b9cc-cb387ecf6718,zs_text_classification,train,"Klasifikasikan teks berikut ""#MataNajwaDebatJakarta kok gaya pak @aniesbaswedan kayak SBY ya?"" menjadi:
- hate speech
- non hate speech",non hate speech
2313,id_hatespeech,id_hatespeech_nusantara_text,2eca54a9-c261-4706-b9cc-cb387ecf6718,zs_text_classification,train,"Klasifikasikan teks berikut ""#MataNajwaDebatJakarta kenyataannya si anis nyaman bgt dgn isu sara kok , kan nguntungin anis , pura2 sok bijak pdhl menikmati isu sara ,"" menjadi:
- hate speech
- non hate speech",non hate speech
2314,id_hatespeech,id_hatespeech_nusantara_text,2eca54a9-c261-4706-b9cc-cb387ecf6718,zs_text_classification,train,"Klasifikasikan teks berikut ""#MataNajwaDebatJakarta nyesel liat debat tidak bermutu cuma bisa mencela.."" menjadi:
- hate speech
- non hate speech",non hate speech
2315,id_hatespeech,id_hatespeech_nusantara_text,2eca54a9-c261-4706-b9cc-cb387ecf6718,zs_text_classification,train,"Klasifikasikan teks berikut ""#MataNajwaDebatJakarta.kesimpulan: Saya tdk rela punya Gub seorg Anies dan sy percaya Ahok akan menang. Salam 2 jari."" menjadi:
- hate speech
- non hate speech",non hate speech
2316,id_hatespeech,id_hatespeech_nusantara_text,2eca54a9-c261-4706-b9cc-cb387ecf6718,zs_text_classification,train,"Klasifikasikan teks berikut ""@ibnusungeb ahoker panas dingin ahok kalah debat Sama Anis. #MataNajwaDebatJakarta"" menjadi:
- hate speech
- non hate speech",non hate speech
2317,id_hatespeech,id_hatespeech_nusantara_text,2eca54a9-c261-4706-b9cc-cb387ecf6718,zs_text_classification,train,"Klasifikasikan teks berikut ""Ada yg tahu ga backsound penutup mata najwa ini siapa musisinya dan apa judulnya? #MataNajwaDebatJakarta"" menjadi:
- hate speech
- non hate speech",non hate speech
2318,id_hatespeech,id_hatespeech_nusantara_text,2eca54a9-c261-4706-b9cc-cb387ecf6718,zs_text_classification,train,"Klasifikasikan teks berikut ""#MataNajwaDebatJakarta p ahok apapun hanya Utk rakyat, p anies tkt dicurangi... Ngerti bedanya.."" menjadi:
- hate speech
- non hate speech",non hate speech
2319,id_hatespeech,id_hatespeech_nusantara_text,2eca54a9-c261-4706-b9cc-cb387ecf6718,zs_text_classification,train,"Klasifikasikan teks berikut ""@MataNajwa mantapppp Mata Najwa diskusi lebih hidup dan mendidik,,, jauh berkualitas di banding debat yg selenggarakan KPU"" menjadi:
- hate speech
- non hate speech",non hate speech
2320,id_hatespeech,id_hatespeech_nusantara_text,2eca54a9-c261-4706-b9cc-cb387ecf6718,zs_text_classification,train,"Klasifikasikan teks berikut ""@MataNajwa mbak najwa..ayo ""ketengah"" lagi sedikit..jgn terlihat ke kiri, dgn meminta terus pak anies cpt2 menyelesaikan kalimat2nya.."" menjadi:
- hate speech
- non hate speech",non hate speech
2321,id_hatespeech,id_hatespeech_nusantara_text,2eca54a9-c261-4706-b9cc-cb387ecf6718,zs_text_classification,train,"Klasifikasikan teks berikut ""Dan soal soal ribut-ribut pribumi vs non pribumi yang ramai di beranda saya itu, sebenarnya maksudnya apa? ikut..."" menjadi:
- hate speech
- non hate speech",non hate speech
2322,id_hatespeech,id_hatespeech_nusantara_text,2eca54a9-c261-4706-b9cc-cb387ecf6718,zs_text_classification,train,"Klasifikasikan teks berikut ""Sedih liat pak anies saat ini, tokoh yang dulu saya kagumi kenapa jadi seperti ini ;') #MataNajwaDebatJakarta"" menjadi:
- hate speech
- non hate speech",non hate speech
2323,id_hatespeech,id_hatespeech_nusantara_text,2eca54a9-c261-4706-b9cc-cb387ecf6718,zs_text_classification,train,"Klasifikasikan teks berikut ""Awal sp akhir @aniesbaswedan bisanya cm serang pribadi @basuki_btp gak ada program yg perlu dibanggakan #MataNajwaDebatJakarta"" menjadi:
- hate speech
- non hate speech",non hate speech
2324,id_hatespeech,id_hatespeech_nusantara_text,2eca54a9-c261-4706-b9cc-cb387ecf6718,zs_text_classification,train,"Klasifikasikan teks berikut ""Gimana nih om @pandji pasti ikut gedeg juga kan dengerin retorika ga ada wawasan. Tapi gimana udah terlanjur ya. #matanajwadebatjakarta"" menjadi:
- hate speech
- non hate speech",non hate speech
2325,id_hatespeech,id_hatespeech_nusantara_text,2eca54a9-c261-4706-b9cc-cb387ecf6718,zs_text_classification,train,"Klasifikasikan teks berikut ""Haduhhhh Pak Anies.. Terus pendukung anda yang didatengin ke Jakarta itu dari mana pak? Dari luar jakarta kan #MataNajwaDebatJakarta"" menjadi:
- hate speech
- non hate speech",non hate speech
2326,id_hatespeech,id_hatespeech_nusantara_text,2eca54a9-c261-4706-b9cc-cb387ecf6718,zs_text_classification,train,"Klasifikasikan teks berikut ""Haha anies pendemo2 dr jawa barat kok ga ngomen. Takut kalah ya haha #MataNajwaDebatJakarta"" menjadi:
- hate speech
- non hate speech",non hate speech
2327,id_hatespeech,id_hatespeech_nusantara_text,2eca54a9-c261-4706-b9cc-cb387ecf6718,zs_text_classification,train,"Klasifikasikan teks berikut ""#MataNajwaDebatJakarta pak uno habis 62M istrinya ga marah ya pak? Saya mo beli sepatu 300rb aja istri saya marah2 pak"" menjadi:
- hate speech
- non hate speech",non hate speech
2328,id_hatespeech,id_hatespeech_nusantara_text,2eca54a9-c261-4706-b9cc-cb387ecf6718,zs_text_classification,train,"Klasifikasikan teks berikut ""#MataNajwaDebatJakarta jangan suka menyerang, ini bukan perang,. mengapa ingin ibadah harus menyerang orang.."" menjadi:
- hate speech
- non hate speech",non hate speech
2329,id_hatespeech,id_hatespeech_nusantara_text,2eca54a9-c261-4706-b9cc-cb387ecf6718,zs_text_classification,train,"Klasifikasikan teks berikut ""#MataNajwaDebatJakarta Paslon 3 serang terus dengan membawa2 hal2 yg biasa menyerang, tp Paslon 2 tenang menjawabnya"" menjadi:
- hate speech
- non hate speech",non hate speech
2330,id_hatespeech,id_hatespeech_nusantara_text,2eca54a9-c261-4706-b9cc-cb387ecf6718,zs_text_classification,train,"Klasifikasikan teks berikut ""Aahhh akuh sedih, akuh org depok ternyata ngga boleh ke jakarta pak mANIES jahattttt #MataNajwaDebatJakarta"" menjadi:
- hate speech
- non hate speech",non hate speech
2331,id_hatespeech,id_hatespeech_nusantara_text,2eca54a9-c261-4706-b9cc-cb387ecf6718,zs_text_classification,train,"Klasifikasikan teks berikut ""#MataNajwaDebatJakarta saludd utk mata najwa, berbobot sekali perdebatan malam ini.."" menjadi:
- hate speech
- non hate speech",non hate speech
2332,id_hatespeech,id_hatespeech_nusantara_text,2eca54a9-c261-4706-b9cc-cb387ecf6718,zs_text_classification,train,"Klasifikasikan teks berikut ""Jadilah orang yang bertanggung jawab atas segala tindakan anda. dengan demikian anda akan menuai hal yang positif. #SidangAhok"" menjadi:
- hate speech
- non hate speech",non hate speech
2333,id_hatespeech,id_hatespeech_nusantara_text,2eca54a9-c261-4706-b9cc-cb387ecf6718,zs_text_classification,train,"Klasifikasikan teks berikut ""Menurut Anda, apakah #SidangAhok Dugaan Penistaan Agama dgn Terdakwa @basuki_btp murni isyu Pilkada DKI Jakarta atau murni demi Islam???"" menjadi:
- hate speech
- non hate speech",non hate speech
2334,id_hatespeech,id_hatespeech_nusantara_text,2eca54a9-c261-4706-b9cc-cb387ecf6718,zs_text_classification,train,"Klasifikasikan teks berikut ""Semua kejujuran akan mendapatkan pahala dari surga. Sabar ya Pak Basuki #FreeAhok https://t.co/NlgbEcj4Jc"" menjadi:
- hate speech
- non hate speech",non hate speech
2335,id_hatespeech,id_hatespeech_nusantara_text,2eca54a9-c261-4706-b9cc-cb387ecf6718,zs_text_classification,train,"Klasifikasikan teks berikut ""Jadilah orang yang bertanggung jawab atas segala tindakan anda. dengan demikian anda akan menuai hal yang positif. #SidangAhok"" menjadi:
- hate speech
- non hate speech",non hate speech
2336,id_hatespeech,id_hatespeech_nusantara_text,2eca54a9-c261-4706-b9cc-cb387ecf6718,zs_text_classification,train,"Klasifikasikan teks berikut ""#MataNajwaDebatJakarta terima kasih telah memberikan pendidikan demokrasi pada rakyat Indonesia, khususnya Jakarta."" menjadi:
- hate speech
- non hate speech",non hate speech
2337,id_hatespeech,id_hatespeech_nusantara_text,2eca54a9-c261-4706-b9cc-cb387ecf6718,zs_text_classification,train,"Klasifikasikan teks berikut ""Keberagaman itu datang dr hati terdalam, bukan dr pencitraan #Tetap3 #JKTBeragam"" menjadi:
- hate speech
- non hate speech",non hate speech
2338,id_hatespeech,id_hatespeech_nusantara_text,2eca54a9-c261-4706-b9cc-cb387ecf6718,zs_text_classification,train,"Klasifikasikan teks berikut ""Membangun bangsa dan negara ini engga cukup dengan metoda pencitraan saja ,tanpa teruji lewat rekam jejak dan integritas tokohnya"" menjadi:
- hate speech
- non hate speech",non hate speech
2339,id_hatespeech,id_hatespeech_nusantara_text,2eca54a9-c261-4706-b9cc-cb387ecf6718,zs_text_classification,train,"Klasifikasikan teks berikut ""jangan ada keberpihakan dalam badan hukum karena itu akan merusak demokrasi #important #MataNajwaDebatJakarta"" menjadi:
- hate speech
- non hate speech",non hate speech
2340,id_hatespeech,id_hatespeech_nusantara_text,2eca54a9-c261-4706-b9cc-cb387ecf6718,zs_text_classification,train,"Klasifikasikan teks berikut ""Jika lo bisa menceritakan kembali kalimat2 yg dilontarkan Anies di @MataNajwa dgn bahasa lo sendiri, lo luar biasa. #MataNajwaDebatJakarta"" menjadi:
- hate speech
- non hate speech",non hate speech
2341,id_hatespeech,id_hatespeech_nusantara_text,2eca54a9-c261-4706-b9cc-cb387ecf6718,zs_text_classification,train,"Klasifikasikan teks berikut ""kalau liat sosmed, Pak Ahok menang telak. Namun sayang, hanya kata-kata manis lah yg diserap bbrp warga kecil. #matanajwadebatjakarta"" menjadi:
- hate speech
- non hate speech",non hate speech
2342,id_hatespeech,id_hatespeech_nusantara_text,2eca54a9-c261-4706-b9cc-cb387ecf6718,zs_text_classification,train,"Klasifikasikan teks berikut ""Seharusnya mah basuki sudah bebas ya kan? #FreeAhok https://t.co/Mw3k0vYweF"" menjadi:
- hate speech
- non hate speech",non hate speech
2343,id_hatespeech,id_hatespeech_nusantara_text,2eca54a9-c261-4706-b9cc-cb387ecf6718,zs_text_classification,train,"Klasifikasikan teks berikut ""Kenapa debat @MataNajwa ini, Ahok makin keliatan diatas angin ya. Kliatan dia sangat menguasai problem solusi tata kelola Jakarta."" menjadi:
- hate speech
- non hate speech",non hate speech
2344,id_hatespeech,id_hatespeech_nusantara_text,2eca54a9-c261-4706-b9cc-cb387ecf6718,zs_text_classification,train,"Klasifikasikan teks berikut ""Kalau lihat Ahok itu kayak lihat power rangers merah"" menjadi:
- hate speech
- non hate speech",non hate speech
2345,id_hatespeech,id_hatespeech_nusantara_text,2eca54a9-c261-4706-b9cc-cb387ecf6718,zs_text_classification,train,"Klasifikasikan teks berikut ""Kesimpulan. Ahok spt biasa fokus detail ke program. Anies terlalu fokus menjatuhkan lawan #MataNajwaDebatJakarta"" menjadi:
- hate speech
- non hate speech",non hate speech
2346,id_hatespeech,id_hatespeech_nusantara_text,2eca54a9-c261-4706-b9cc-cb387ecf6718,zs_text_classification,train,"Klasifikasikan teks berikut ""pertunjukan yang sangat membuat saya serius dan gak mau diganggu, selamat untuk pak @aniesbaswedan buat gagasan nya #MataNajwaDebatJakarta"" menjadi:
- hate speech
- non hate speech",non hate speech
2347,id_hatespeech,id_hatespeech_nusantara_text,2eca54a9-c261-4706-b9cc-cb387ecf6718,zs_text_classification,train,"Klasifikasikan teks berikut ""Jangan berpihak...melayani rakyat dengan sepenuh hati..Tuhan yang memberi kekuasaan.. Tuhan yang mengambil..-ahok#MataNajwaDebatJakarta"" menjadi:
- hate speech
- non hate speech",non hate speech
2348,id_hatespeech,id_hatespeech_nusantara_text,2eca54a9-c261-4706-b9cc-cb387ecf6718,zs_text_classification,train,"Klasifikasikan teks berikut ""Pak Ahok jangan blunder dong Pak..dari tadi udah bagus. Pertanyaannya komitmen menerima hasil kontestasi. #MataNajwaDebatJakarta"" menjadi:
- hate speech
- non hate speech",non hate speech
2349,id_hatespeech,id_hatespeech_nusantara_text,2eca54a9-c261-4706-b9cc-cb387ecf6718,zs_text_classification,train,"Klasifikasikan teks berikut ""jangan ada keberpihakan dalam badan hukum karena itu akan merusak demokrasi #important #MataNajwaDebatJakarta"" menjadi:
- hate speech
- non hate speech",non hate speech
2350,id_hatespeech,id_hatespeech_nusantara_text,2eca54a9-c261-4706-b9cc-cb387ecf6718,zs_text_classification,train,"Klasifikasikan teks berikut ""Jika lo bisa menceritakan kembali kalimat2 yg dilontarkan Anies di @MataNajwa dgn bahasa lo sendiri, lo luar biasa. #MataNajwaDebatJakarta"" menjadi:
- hate speech
- non hate speech",non hate speech
2351,id_hatespeech,id_hatespeech_nusantara_text,2eca54a9-c261-4706-b9cc-cb387ecf6718,zs_text_classification,train,"Klasifikasikan teks berikut ""Kenapa debat @MataNajwa ini, Ahok makin keliatan diatas angin ya. Kliatan dia sangat menguasai problem solusi tata kelola Jakarta."" menjadi:
- hate speech
- non hate speech",non hate speech
2352,id_hatespeech,id_hatespeech_nusantara_text,2eca54a9-c261-4706-b9cc-cb387ecf6718,zs_text_classification,train,"Klasifikasikan teks berikut ""Kiranya Jakarta semakin baik. Selamat berjuang buat Pak Ahok dan Pak Anies ! #MataNajwaDebatJakarta"" menjadi:
- hate speech
- non hate speech",non hate speech
2353,id_hatespeech,id_hatespeech_nusantara_text,2eca54a9-c261-4706-b9cc-cb387ecf6718,zs_text_classification,train,"Klasifikasikan teks berikut ""Masihkah Ahoker debat soal program? Jlebb.. KO kena uppercut Anies soal KJP. Pergubnya blm di rubah.. @roemahdjoeang @NetizenTofa @cepot234"" menjadi:
- hate speech
- non hate speech",non hate speech
2354,id_hatespeech,id_hatespeech_nusantara_text,2eca54a9-c261-4706-b9cc-cb387ecf6718,zs_text_classification,train,"Klasifikasikan teks berikut ""RT @alysap_: Semua penganut agama harus dapet hak yang sama - Ahok #MataNajwaDebatJakarta"" menjadi:
- hate speech
- non hate speech",non hate speech
2355,id_hatespeech,id_hatespeech_nusantara_text,2eca54a9-c261-4706-b9cc-cb387ecf6718,zs_text_classification,train,"Klasifikasikan teks berikut ""Aku heran kenapa ilklan kampanye #AhokDjarot yg terbaru itu begitu, ini aku loh yang bingung bkn akuang,asiang, atau aming #IklanAhokJahat"" menjadi:
- hate speech
- non hate speech",non hate speech
2356,id_hatespeech,id_hatespeech_nusantara_text,2eca54a9-c261-4706-b9cc-cb387ecf6718,zs_text_classification,train,"Klasifikasikan teks berikut ""Abis nyoblos streaming video perkembangan Pilkada 2017 pake #SisaKuotaGakHangus dari @IM3Ooredoo kuota ga habis deh"" menjadi:
- hate speech
- non hate speech",non hate speech
2357,id_hatespeech,id_hatespeech_nusantara_text,2eca54a9-c261-4706-b9cc-cb387ecf6718,zs_text_classification,train,"Klasifikasikan teks berikut ""muslim sedang diuji di negara yg mayoritas Islam..semoga kita smua bisa bersabar dan menahan utk tidak berbicara kasar sbg balasan"" menjadi:
- hate speech
- non hate speech",non hate speech
2358,id_hatespeech,id_hatespeech_nusantara_text,2eca54a9-c261-4706-b9cc-cb387ecf6718,zs_text_classification,train,"Klasifikasikan teks berikut ""Kiranya Jakarta semakin baik. Selamat berjuang buat Pak Ahok dan Pak Anies ! #MataNajwaDebatJakarta"" menjadi:
- hate speech
- non hate speech",non hate speech
2359,id_hatespeech,id_hatespeech_nusantara_text,2eca54a9-c261-4706-b9cc-cb387ecf6718,zs_text_classification,train,"Klasifikasikan teks berikut ""RT @grcllafrn: Pak Anies, inget, apa yg kau tabur itu yang akan kau tuai nanti... jadi takut sendiri :"") #MataNajwaDebatJakarta"" menjadi:
- hate speech
- non hate speech",non hate speech
2360,id_hatespeech,id_hatespeech_nusantara_text,2eca54a9-c261-4706-b9cc-cb387ecf6718,zs_text_classification,train,"Klasifikasikan teks berikut ""RT @kompascom: Bagaimana metode penarikan sampel hitung cepat yg dilakukan Litbang Kompas dlm Pilkada DKI Jakarta 2017? Simak disini"" menjadi:
- hate speech
- non hate speech",non hate speech
2361,id_hatespeech,id_hatespeech_nusantara_text,2eca54a9-c261-4706-b9cc-cb387ecf6718,zs_text_classification,train,"Klasifikasikan teks berikut ""mnding diem aja pak @basuki_btp semua pergerakanmu pasti disalahkan, klo wktunya menang ntar jga menang.... #IklanAhokJahat"" menjadi:
- hate speech
- non hate speech",non hate speech
2362,id_hatespeech,id_hatespeech_nusantara_text,2eca54a9-c261-4706-b9cc-cb387ecf6718,zs_text_classification,train,"Klasifikasikan teks berikut ""RT @netmediatama: Perbincangan menarik di Quick Count Pilkada 2017 bersama @irakoesno. #NETPilkada https:\/\/t.co\/odbVw4uWMr"" menjadi:
- hate speech
- non hate speech",non hate speech
2363,id_hatespeech,id_hatespeech_nusantara_text,2eca54a9-c261-4706-b9cc-cb387ecf6718,zs_text_classification,train,"Klasifikasikan teks berikut ""Bersyukur menutup kampanye hari ini dengan berdoa agar PILKADA DKI Jakarta pada 15 Februari 2017 berjalan dengan lancar"" menjadi:
- hate speech
- non hate speech",non hate speech
2364,id_hatespeech,id_hatespeech_nusantara_text,2eca54a9-c261-4706-b9cc-cb387ecf6718,zs_text_classification,train,"Klasifikasikan teks berikut ""Julia Perez Kecewa Gagal Nyoblos Pilkada DKI 2017 di TPS 15 RSCM https:\/\/t.co\/vajPLioiek"" menjadi:
- hate speech
- non hate speech",non hate speech
2365,id_hatespeech,id_hatespeech_nusantara_text,2eca54a9-c261-4706-b9cc-cb387ecf6718,zs_text_classification,train,"Klasifikasikan teks berikut ""Disediakan Ambulans untuk Pasien Mencoblos pada Pilkada DKI 2017"" menjadi:
- hate speech
- non hate speech",non hate speech
2366,id_hatespeech,id_hatespeech_nusantara_text,2eca54a9-c261-4706-b9cc-cb387ecf6718,zs_text_classification,train,"Klasifikasikan teks berikut ""RT @miekarinayam: Saya bertanya apakah saya memang tak boleh ikut Pilkada 2017? Apakah saya kehilangan hak saya yg dijamin konstitusi?"" menjadi:
- hate speech
- non hate speech",non hate speech
2367,id_hatespeech,id_hatespeech_nusantara_text,2eca54a9-c261-4706-b9cc-cb387ecf6718,zs_text_classification,train,"Klasifikasikan teks berikut ""Ya Allah! Anis dan Sandi bakal jadi Gubernur DKI Jakarta terpilih di tahun ini"" menjadi:
- hate speech
- non hate speech",non hate speech
2368,id_hatespeech,id_hatespeech_nusantara_text,2eca54a9-c261-4706-b9cc-cb387ecf6718,zs_text_classification,train,"Klasifikasikan teks berikut ""Domisili gue di Jakpus bela-belain ke TPS yg berlokasi di Jakbar dgn bermodal e-KTP buat ikutan Pilkada 2017."" menjadi:
- hate speech
- non hate speech",non hate speech
2369,id_hatespeech,id_hatespeech_nusantara_text,2eca54a9-c261-4706-b9cc-cb387ecf6718,zs_text_classification,train,"Klasifikasikan teks berikut ""RT @netmediatama: Presiden @jokowi menggunakan hak suaranya untuk Pilkada DKI Jakarta 2017 di TPS 4 Gambir Jakarta Pusat. #NETPilkada"" menjadi:
- hate speech
- non hate speech",non hate speech
2370,id_hatespeech,id_hatespeech_nusantara_text,2eca54a9-c261-4706-b9cc-cb387ecf6718,zs_text_classification,train,"Klasifikasikan teks berikut ""RT @boelatboelat: agree pak @basuki_btp kekuasaan itu Tuhan yang kasih, walau dijatuhkan, Tuhan akan menaikkan :) #MataNajwaDebatJakarta"" menjadi:
- hate speech
- non hate speech",non hate speech
2371,id_hatespeech,id_hatespeech_nusantara_text,2eca54a9-c261-4706-b9cc-cb387ecf6718,zs_text_classification,train,"Klasifikasikan teks berikut ""RT @AzzamBarbarossa: Akibat Nila Setitik Rusak Susu Sebelangga, Akibat Mulut Oknum Tak terdidik Rusak Juga Persatuan Bangsa. #IklanAhokJahat"" menjadi:
- hate speech
- non hate speech",non hate speech
2372,id_hatespeech,id_hatespeech_nusantara_text,2eca54a9-c261-4706-b9cc-cb387ecf6718,zs_text_classification,train,"Klasifikasikan teks berikut ""Mudah-mudahan Novel baswedan tidak alami kebutaan pada matanya. Kalau sampai buta, saya siap mendonorkan mata saya untuk dia."" menjadi:
- hate speech
- non hate speech",non hate speech
2373,id_hatespeech,id_hatespeech_nusantara_text,2eca54a9-c261-4706-b9cc-cb387ecf6718,zs_text_classification,train,"Klasifikasikan teks berikut ""Mengapa mereka melakukan ini, apakah bisa merubah keadaan bagi para pemilih nanti ? #IklanAhokJahat"" menjadi:
- hate speech
- non hate speech",non hate speech
2374,id_hatespeech,id_hatespeech_nusantara_text,2eca54a9-c261-4706-b9cc-cb387ecf6718,zs_text_classification,train,"Klasifikasikan teks berikut ""RT @hariadhi: Siapa yg salah? Ahok? Iklannya? Bukan.. yang perlu diprotes adalah orang yg benar2 pake spanduk itu #IklanAhokJahat https://t"" menjadi:
- hate speech
- non hate speech",non hate speech
2375,id_hatespeech,id_hatespeech_nusantara_text,2eca54a9-c261-4706-b9cc-cb387ecf6718,zs_text_classification,train,"Klasifikasikan teks berikut ""Sampe sekarang gue blm ngerti dp rumah 0% itu gmn skemanya. Trs emg ada ya perbankan yg mau ngasih kredit rumah gak pakai dp? #debatfinalpilkadadki"" menjadi:
- hate speech
- non hate speech",non hate speech
2376,id_hatespeech,id_hatespeech_nusantara_text,2eca54a9-c261-4706-b9cc-cb387ecf6718,zs_text_classification,train,"Klasifikasikan teks berikut ""#debatfinalpilkadadki Bagi Anies gubernur adalah pemimpin, bukan administratur / pelayan masyarkt. Padahal melayani mencerminkan integritas."" menjadi:
- hate speech
- non hate speech",non hate speech
2377,id_hatespeech,id_hatespeech_nusantara_text,2eca54a9-c261-4706-b9cc-cb387ecf6718,zs_text_classification,train,"Klasifikasikan teks berikut ""Kalimat Penutup Anies Ambisius, Ahok Minta Maaf, Karakter Tidak Bisa Bohong. #DebatPilkadaDKI #DebatFinalPilkadaDKI"" menjadi:
- hate speech
- non hate speech",non hate speech
2378,id_hatespeech,id_hatespeech_nusantara_text,2eca54a9-c261-4706-b9cc-cb387ecf6718,zs_text_classification,train,"Klasifikasikan teks berikut ""pertunjukan yang sangat membuat saya serius dan gak mau diganggu, selamat untuk pak @aniesbaswedan buat gagasan nya #MataNajwaDebatJakarta"" menjadi:
- hate speech
- non hate speech",non hate speech
2379,id_hatespeech,id_hatespeech_nusantara_text,2eca54a9-c261-4706-b9cc-cb387ecf6718,zs_text_classification,train,"Klasifikasikan teks berikut ""RT @BelaQuran: Kami tdk akan terprovokasi dgn sentimen dan jualan SARA mu itu, karena kami cinta Indonesia #IklanAhokJahat"" menjadi:
- hate speech
- non hate speech",non hate speech
2380,id_hatespeech,id_hatespeech_nusantara_text,2eca54a9-c261-4706-b9cc-cb387ecf6718,zs_text_classification,train,"Klasifikasikan teks berikut ""Semakin umat di suguhkan #IklanAhokJahat maka akan semakin terlihat siapa yang menebar kebencian terhadap kerukunan antar umat beragama"" menjadi:
- hate speech
- non hate speech",non hate speech
2381,id_hatespeech,id_hatespeech_nusantara_text,2eca54a9-c261-4706-b9cc-cb387ecf6718,zs_text_classification,train,"Klasifikasikan teks berikut ""Hampir semua polling Anies - Sandi yang menang. Semoga hari H nya juga demikian. #AniesSandi"" menjadi:
- hate speech
- non hate speech",non hate speech
2382,id_hatespeech,id_hatespeech_nusantara_text,2eca54a9-c261-4706-b9cc-cb387ecf6718,zs_text_classification,train,"Klasifikasikan teks berikut ""RT @anjisudirman: @fahiraidris Yg iklankan kampanye ahox adalah yg sama sebarin spanduk syariah dan brosur black campaign. #IklanAhokJahat"" menjadi:
- hate speech
- non hate speech",non hate speech
2383,id_hatespeech,id_hatespeech_nusantara_text,2eca54a9-c261-4706-b9cc-cb387ecf6718,zs_text_classification,train,"Klasifikasikan teks berikut ""Oke Oce akan menjadi brand dimana, semuanya menjadi OKe Oce, bahkan nanti ada kampung Oke Oce #debatfinalpilkadadki"" menjadi:
- hate speech
- non hate speech",non hate speech
2384,id_hatespeech,id_hatespeech_nusantara_text,2eca54a9-c261-4706-b9cc-cb387ecf6718,zs_text_classification,train,"Klasifikasikan teks berikut ""RT @BelaQuran: Sungguh sgt mengherankan, mengkampanyekan kebhinekaan tp dengan menyebarkan Islamophobia, kebhinekaan yg mana yg dimaksud?"" menjadi:
- hate speech
- non hate speech",non hate speech
2385,id_hatespeech,id_hatespeech_nusantara_text,2eca54a9-c261-4706-b9cc-cb387ecf6718,zs_text_classification,train,"Klasifikasikan teks berikut ""Debat Final Pilkada DKI Jakarta, Siapa yang Gagap, dan Siapa yang Tepat Menjawab - Adjat Sudradjat"" menjadi:
- hate speech
- non hate speech",non hate speech
2386,id_hatespeech,id_hatespeech_nusantara_text,2eca54a9-c261-4706-b9cc-cb387ecf6718,zs_text_classification,train,"Klasifikasikan teks berikut ""Jika persoalan pemimpin hanya dikaitkan dengan lisan, maka apa bedanya gubernur dengan anak-anak? #MataNajwaDebatJakarta"" menjadi:
- hate speech
- non hate speech",non hate speech
2387,id_hatespeech,id_hatespeech_nusantara_text,2eca54a9-c261-4706-b9cc-cb387ecf6718,zs_text_classification,train,"Klasifikasikan teks berikut ""Cerita Djarot ini diharapkan membuat para pendukung tetap berdamai. #debatfinalpilkadadki #temanahok #AniesSandi"" menjadi:
- hate speech
- non hate speech",non hate speech
2388,id_hatespeech,id_hatespeech_nusantara_text,2eca54a9-c261-4706-b9cc-cb387ecf6718,zs_text_classification,train,"Klasifikasikan teks berikut ""Cuman mau bilang sama yang serius banget ngetweet pakai hastag #IklanAhokJahat ""Gitu aja baper""."" menjadi:
- hate speech
- non hate speech",non hate speech
2389,id_hatespeech,id_hatespeech_nusantara_text,2eca54a9-c261-4706-b9cc-cb387ecf6718,zs_text_classification,train,"Klasifikasikan teks berikut ""Ira Koesno Didekati Anies-Sandi Lalu Marahi Pendukung Paslon Saat Debat Pilkada DKI"" menjadi:
- hate speech
- non hate speech",non hate speech
2390,id_hatespeech,id_hatespeech_nusantara_text,2eca54a9-c261-4706-b9cc-cb387ecf6718,zs_text_classification,train,"Klasifikasikan teks berikut ""Alhamdulillah ya Allah SWT Semoga jakarta punya gubernur baru yg lebih bersahaja, bersahabat utk semuanya #AniesSandi"" menjadi:
- hate speech
- non hate speech",non hate speech
2391,id_hatespeech,id_hatespeech_nusantara_text,2eca54a9-c261-4706-b9cc-cb387ecf6718,zs_text_classification,train,"Klasifikasikan teks berikut ""Jelang larut semalam. Diskusi dengan aktifis Golkar tingkat kelurahan. Siap bergabung dalam pemenangan #AniesSandi"" menjadi:
- hate speech
- non hate speech",non hate speech
2392,id_hatespeech,id_hatespeech_nusantara_text,2eca54a9-c261-4706-b9cc-cb387ecf6718,zs_text_classification,train,"Klasifikasikan teks berikut ""RT @alayyubichoir: Sosok Anies Sandi harus diakui sgt mengayomi. Sangat kompeten utk membangun kerukukan & kebhinekaan di Jakarta"" menjadi:
- hate speech
- non hate speech",non hate speech
2393,id_hatespeech,id_hatespeech_nusantara_text,2eca54a9-c261-4706-b9cc-cb387ecf6718,zs_text_classification,train,"Klasifikasikan teks berikut ""RT @nielchen99: Ngomong manis memang gampang giliran kerja bingung #MataNajwaDebatJakarta"" menjadi:
- hate speech
- non hate speech",non hate speech
2394,id_hatespeech,id_hatespeech_nusantara_text,2eca54a9-c261-4706-b9cc-cb387ecf6718,zs_text_classification,train,"Klasifikasikan teks berikut ""19 April adalah saat yang penting bagi warga Jakarta untuk menentukan masa depan Ibukota"" menjadi:
- hate speech
- non hate speech",non hate speech
2395,id_hatespeech,id_hatespeech_nusantara_text,2eca54a9-c261-4706-b9cc-cb387ecf6718,zs_text_classification,train,"Klasifikasikan teks berikut ""RT @maharanisinta70: terimakasih Pak Anies pemaparantentang DP 0 ,memberi solusi bagi warga jakarta yang ingin punya rumah dan tidak nyewa terus."" menjadi:
- hate speech
- non hate speech",non hate speech
2396,id_hatespeech,id_hatespeech_nusantara_text,2eca54a9-c261-4706-b9cc-cb387ecf6718,zs_text_classification,train,"Klasifikasikan teks berikut ""Yang aku perhatikan, Tim Mas @aniesbaswedan sibuk ngoceh tentang @basuki_btp dan programnya. Kenapa gak ngurus diri sendiri?"" menjadi:
- hate speech
- non hate speech",non hate speech
2397,id_hatespeech,id_hatespeech_nusantara_text,2eca54a9-c261-4706-b9cc-cb387ecf6718,zs_text_classification,train,"Klasifikasikan teks berikut ""kalo pilih gubernur yg jujur, kerja nyata,anti korupsi,tegas,pinter,mlyani rakyat iklas & peduli pilih ahok djarot,.."" menjadi:
- hate speech
- non hate speech",non hate speech
2398,id_hatespeech,id_hatespeech_nusantara_text,2eca54a9-c261-4706-b9cc-cb387ecf6718,zs_text_classification,train,"Klasifikasikan teks berikut ""RT @anies_sandi: Bisa merangkul dan menegakkan hukum. Kepemimpinan itu hadir dengan memberikan contoh & perbuatan - @aniesbaswedan"" menjadi:
- hate speech
- non hate speech",non hate speech
2399,id_hatespeech,id_hatespeech_nusantara_text,2eca54a9-c261-4706-b9cc-cb387ecf6718,zs_text_classification,train,"Klasifikasikan teks berikut ""Hasil kerja Ahok Djarot sungai di Jakarta kembali normal, bersih dan enak dipandang"" menjadi:
- hate speech
- non hate speech",non hate speech
2400,id_hatespeech,id_hatespeech_nusantara_text,2eca54a9-c261-4706-b9cc-cb387ecf6718,zs_text_classification,train,"Klasifikasikan teks berikut ""Ahok & Anies sama baiknya kok, sama bagusnya, sama okenya. Siapa yg kepilih yg menang tetap rakyat jakarta"" menjadi:
- hate speech
- non hate speech",non hate speech
2401,id_hatespeech,id_hatespeech_nusantara_text,2eca54a9-c261-4706-b9cc-cb387ecf6718,zs_text_classification,train,"Klasifikasikan teks berikut ""Semoga pak basuki bisa jadi presiden,agar Indonesia lebih maju."" menjadi:
- hate speech
- non hate speech",non hate speech
2402,id_hatespeech,id_hatespeech_nusantara_text,2eca54a9-c261-4706-b9cc-cb387ecf6718,zs_text_classification,train,"Klasifikasikan teks berikut ""Allah SWT tdk butuh anda. Tapi Anda yang butuh Allah,Rezeki, hidup matimu. Allah yg tentukan. Mau khianati Allah? yakin gak nyesel? #SidangAhok"" menjadi:
- hate speech
- non hate speech",non hate speech
2403,id_hatespeech,id_hatespeech_nusantara_text,2eca54a9-c261-4706-b9cc-cb387ecf6718,zs_text_classification,train,"Klasifikasikan teks berikut ""#SidangAhok dilanjutkan dengan rekaman yang memuat kampanye Ahok di DPP Nasdem dan juga Pulau Seribu. | @adrieedu https://t.co/8P5P4DUcFG"" menjadi:
- hate speech
- non hate speech",non hate speech
2404,id_hatespeech,id_hatespeech_nusantara_text,2eca54a9-c261-4706-b9cc-cb387ecf6718,zs_text_classification,train,"Klasifikasikan teks berikut ""RT @JanurOmank2626: Ahok harus bebas demi hukum demi keadilan demi kelanjutan perbaikan DKI. Semoga hakim mmpunyai sense of justice"" menjadi:
- hate speech
- non hate speech",non hate speech
2405,id_hatespeech,id_hatespeech_nusantara_text,2eca54a9-c261-4706-b9cc-cb387ecf6718,zs_text_classification,train,"Klasifikasikan teks berikut ""Pembangkit Listrik Tenaga Panas Bumi Terbesar Dunia.. #CitiPeka #SidangAhok #Tebak2anHajiDjarot https://t.co/KtXdXZsh8H"" menjadi:
- hate speech
- non hate speech",non hate speech
2406,id_hatespeech,id_hatespeech_nusantara_text,2eca54a9-c261-4706-b9cc-cb387ecf6718,zs_text_classification,train,"Klasifikasikan teks berikut ""RT @findririn: Dan toleransi itu, ketika muslim bisa menjalankan perintah agamanya, dan non muslim juga bisa menjalankan agamanya."" menjadi:
- hate speech
- non hate speech",non hate speech
2407,id_hatespeech,id_hatespeech_nusantara_text,2eca54a9-c261-4706-b9cc-cb387ecf6718,zs_text_classification,train,"Klasifikasikan teks berikut ""RT @findririn: Walaupun artinya teman setia, seharusnya lebih dihindari kalau jd pemimpin"" menjadi:
- hate speech
- non hate speech",non hate speech
2408,id_hatespeech,id_hatespeech_nusantara_text,2eca54a9-c261-4706-b9cc-cb387ecf6718,zs_text_classification,train,"Klasifikasikan teks berikut ""Semua kejujuran akan mendapatkan pahala dr surga #FreeAhok"" menjadi:
- hate speech
- non hate speech",non hate speech
2409,id_hatespeech,id_hatespeech_nusantara_text,2eca54a9-c261-4706-b9cc-cb387ecf6718,zs_text_classification,train,"Klasifikasikan teks berikut ""Seharusnya mah basuki sudah bebas ya kan? #FreeAhok https://t.co/Mw3k0vYweF"" menjadi:
- hate speech
- non hate speech",non hate speech
2410,id_hatespeech,id_hatespeech_nusantara_text,2eca54a9-c261-4706-b9cc-cb387ecf6718,zs_text_classification,train,"Klasifikasikan teks berikut ""RT @RuridaJihandari: Itu sidang apa drama korea sampe 20kali, lagi menunggu sidang ahok season 2 nih... Kayaknya goblin mah kalah pamornya"" menjadi:
- hate speech
- non hate speech",non hate speech
2411,id_hatespeech,id_hatespeech_nusantara_text,2eca54a9-c261-4706-b9cc-cb387ecf6718,zs_text_classification,train,"Klasifikasikan teks berikut ""Menurut Anda, Transportasi Online manakah dikatakan ""tarif murah, aman & nyaman"" melayani ???"" menjadi:
- hate speech
- non hate speech",non hate speech
2412,id_hatespeech,id_hatespeech_nusantara_text,2eca54a9-c261-4706-b9cc-cb387ecf6718,zs_text_classification,train,"Klasifikasikan teks berikut ""Nelayan Jakarta Sudah Disiapin Pulau Khusus oleh Pemda DKI #LunchBreak #SidangAhok"" menjadi:
- hate speech
- non hate speech",non hate speech
2413,id_hatespeech,id_hatespeech_nusantara_text,2eca54a9-c261-4706-b9cc-cb387ecf6718,zs_text_classification,train,"Klasifikasikan teks berikut ""Adakah Potensi Radikalisme di Pilgub DKI Jakarta? #LunchBreak #SidangAhok"" menjadi:
- hate speech
- non hate speech",non hate speech
2414,id_hatespeech,id_hatespeech_nusantara_text,2eca54a9-c261-4706-b9cc-cb387ecf6718,zs_text_classification,train,"Klasifikasikan teks berikut ""RT @NovenStjK: Siaran ulang #AhokDjarotDiRosi malam ini, saksikan yuk di @KompasTV #AhokDjarot #Temanahok"" menjadi:
- hate speech
- non hate speech",non hate speech
2415,id_hatespeech,id_hatespeech_nusantara_text,2eca54a9-c261-4706-b9cc-cb387ecf6718,zs_text_classification,train,"Klasifikasikan teks berikut ""cuma org"" yg salah saja yg takut dgn doa itu,anda salah?? kenapa takut??? bertobatlah sebelum doa itu dinyatakan,"" menjadi:
- hate speech
- non hate speech",non hate speech
2416,id_hatespeech,id_hatespeech_nusantara_text,2eca54a9-c261-4706-b9cc-cb387ecf6718,zs_text_classification,train,"Klasifikasikan teks berikut ""Selamat Pagi met aktifitas happy weekend Semoga kita jadi orang jujur biar hidup slalu mujur Aamiin #FreeAhok"" menjadi:
- hate speech
- non hate speech",non hate speech
2417,id_hatespeech,id_hatespeech_nusantara_text,2eca54a9-c261-4706-b9cc-cb387ecf6718,zs_text_classification,train,"Klasifikasikan teks berikut ""Ahok dituntut 1 tahun penjara. Kemungkinan akan divonis bebas. Masalahnya, warga DKI terlanjur kehilangan pemimpin terbaik. #FreeAhok"" menjadi:
- hate speech
- non hate speech",non hate speech
2418,id_hatespeech,id_hatespeech_nusantara_text,2eca54a9-c261-4706-b9cc-cb387ecf6718,zs_text_classification,train,"Klasifikasikan teks berikut ""Alhamdulillah tuntutan jaksa hanya 1 tahun masa percobaan 2 tahun yg artinya sbnrnya jaksa mengakui kalo Ahok itu tak bersalah #FreeAhok"" menjadi:
- hate speech
- non hate speech",non hate speech
2419,id_hatespeech,id_hatespeech_nusantara_text,2eca54a9-c261-4706-b9cc-cb387ecf6718,zs_text_classification,train,"Klasifikasikan teks berikut ""Kalah atau menang #tetapahok. Terimakasih krn banyak ngasih pelajaran bagaimana kerja keras utk rakyat dgn bersih."" menjadi:
- hate speech
- non hate speech",non hate speech
2420,id_hatespeech,id_hatespeech_nusantara_text,2eca54a9-c261-4706-b9cc-cb387ecf6718,zs_text_classification,train,"Klasifikasikan teks berikut ""Pilkada Serentak, Megawati Hanya Minta Jangan ada Intimidasi dan Politik Uang https:\/\/t.co\/zHhvJ4qrrY"" menjadi:
- hate speech
- non hate speech",non hate speech
2421,id_hatespeech,id_hatespeech_nusantara_text,2eca54a9-c261-4706-b9cc-cb387ecf6718,zs_text_classification,train,"Klasifikasikan teks berikut ""#thw911 Saat Anies-Sandiaga Minta Doa Ustaz untuk Debat Pilkada https:\/\/t.co\/2odlrYteU1"" menjadi:
- hate speech
- non hate speech",non hate speech
2422,id_hatespeech,id_hatespeech_nusantara_text,2eca54a9-c261-4706-b9cc-cb387ecf6718,zs_text_classification,train,"Klasifikasikan teks berikut ""Jangan pernah lelah mengabdi untuk Indonesia Pak @basuki_btp. #TetapAhok!"" menjadi:
- hate speech
- non hate speech",non hate speech
2423,id_hatespeech,id_hatespeech_nusantara_text,2eca54a9-c261-4706-b9cc-cb387ecf6718,zs_text_classification,train,"Klasifikasikan teks berikut ""@LaitsSaja Jika Menang, Anies Siap Rangkul Paslon Lain Jika menang dalam kontestasi Pilkada https:\/\/t.co\/KG40YTelWX"" menjadi:
- hate speech
- non hate speech",non hate speech
2424,id_hatespeech,id_hatespeech_nusantara_text,2eca54a9-c261-4706-b9cc-cb387ecf6718,zs_text_classification,train,"Klasifikasikan teks berikut ""@LaitsSaja TNI-Polri Bersinergi Jaga Keamanan Jelang Pilkada DKI TNI dan Polri terus bersin https:\/\/t.co\/HP77I9lffG"" menjadi:
- hate speech
- non hate speech",non hate speech
2425,id_hatespeech,id_hatespeech_nusantara_text,2eca54a9-c261-4706-b9cc-cb387ecf6718,zs_text_classification,train,"Klasifikasikan teks berikut ""@novie_wednes72r Bismillah Inshaa ALLAH Agus Sylvi menang Pilkada DKI 1putaran dan jadi pemimpin yg amanah dan mencintai rakyat jakarta."" menjadi:
- hate speech
- non hate speech",non hate speech
2426,id_hatespeech,id_hatespeech_nusantara_text,2eca54a9-c261-4706-b9cc-cb387ecf6718,zs_text_classification,train,"Klasifikasikan teks berikut ""Trima kasih pak uda bikin jakarta lebih baik selama bapak menjabat...."" menjadi:
- hate speech
- non hate speech",non hate speech
2427,id_hatespeech,id_hatespeech_nusantara_text,2eca54a9-c261-4706-b9cc-cb387ecf6718,zs_text_classification,train,"Klasifikasikan teks berikut ""@nu_online sikap yang jelas dan tegas demi ketertiban dan keamanan ibu kota negara menjelang pilkada dki jakarta"" menjadi:
- hate speech
- non hate speech",non hate speech
2428,id_hatespeech,id_hatespeech_nusantara_text,2eca54a9-c261-4706-b9cc-cb387ecf6718,zs_text_classification,train,"Klasifikasikan teks berikut ""Rencana Tuhan lebih baik dari rencana manusia. Mungkin Ahok bs bekerja kebih baik di posisi lain"" menjadi:
- hate speech
- non hate speech",non hate speech
2429,id_hatespeech,id_hatespeech_nusantara_text,2eca54a9-c261-4706-b9cc-cb387ecf6718,zs_text_classification,train,"Klasifikasikan teks berikut ""walau kalah tp aku tetap merasa terhormat mendukung BADJA #TerimakasihAhok"" menjadi:
- hate speech
- non hate speech",non hate speech
2430,id_hatespeech,id_hatespeech_nusantara_text,2eca54a9-c261-4706-b9cc-cb387ecf6718,zs_text_classification,train,"Klasifikasikan teks berikut ""Basuki TP Ahok Wawancara informal dengan wartawan Balaikota: https:\/\/t.co\/g7iB5H5RUL"" menjadi:
- hate speech
- non hate speech",non hate speech
2431,id_hatespeech,id_hatespeech_nusantara_text,2eca54a9-c261-4706-b9cc-cb387ecf6718,zs_text_classification,train,"Klasifikasikan teks berikut ""Terimakasih Pak Ahok @basuki_btp #tetapahok karena kita memang siap kalah, dan selamat buat Gubernur baru"" menjadi:
- hate speech
- non hate speech",non hate speech
2432,id_hatespeech,id_hatespeech_nusantara_text,2eca54a9-c261-4706-b9cc-cb387ecf6718,zs_text_classification,train,"Klasifikasikan teks berikut ""LUCU !! Yuk Melihat AHOK Promosikan Musik Dangdut Kepada Tamu Mancanegara"" menjadi:
- hate speech
- non hate speech",non hate speech
2433,id_hatespeech,id_hatespeech_nusantara_text,2eca54a9-c261-4706-b9cc-cb387ecf6718,zs_text_classification,train,"Klasifikasikan teks berikut ""Minggu Tenang Pilkada, Ahok Fokus Kerja di Balai Kota: Peresmian-peresmian RPTRA CSR ditunda."" menjadi:
- hate speech
- non hate speech",non hate speech
2434,id_hatespeech,id_hatespeech_nusantara_text,2eca54a9-c261-4706-b9cc-cb387ecf6718,zs_text_classification,train,"Klasifikasikan teks berikut ""MANTAB !! AHOK dan Pemprov DKI Jakarta Terjunkan Alat Berat Untuk Keruk Sampah di Waduk Pluit"" menjadi:
- hate speech
- non hate speech",non hate speech
2435,id_hatespeech,id_hatespeech_nusantara_text,2eca54a9-c261-4706-b9cc-cb387ecf6718,zs_text_classification,train,"Klasifikasikan teks berikut ""Pagi Ini Polrestro Bekasi Gelar Pasukan Pilkada https:\/\/t.co\/ypRv5nNjSb"" menjadi:
- hate speech
- non hate speech",non hate speech
2436,id_hatespeech,id_hatespeech_nusantara_text,2eca54a9-c261-4706-b9cc-cb387ecf6718,zs_text_classification,train,"Klasifikasikan teks berikut ""Pak @basuki_btp saya hanya bantu menyampaikan. Sbg orang2 di sekitar Pak Ahok bisa menyampaikan ke beliau. @kurawa. #BlusukanAhok #Gue2"" menjadi:
- hate speech
- non hate speech",non hate speech
2437,id_hatespeech,id_hatespeech_nusantara_text,2eca54a9-c261-4706-b9cc-cb387ecf6718,zs_text_classification,train,"Klasifikasikan teks berikut ""pak ahok kalau anda jadi gubernur jangan lupa anda harus bangun provinsi Jambi buat lahan petani semua, dan jln kreta api jambi, riau, lampung"" menjadi:
- hate speech
- non hate speech",non hate speech
2438,id_hatespeech,id_hatespeech_nusantara_text,2eca54a9-c261-4706-b9cc-cb387ecf6718,zs_text_classification,train,"Klasifikasikan teks berikut ""Partai Nasdem Optimis Menang di Pilkada Serentak 2017 https:\/\/t.co\/EOAzcxai94"" menjadi:
- hate speech
- non hate speech",non hate speech
2439,id_hatespeech,id_hatespeech_nusantara_text,2eca54a9-c261-4706-b9cc-cb387ecf6718,zs_text_classification,train,"Klasifikasikan teks berikut ""biar kalah, tetap bangga. Sabar n iklas menerima nya. Masih bnyak jabatan lain untuk pak ahok. #TetapAhok"" menjadi:
- hate speech
- non hate speech",non hate speech
2440,id_hatespeech,id_hatespeech_nusantara_text,2eca54a9-c261-4706-b9cc-cb387ecf6718,zs_text_classification,train,"Klasifikasikan teks berikut ""Sabar n iklas ya pak. Apa pun hasil nya. Kita tetap dukung. Di mna pun/jabatn apa pun yg bpk emban nanti. #TetapAhok"" menjadi:
- hate speech
- non hate speech",non hate speech
2441,id_hatespeech,id_hatespeech_nusantara_text,2eca54a9-c261-4706-b9cc-cb387ecf6718,zs_text_classification,train,"Klasifikasikan teks berikut ""Wlaupun kita tak kenal,saya yakini slama ini kamu tlah bkerja kras tuk sebuah nilai yg diperjuangkan."" menjadi:
- hate speech
- non hate speech",non hate speech
2442,id_hatespeech,id_hatespeech_nusantara_text,2eca54a9-c261-4706-b9cc-cb387ecf6718,zs_text_classification,train,"Klasifikasikan teks berikut ""RT @ahokdijegal: Kita mgk bs mendukung dia dlm hal kejujuran dan niat baik utk melayani warga, tapi gantiin dia dlm hal pekerjaan"" menjadi:
- hate speech
- non hate speech",non hate speech
2443,id_hatespeech,id_hatespeech_nusantara_text,2eca54a9-c261-4706-b9cc-cb387ecf6718,zs_text_classification,train,"Klasifikasikan teks berikut ""Puluhan Personel Brimob Nunukan Diberangkatkan, Amankan Pilkada di Dua Provinsi"" menjadi:
- hate speech
- non hate speech",non hate speech
2444,id_hatespeech,id_hatespeech_nusantara_text,2eca54a9-c261-4706-b9cc-cb387ecf6718,zs_text_classification,train,"Klasifikasikan teks berikut ""@basuki_btp sing sabar pak.. Simpen energi bapak untuk bagian lain Indonesia... Gusti Allah mboten sare pak..."" menjadi:
- hate speech
- non hate speech",non hate speech
2445,id_hatespeech,id_hatespeech_nusantara_text,2eca54a9-c261-4706-b9cc-cb387ecf6718,zs_text_classification,train,"Klasifikasikan teks berikut ""Karena saya memilih dengan sehat maka saya kompensasikan dengan sarapan pagi yang, uhm, secara umum gak sehat. IMPAS"" menjadi:
- hate speech
- non hate speech",non hate speech
2446,id_hatespeech,id_hatespeech_nusantara_text,2eca54a9-c261-4706-b9cc-cb387ecf6718,zs_text_classification,train,"Klasifikasikan teks berikut ""RT @Aktualco: Mahfud MD Heran, UU Pemda Sangat Jelas Tapi Mendagri Keukeuh Pertahankan Ahok"" menjadi:
- hate speech
- non hate speech",non hate speech
2447,id_hatespeech,id_hatespeech_nusantara_text,2eca54a9-c261-4706-b9cc-cb387ecf6718,zs_text_classification,train,"Klasifikasikan teks berikut ""RT @AlissaWahid: Tuips, Ibu Sinta Nuriyah tidak pernah mengeluarkan pernyataan terkait pilkada DKI"" menjadi:
- hate speech
- non hate speech",non hate speech
2448,id_hatespeech,id_hatespeech_nusantara_text,2eca54a9-c261-4706-b9cc-cb387ecf6718,zs_text_classification,train,"Klasifikasikan teks berikut ""RT @AmaliaAmelCute2: Lebih tambah jatuh hati deh jadinya Tak bisa berpaling ke pilihan yg lain Tetap ke pak ahok -Djarotlah yg terbaik"" menjadi:
- hate speech
- non hate speech",non hate speech
2449,id_hatespeech,id_hatespeech_nusantara_text,2eca54a9-c261-4706-b9cc-cb387ecf6718,zs_text_classification,train,"Klasifikasikan teks berikut ""RT @AnakBaranusa: Yoi... Yang Jelas Pemenagnya itu hanya satu pasang calon, buka dua apa lagi tiga. 1, 2 dan 3 memiliki Peluang yg sama"" menjadi:
- hate speech
- non hate speech",non hate speech
2450,id_hatespeech,id_hatespeech_nusantara_text,2eca54a9-c261-4706-b9cc-cb387ecf6718,zs_text_classification,train,"Klasifikasikan teks berikut ""RT @AT_AbdillahToha: Aksi 112 tampaknya akan diubah jadi zikir pilkada. Sejauh yg saya tahu, zikir adalah ibadah dekatkan diri ke Allah."" menjadi:
- hate speech
- non hate speech",non hate speech
2451,id_hatespeech,id_hatespeech_nusantara_text,2eca54a9-c261-4706-b9cc-cb387ecf6718,zs_text_classification,train,"Klasifikasikan teks berikut ""RT @blogdokter: Janganlah karena pilkada dan kepentingan politik sesaat, persahabatan dan persaudaraan kita terputus | Kita adalah saudara."" menjadi:
- hate speech
- non hate speech",non hate speech
2452,id_hatespeech,id_hatespeech_nusantara_text,2eca54a9-c261-4706-b9cc-cb387ecf6718,zs_text_classification,train,"Klasifikasikan teks berikut ""RT @Brani2000: Pilkada di Beltim di kampung sendiri ahok hanya 33% suara. Di Babel kalah telak. Pilkada di DKI? paling cuma 3% suara"" menjadi:
- hate speech
- non hate speech",non hate speech
2453,id_hatespeech,id_hatespeech_nusantara_text,2eca54a9-c261-4706-b9cc-cb387ecf6718,zs_text_classification,train,"Klasifikasikan teks berikut ""RT @digembok: Ya allah... Beneran... Pak ahok akhirnya samperin si emak..."" menjadi:
- hate speech
- non hate speech",non hate speech
2454,id_hatespeech,id_hatespeech_nusantara_text,2eca54a9-c261-4706-b9cc-cb387ecf6718,zs_text_classification,train,"Klasifikasikan teks berikut ""Terimakasih Pak @basukibtp untuk 5 tahunnya, 3 tahun sbg wakil gubernur & 2 tahun sbg gubernur!"" menjadi:
- hate speech
- non hate speech",non hate speech
2455,id_hatespeech,id_hatespeech_nusantara_text,2eca54a9-c261-4706-b9cc-cb387ecf6718,zs_text_classification,train,"Klasifikasikan teks berikut ""RT @eliya_mkom: kesimpulannya tuips, mari kita menangkan Agus Sylvi SATU Putaran, gak perlu pakai 2 putaran segala, cuma habiskan waktu"" menjadi:
- hate speech
- non hate speech",non hate speech
2456,id_hatespeech,id_hatespeech_nusantara_text,2eca54a9-c261-4706-b9cc-cb387ecf6718,zs_text_classification,train,"Klasifikasikan teks berikut ""Dan selamat atas kemenangannya untuk bapak Anies & Sandi. Semoga Jakarta bisa bersatu lagi"" menjadi:
- hate speech
- non hate speech",non hate speech
2457,id_hatespeech,id_hatespeech_nusantara_text,2eca54a9-c261-4706-b9cc-cb387ecf6718,zs_text_classification,train,"Klasifikasikan teks berikut ""Bangga masih memiliki putra bangsa seperti pak Basuki dan pak Jarot."" menjadi:
- hate speech
- non hate speech",non hate speech
2458,id_hatespeech,id_hatespeech_nusantara_text,2eca54a9-c261-4706-b9cc-cb387ecf6718,zs_text_classification,train,"Klasifikasikan teks berikut ""Temen-temen, apapun pilihannya, masih ada kehidupan setelah pilkada. Mari saling merangkul & saatnya Jakarta maju dan bahagia bersama."" menjadi:
- hate speech
- non hate speech",non hate speech
2459,id_hatespeech,id_hatespeech_nusantara_text,2eca54a9-c261-4706-b9cc-cb387ecf6718,zs_text_classification,train,"Klasifikasikan teks berikut ""Selamat atas status barunya pak #Aniessandi, semangat ya pak, semoga semua sesuai dengan janjinya"" menjadi:
- hate speech
- non hate speech",non hate speech
2460,id_hatespeech,id_hatespeech_nusantara_text,2eca54a9-c261-4706-b9cc-cb387ecf6718,zs_text_classification,train,"Klasifikasikan teks berikut ""Pak ahok @basukibtp tetep semangat yaaa, saya akan selalu menghargai kerja keras bapak dan saya ucapkan selamat atas kemenangan paslon nomor 3 yaitu #AniesSandi!"" menjadi:
- hate speech
- non hate speech",non hate speech
2461,id_hatespeech,id_hatespeech_nusantara_text,2eca54a9-c261-4706-b9cc-cb387ecf6718,zs_text_classification,train,"Klasifikasikan teks berikut ""Terima kasih pak ahok pak djarot kami bangga perna di pimpin sama bapak berdua...tetap semangat...sukses terus pak"" menjadi:
- hate speech
- non hate speech",non hate speech
2462,id_hatespeech,id_hatespeech_nusantara_text,2eca54a9-c261-4706-b9cc-cb387ecf6718,zs_text_classification,train,"Klasifikasikan teks berikut ""Terima kasih Pak Ahok-Djarot telah bersama kami beberapa tahun ini"" menjadi:
- hate speech
- non hate speech",non hate speech
2463,id_hatespeech,id_hatespeech_nusantara_text,2eca54a9-c261-4706-b9cc-cb387ecf6718,zs_text_classification,train,"Klasifikasikan teks berikut ""RT @FerpuAdvocates: Sumarsono: Gaya Pak Ahok yg Kerja Keras Patut Dicontoh dan itu Bagus!!!"" menjadi:
- hate speech
- non hate speech",non hate speech
2464,id_hatespeech,id_hatespeech_nusantara_text,2eca54a9-c261-4706-b9cc-cb387ecf6718,zs_text_classification,train,"Klasifikasikan teks berikut ""RT @Franstone888: Klo semua mau jujur dan pake hati nurani, Ahok adlh yg terbaik buat Jakarta. Gubernur yg jujur dan benar2 perhatian pd warga"" menjadi:
- hate speech
- non hate speech",non hate speech
2465,id_hatespeech,id_hatespeech_nusantara_text,2eca54a9-c261-4706-b9cc-cb387ecf6718,zs_text_classification,train,"Klasifikasikan teks berikut ""Pak Ahok the best aku salut sama pak orang nya sabar dengan cobaan dari tuhan Pak Ahok is the best"" menjadi:
- hate speech
- non hate speech",non hate speech
2466,id_hatespeech,id_hatespeech_nusantara_text,2eca54a9-c261-4706-b9cc-cb387ecf6718,zs_text_classification,train,"Klasifikasikan teks berikut ""RT @hariadhi: Makasih Pak Ahok, sudah ajarkan kami makna peduli sama rakyat. Andai di masa depan saya dpt kesempatan"" menjadi:
- hate speech
- non hate speech",non hate speech
2467,id_hatespeech,id_hatespeech_nusantara_text,2eca54a9-c261-4706-b9cc-cb387ecf6718,zs_text_classification,train,"Klasifikasikan teks berikut ""RT @IpungLombok: Hadeuuuh.. Kenapa jadi gaduh gini Pilkada DKI ya... Padahal Pilkada serentak 2015 lalu aman aman saja?"" menjadi:
- hate speech
- non hate speech",non hate speech
2468,id_hatespeech,id_hatespeech_nusantara_text,2eca54a9-c261-4706-b9cc-cb387ecf6718,zs_text_classification,train,"Klasifikasikan teks berikut ""RT @MbakNevi: Masyarakat Transportasi Jakarta dukung Ahok-Djarot, https:\/\/t.co\/7fdwk8XvCB"" menjadi:
- hate speech
- non hate speech",non hate speech
2469,id_hatespeech,id_hatespeech_nusantara_text,2eca54a9-c261-4706-b9cc-cb387ecf6718,zs_text_classification,train,"Klasifikasikan teks berikut ""Saya sudah tidak tertarik melihat Debat Pilkada DKI, namun ada yang menarik. Salah satu Cagub sering mengepalkan tangan pada saat menjelas"" menjadi:
- hate speech
- non hate speech",non hate speech
2470,id_hatespeech,id_hatespeech_nusantara_text,2eca54a9-c261-4706-b9cc-cb387ecf6718,zs_text_classification,train,"Klasifikasikan teks berikut ""Semangat terus. Maju terus di dalam TUHAN. God Bless you more and forever bpk ahok dan family"" menjadi:
- hate speech
- non hate speech",non hate speech
2471,id_hatespeech,id_hatespeech_nusantara_text,2eca54a9-c261-4706-b9cc-cb387ecf6718,zs_text_classification,train,"Klasifikasikan teks berikut ""Selamat bertugas pak Anis, semoga Jakarta menjadi lebih baik lagi!"" menjadi:
- hate speech
- non hate speech",non hate speech
2472,id_hatespeech,id_hatespeech_nusantara_text,2eca54a9-c261-4706-b9cc-cb387ecf6718,zs_text_classification,train,"Klasifikasikan teks berikut ""@aniesbaswedan @sandiuno selamat ya pak, kami tunggu program terealisasi. Jangan kecewakan Jakarta"" menjadi:
- hate speech
- non hate speech",non hate speech
2473,id_hatespeech,id_hatespeech_nusantara_text,2eca54a9-c261-4706-b9cc-cb387ecf6718,zs_text_classification,train,"Klasifikasikan teks berikut ""Saya selalu mendoakan yg terbaik untk bapak dan bapak juga mendapatkan banyak ucapan dari saudara di gaza palestina"" menjadi:
- hate speech
- non hate speech",non hate speech
2474,id_hatespeech,id_hatespeech_nusantara_text,2eca54a9-c261-4706-b9cc-cb387ecf6718,zs_text_classification,train,"Klasifikasikan teks berikut ""Selamat untk bpk @aniesbaswedan & @sandiagauno atas kemenangannya. Semoga allah memberkahi disetiap langkah yg bapak ambil aminnn salam3jari"" menjadi:
- hate speech
- non hate speech",non hate speech
2475,id_hatespeech,id_hatespeech_nusantara_text,2eca54a9-c261-4706-b9cc-cb387ecf6718,zs_text_classification,train,"Klasifikasikan teks berikut ""RT @netmediatama: Mereka telah siap berikan yang terbaik di ajang debat terbuka!"" menjadi:
- hate speech
- non hate speech",non hate speech
2476,id_hatespeech,id_hatespeech_nusantara_text,2eca54a9-c261-4706-b9cc-cb387ecf6718,zs_text_classification,train,"Klasifikasikan teks berikut ""Pak anies dan pak @sandiuno selamat ya sudah terpilih jd gubernur dan wagub Jakarta."" menjadi:
- hate speech
- non hate speech",non hate speech
2477,id_hatespeech,id_hatespeech_nusantara_text,2eca54a9-c261-4706-b9cc-cb387ecf6718,zs_text_classification,train,"Klasifikasikan teks berikut ""RT @PartaiSocmed: Kejahatan perbankan yg di spin oleh tim AHY untuk kepentingan pilkada"" menjadi:
- hate speech
- non hate speech",non hate speech
2478,id_hatespeech,id_hatespeech_nusantara_text,2eca54a9-c261-4706-b9cc-cb387ecf6718,zs_text_classification,train,"Klasifikasikan teks berikut ""RT @swamediumcom: Agus-Sylvi Diprediksi Maju di Putaran Kedua Pilkada DKI versi Survey GRP"" menjadi:
- hate speech
- non hate speech",non hate speech
2479,id_hatespeech,id_hatespeech_nusantara_text,2eca54a9-c261-4706-b9cc-cb387ecf6718,zs_text_classification,train,"Klasifikasikan teks berikut ""RT @temanAhok: Alhamdulillah sambutan antusias warga di tiap blusukan pak Ahok selalu real. Ngga ada settingan."" menjadi:
- hate speech
- non hate speech",non hate speech
2480,id_hatespeech,id_hatespeech_nusantara_text,2eca54a9-c261-4706-b9cc-cb387ecf6718,zs_text_classification,train,"Klasifikasikan teks berikut ""Sampai detik ini pak ahok masih harapan terbesar saya #prayforjakarta"" menjadi:
- hate speech
- non hate speech",non hate speech
2481,id_hatespeech,id_hatespeech_nusantara_text,2eca54a9-c261-4706-b9cc-cb387ecf6718,zs_text_classification,train,"Klasifikasikan teks berikut ""Tuhan punya rencana yg indah buat Pak Ahok dan Pak Djarot"" menjadi:
- hate speech
- non hate speech",non hate speech
2482,id_hatespeech,id_hatespeech_nusantara_text,2eca54a9-c261-4706-b9cc-cb387ecf6718,zs_text_classification,train,"Klasifikasikan teks berikut ""Selamat dan terima kasih banyak untuk pak Ahok dan pak Djarot yg sudah menunjukan bahwa negara ini masih punya orang2 baik"" menjadi:
- hate speech
- non hate speech",non hate speech
2483,id_hatespeech,id_hatespeech_nusantara_text,2eca54a9-c261-4706-b9cc-cb387ecf6718,zs_text_classification,train,"Klasifikasikan teks berikut ""Terima kasih pak atas segala kebaikan untuk jakarta yang sudah kalian tancapkan di hati warga jakarta"" menjadi:
- hate speech
- non hate speech",non hate speech
2484,id_hatespeech,id_hatespeech_nusantara_text,2eca54a9-c261-4706-b9cc-cb387ecf6718,zs_text_classification,train,"Klasifikasikan teks berikut ""Pasti bapak anies sandi kemungkinan besar menang"" menjadi:
- hate speech
- non hate speech",non hate speech
2485,id_hatespeech,id_hatespeech_nusantara_text,2eca54a9-c261-4706-b9cc-cb387ecf6718,zs_text_classification,train,"Klasifikasikan teks berikut ""Terima kasih. Kepada pendukung kami, percayalah... Tuhan tahu yang terbaik. #JakartaPunyaSemua"" menjadi:
- hate speech
- non hate speech",non hate speech
2486,id_hatespeech,id_hatespeech_nusantara_text,2eca54a9-c261-4706-b9cc-cb387ecf6718,zs_text_classification,train,"Klasifikasikan teks berikut ""Gubernur dan wakil gubernur terbaik yang pernah jakarta miliki."" menjadi:
- hate speech
- non hate speech",non hate speech
2487,id_hatespeech,id_hatespeech_nusantara_text,2eca54a9-c261-4706-b9cc-cb387ecf6718,zs_text_classification,train,"Klasifikasikan teks berikut ""RT @triwul82: Jelang Akhir Masa Tugas, Plt Gubernur DKI Akui Kinerja Ahok https:\/\/t.co\/04ihgI5cwZ"" menjadi:
- hate speech
- non hate speech",non hate speech
2488,id_hatespeech,id_hatespeech_nusantara_text,2eca54a9-c261-4706-b9cc-cb387ecf6718,zs_text_classification,train,"Klasifikasikan teks berikut ""RT @Wolfcrime: Pendukung yang Telah Dibaiat tapi Tak Pilih Agus-Sylvi Akan Terima Risikonya"" menjadi:
- hate speech
- non hate speech",non hate speech
2489,id_hatespeech,id_hatespeech_nusantara_text,2eca54a9-c261-4706-b9cc-cb387ecf6718,zs_text_classification,train,"Klasifikasikan teks berikut ""Mutiara tetap mutiara Pak Ahok Djarot. Tuhan pny rencana yg lebih dahsyat utk Bapak ber2 utk Indonesia. Maju terus."" menjadi:
- hate speech
- non hate speech",non hate speech
2490,id_hatespeech,id_hatespeech_nusantara_text,2eca54a9-c261-4706-b9cc-cb387ecf6718,zs_text_classification,train,"Klasifikasikan teks berikut ""Tuhan percayakan hal yang lebih Besar lagi kepada Pak Ahok selain hanya menjadi Gubernur Dki jakarta."" menjadi:
- hate speech
- non hate speech",non hate speech
2491,id_hatespeech,id_hatespeech_nusantara_text,2eca54a9-c261-4706-b9cc-cb387ecf6718,zs_text_classification,train,"Klasifikasikan teks berikut ""I LOVE YOU PAK AHOK.AKU HANYA BISA BERDOA SEMOGA TUHAN MEMBERKATI. SALAM 2 JARI UNTUK PA AHOK I LOVE YOU"" menjadi:
- hate speech
- non hate speech",non hate speech
2492,id_hatespeech,id_hatespeech_nusantara_text,2eca54a9-c261-4706-b9cc-cb387ecf6718,zs_text_classification,train,"Klasifikasikan teks berikut ""Survei Terbaru: Anies-Sandi Melejit Jauh Tinggalkan Ahok-Djarot https:\/\/t.co\/2IHhuzPsbF"" menjadi:
- hate speech
- non hate speech",non hate speech
2493,id_hatespeech,id_hatespeech_nusantara_text,2eca54a9-c261-4706-b9cc-cb387ecf6718,zs_text_classification,train,"Klasifikasikan teks berikut ""Aku akui pak ahok itu tangguh sekali dan apa adanya"" menjadi:
- hate speech
- non hate speech",non hate speech
2494,id_hatespeech,id_hatespeech_nusantara_text,2eca54a9-c261-4706-b9cc-cb387ecf6718,zs_text_classification,train,"Klasifikasikan teks berikut ""saya selalu mendukung dan berdoa untukmu ahokdjarot terimakasih"" menjadi:
- hate speech
- non hate speech",non hate speech
2495,id_hatespeech,id_hatespeech_nusantara_text,2eca54a9-c261-4706-b9cc-cb387ecf6718,zs_text_classification,train,"Klasifikasikan teks berikut ""Meski Badj tak lagi menjadi pelayan rakyat...kami selalu berdoa terbaik buat Badja. Kami bangga pernah memiliki kalian."" menjadi:
- hate speech
- non hate speech",non hate speech
2496,id_hatespeech,id_hatespeech_nusantara_text,2eca54a9-c261-4706-b9cc-cb387ecf6718,zs_text_classification,train,"Klasifikasikan teks berikut ""Mudah2han pak ahok jadi nomor satu di Indonesia"" menjadi:
- hate speech
- non hate speech",non hate speech
2497,id_hatespeech,id_hatespeech_nusantara_text,2eca54a9-c261-4706-b9cc-cb387ecf6718,zs_text_classification,train,"Klasifikasikan teks berikut ""TPS Paslon Pilkada DKI Akan Dijaga Ketat"" menjadi:
- hate speech
- non hate speech",non hate speech
2498,id_hatespeech,id_hatespeech_nusantara_text,2eca54a9-c261-4706-b9cc-cb387ecf6718,zs_text_classification,train,"Klasifikasikan teks berikut ""saya bukan penduduk jakarta. tapi saya kagum pada sosok ahok dan jarot.allah memang punya rencana lain.selamat pada beliau"" menjadi:
- hate speech
- non hate speech",non hate speech
2499,id_hatespeech,id_hatespeech_nusantara_text,2eca54a9-c261-4706-b9cc-cb387ecf6718,zs_text_classification,train,"Klasifikasikan teks berikut ""Pak anies tolong bongkar lagi masjid yg di bangun pak ahok di daan mogot"" menjadi:
- hate speech
- non hate speech",non hate speech
2500,id_hatespeech,id_hatespeech_nusantara_text,2eca54a9-c261-4706-b9cc-cb387ecf6718,zs_text_classification,train,"Klasifikasikan teks berikut ""Yang blm pada move on mending bsk piknik aja mumpung long weekend hehehe"" menjadi:
- hate speech
- non hate speech",non hate speech
2501,id_hatespeech,id_hatespeech_nusantara_text,2eca54a9-c261-4706-b9cc-cb387ecf6718,zs_text_classification,train,"Klasifikasikan teks berikut ""Semoga bapak bisa meneladani sosok bang yos gubernur jakarta yang sangat cinta @persijajkt"" menjadi:
- hate speech
- non hate speech",non hate speech
2502,id_hatespeech,id_hatespeech_nusantara_text,2eca54a9-c261-4706-b9cc-cb387ecf6718,zs_text_classification,train,"Klasifikasikan teks berikut ""Pemimpin yg baik pemimpin yg mengerti akan jiwa pemuda, lanjutkan pak @aniesbaswedan"" menjadi:
- hate speech
- non hate speech",non hate speech
2503,id_hatespeech,id_hatespeech_nusantara_text,2eca54a9-c261-4706-b9cc-cb387ecf6718,zs_text_classification,train,"Klasifikasikan teks berikut ""kami disini mendulungmu untuk jakarta yg maju bukan hanya ekonomi nya tapi juga prestasi sepakbola nya"" menjadi:
- hate speech
- non hate speech",non hate speech
2504,id_hatespeech,id_hatespeech_nusantara_text,2eca54a9-c261-4706-b9cc-cb387ecf6718,zs_text_classification,train,"Klasifikasikan teks berikut ""Negara kita negara BHINEKA TUNGGAL IKA. jadi ga liat pemimpin dengan agama ,ras ,budaya"" menjadi:
- hate speech
- non hate speech",non hate speech
2505,id_hatespeech,id_hatespeech_nusantara_text,2eca54a9-c261-4706-b9cc-cb387ecf6718,zs_text_classification,train,"Klasifikasikan teks berikut ""pak @aniesbaswedan kami disini mendulungmu untuk jakarta yg maju bukan hanya ekonomi nya tapi juga prestasi sepakbola nya"" menjadi:
- hate speech
- non hate speech",non hate speech
2506,id_hatespeech,id_hatespeech_nusantara_text,2eca54a9-c261-4706-b9cc-cb387ecf6718,zs_text_classification,train,"Klasifikasikan teks berikut ""Gw yakin suatu saat pasti Pak @basuki_btp akan ada patungnya sebagai tanda jasa entah itu di indo atau di madame tussaud."" menjadi:
- hate speech
- non hate speech",non hate speech
2507,id_hatespeech,id_hatespeech_nusantara_text,2eca54a9-c261-4706-b9cc-cb387ecf6718,zs_text_classification,train,"Klasifikasikan teks berikut ""Doa itu sebaiknya yg baik2. Karena Tuhan juga baik. Klo doa jelek jahat, akan berbalik ke diri yg mendoakan loh"" menjadi:
- hate speech
- non hate speech",non hate speech
2508,id_hatespeech,id_hatespeech_nusantara_text,2eca54a9-c261-4706-b9cc-cb387ecf6718,zs_text_classification,train,"Klasifikasikan teks berikut ""#badja Jakarta tidak butuh kalian lagi, tapi Indonesia menunggu untuk pengabdian kalian."" menjadi:
- hate speech
- non hate speech",non hate speech
2509,id_hatespeech,id_hatespeech_nusantara_text,2eca54a9-c261-4706-b9cc-cb387ecf6718,zs_text_classification,train,"Klasifikasikan teks berikut ""Artikel saya untuk Mas @pandji. Dari reklamasi, penggusuran, DP 0 Rupiah, OKE OCE, hingga ""figur pemersatu""."" menjadi:
- hate speech
- non hate speech",non hate speech
2510,id_hatespeech,id_hatespeech_nusantara_text,2eca54a9-c261-4706-b9cc-cb387ecf6718,zs_text_classification,train,"Klasifikasikan teks berikut ""#BesokGueAhok Karena Terbukti Dan Teruji Dari Segi Kerjanya,Ahok Untuk DKI Jakarta Lebih Baik Kemudian #TetapAhok"" menjadi:
- hate speech
- non hate speech",non hate speech
2511,id_hatespeech,id_hatespeech_nusantara_text,2eca54a9-c261-4706-b9cc-cb387ecf6718,zs_text_classification,train,"Klasifikasikan teks berikut ""ga tinggal di Jakarta sih, tp 1 rumah ngotot banget dukung Pak @basuki_btp!"" menjadi:
- hate speech
- non hate speech",non hate speech
2512,id_hatespeech,id_hatespeech_nusantara_text,2eca54a9-c261-4706-b9cc-cb387ecf6718,zs_text_classification,train,"Klasifikasikan teks berikut ""Semangat Pilkada! Untukmu pilihanmu dan untukku pilihanku #tetapahok"" menjadi:
- hate speech
- non hate speech",non hate speech
2513,id_hatespeech,id_hatespeech_nusantara_text,2eca54a9-c261-4706-b9cc-cb387ecf6718,zs_text_classification,train,"Klasifikasikan teks berikut ""Tapi perbedaan vital di reklamasi sama perumahan, justru gak bisa berkutik sama sekali."" menjadi:
- hate speech
- non hate speech",non hate speech
2514,id_hatespeech,id_hatespeech_nusantara_text,2eca54a9-c261-4706-b9cc-cb387ecf6718,zs_text_classification,train,"Klasifikasikan teks berikut ""Sabar dulu jgn tergesa2 nagih, beliau belum dilantik baru bulan Oktober nanti."" menjadi:
- hate speech
- non hate speech",non hate speech
2515,id_hatespeech,id_hatespeech_nusantara_text,2eca54a9-c261-4706-b9cc-cb387ecf6718,zs_text_classification,train,"Klasifikasikan teks berikut ""Pak @aniesbaswedan knpa ngga mampir dulu ke tempat saya. Orangtua saya ngefans bgt"" menjadi:
- hate speech
- non hate speech",non hate speech
2516,id_hatespeech,id_hatespeech_nusantara_text,2eca54a9-c261-4706-b9cc-cb387ecf6718,zs_text_classification,train,"Klasifikasikan teks berikut ""Semoga @persijajkt lebih maju dengan adanya gubernur era baru."" menjadi:
- hate speech
- non hate speech",non hate speech
2517,id_hatespeech,id_hatespeech_nusantara_text,2eca54a9-c261-4706-b9cc-cb387ecf6718,zs_text_classification,train,"Klasifikasikan teks berikut ""Tetap di masyarakat jakarta dan selalu membuat jakarta lebih baik.Dan hasilnya pun sudah terbukti"" menjadi:
- hate speech
- non hate speech",non hate speech
2518,id_hatespeech,id_hatespeech_nusantara_text,2eca54a9-c261-4706-b9cc-cb387ecf6718,zs_text_classification,train,"Klasifikasikan teks berikut ""saya sebagai masyarakat jakarta salut terhadap kepemimpinan pak ahok."" menjadi:
- hate speech
- non hate speech",non hate speech
2519,id_hatespeech,id_hatespeech_nusantara_text,2eca54a9-c261-4706-b9cc-cb387ecf6718,zs_text_classification,train,"Klasifikasikan teks berikut ""Semua sayang ahok. Saya berharap ahok bisa jadi presiden selanjutnya bersama pak jokowi."" menjadi:
- hate speech
- non hate speech",non hate speech
2520,id_hatespeech,id_hatespeech_nusantara_text,2eca54a9-c261-4706-b9cc-cb387ecf6718,zs_text_classification,train,"Klasifikasikan teks berikut ""Bukan lagi milik jakarta lagi ahok tapi milik kita untuk membangun jakarta lebih baik"" menjadi:
- hate speech
- non hate speech",non hate speech
2521,id_hatespeech,id_hatespeech_nusantara_text,2eca54a9-c261-4706-b9cc-cb387ecf6718,zs_text_classification,train,"Klasifikasikan teks berikut ""Pak Ahok, jadi cagub di Bekasi aja ya pak... Bekasi mau dipimpin orang seperti bapak, biar ada perubahan lebih baik @basukibtp"" menjadi:
- hate speech
- non hate speech",non hate speech
2522,id_hatespeech,id_hatespeech_nusantara_text,2eca54a9-c261-4706-b9cc-cb387ecf6718,zs_text_classification,train,"Klasifikasikan teks berikut ""Kekalahan Ahok adalah kemunduran peradaban di Indonesia. Selamat datang radikalisme. Akal sehat sudah tidak ada dinegara ini."" menjadi:
- hate speech
- non hate speech",non hate speech
2523,id_hatespeech,id_hatespeech_nusantara_text,2eca54a9-c261-4706-b9cc-cb387ecf6718,zs_text_classification,train,"Klasifikasikan teks berikut ""Semangat pak ahok , bapak sudah berjuang sekuat tenaga dan sudah berusaha melakukan yang terbaik, terima kasih pak"" menjadi:
- hate speech
- non hate speech",non hate speech
2524,id_hatespeech,id_hatespeech_nusantara_text,2eca54a9-c261-4706-b9cc-cb387ecf6718,zs_text_classification,train,"Klasifikasikan teks berikut ""Terima Kasih pak sudah mengabdi dijakarta dengan segudang permintaan warga."" menjadi:
- hate speech
- non hate speech",non hate speech
2525,id_hatespeech,id_hatespeech_nusantara_text,2eca54a9-c261-4706-b9cc-cb387ecf6718,zs_text_classification,train,"Klasifikasikan teks berikut ""Mungkin ada kata kata yang menyakitkan ya pak, tapi semoga itu menjadi semangat untuk bapak kedepannya."" menjadi:
- hate speech
- non hate speech",non hate speech
2526,id_hatespeech,id_hatespeech_nusantara_text,2eca54a9-c261-4706-b9cc-cb387ecf6718,zs_text_classification,train,"Klasifikasikan teks berikut ""Walaupun bapak tidak menang. Tapi saya menikmati kerja keras bapak selama menjabat. Terima kasih untuk bapak ahok."" menjadi:
- hate speech
- non hate speech",non hate speech
2527,id_hatespeech,id_hatespeech_nusantara_text,2eca54a9-c261-4706-b9cc-cb387ecf6718,zs_text_classification,train,"Klasifikasikan teks berikut ""miris ya pak ahok...sukses slalu buat my idola pak ahok"" menjadi:
- hate speech
- non hate speech",non hate speech
2528,id_hatespeech,id_hatespeech_nusantara_text,2eca54a9-c261-4706-b9cc-cb387ecf6718,zs_text_classification,train,"Klasifikasikan teks berikut ""Gue lebih suka Ahok bantuin Jokowi ngurusin Indonesia agar lebih cepet maju, bukan hanya Jakarta."" menjadi:
- hate speech
- non hate speech",non hate speech
2529,id_hatespeech,id_hatespeech_nusantara_text,2eca54a9-c261-4706-b9cc-cb387ecf6718,zs_text_classification,train,"Klasifikasikan teks berikut ""Pak kok saya pngn peluk bapak sambil bilang "" pak tetap semangat ya, saya selalu mendoakan yg terbaik untuk bapak"""" menjadi:
- hate speech
- non hate speech",non hate speech
2530,id_hatespeech,id_hatespeech_nusantara_text,2eca54a9-c261-4706-b9cc-cb387ecf6718,zs_text_classification,train,"Klasifikasikan teks berikut ""aya bukan warga jakarta tp saya sering ke jakarta.....saya bangga jakarta pernah di pegang bapak. Jadi rapih pak sekarang....."" menjadi:
- hate speech
- non hate speech",non hate speech
2531,id_hatespeech,id_hatespeech_nusantara_text,2eca54a9-c261-4706-b9cc-cb387ecf6718,zs_text_classification,train,"Klasifikasikan teks berikut ""Maka seyogyanya pilihanku #TetapAhok karna terlihat pencerahan pd sistem birokrasi."" menjadi:
- hate speech
- non hate speech",non hate speech
2532,id_hatespeech,id_hatespeech_nusantara_text,2eca54a9-c261-4706-b9cc-cb387ecf6718,zs_text_classification,train,"Klasifikasikan teks berikut ""Pak ahok tetap menjadi gubenur dihatiku ...."" menjadi:
- hate speech
- non hate speech",non hate speech
2533,id_hatespeech,id_hatespeech_nusantara_text,2eca54a9-c261-4706-b9cc-cb387ecf6718,zs_text_classification,train,"Klasifikasikan teks berikut ""Dari lahir di Jakarta sampe detik ini baru gue liat kali & pintu air Manggarai bersih dari sampah ya pas jaman Jokowi sampe Ahok. #TetapAhok"" menjadi:
- hate speech
- non hate speech",non hate speech
2534,id_hatespeech,id_hatespeech_nusantara_text,2eca54a9-c261-4706-b9cc-cb387ecf6718,zs_text_classification,train,"Klasifikasikan teks berikut ""Gpp kalah. mungkin belom rejekinya ya pak. Bagi kami bapak tetap pemimpin yang jujur. Tetap berkarya nyata"" menjadi:
- hate speech
- non hate speech",non hate speech
2535,id_hatespeech,id_hatespeech_nusantara_text,2eca54a9-c261-4706-b9cc-cb387ecf6718,zs_text_classification,train,"Klasifikasikan teks berikut ""Selama 20 tahun tinggal di Jakarta, baru 5 tahun terakhir benar-benar terasa perubahan dan sadar kalau itu akitbat gubernurnya."" menjadi:
- hate speech
- non hate speech",non hate speech
2536,id_hatespeech,id_hatespeech_nusantara_text,2eca54a9-c261-4706-b9cc-cb387ecf6718,zs_text_classification,train,"Klasifikasikan teks berikut ""Aku cinta Pak Ahok. Terimakasih ya Pak atas jasa-jasa dan kerja nyatanya selama 5 tahun terakhir."" menjadi:
- hate speech
- non hate speech",non hate speech
2537,id_hatespeech,id_hatespeech_nusantara_text,2eca54a9-c261-4706-b9cc-cb387ecf6718,zs_text_classification,train,"Klasifikasikan teks berikut ""Tetap semangat pak ahok.... terimakasih atas semua yg anda berikan untuk jakarta. sukses selalu buat pak ahok."" menjadi:
- hate speech
- non hate speech",non hate speech
2538,id_hatespeech,id_hatespeech_nusantara_text,2eca54a9-c261-4706-b9cc-cb387ecf6718,zs_text_classification,train,"Klasifikasikan teks berikut ""Pak ahok kita tetap mendukung apapun yang terjadi"" menjadi:
- hate speech
- non hate speech",non hate speech
2539,id_hatespeech,id_hatespeech_nusantara_text,2eca54a9-c261-4706-b9cc-cb387ecf6718,zs_text_classification,train,"Klasifikasikan teks berikut ""Terima kasih banyak buat kinerja keras dari Pak Ahok dan team selama memimpin DKI Jakarta. Tetap semangat selalu Pak. God Bless Bapak & Family."" menjadi:
- hate speech
- non hate speech",non hate speech
2540,id_hatespeech,id_hatespeech_nusantara_text,2eca54a9-c261-4706-b9cc-cb387ecf6718,zs_text_classification,train,"Klasifikasikan teks berikut ""Bapak ahok sosok yang saya banggakan, terimakasih pak sudah merubah jakarta."" menjadi:
- hate speech
- non hate speech",non hate speech
2541,id_hatespeech,id_hatespeech_nusantara_text,2eca54a9-c261-4706-b9cc-cb387ecf6718,zs_text_classification,train,"Klasifikasikan teks berikut ""semoga pak ahok selalu dlm lindungan tuhan, saya sayang sama pak ahok, pak ahok orang baik."" menjadi:
- hate speech
- non hate speech",non hate speech
2542,id_hatespeech,id_hatespeech_nusantara_text,2eca54a9-c261-4706-b9cc-cb387ecf6718,zs_text_classification,train,"Klasifikasikan teks berikut ""Terima kasih pak Basuki. Sampai kapan pun sejarah akan mencatat bapak membawa perubahan bagi kami warga jakarta"" menjadi:
- hate speech
- non hate speech",non hate speech
2543,id_hatespeech,id_hatespeech_nusantara_text,2eca54a9-c261-4706-b9cc-cb387ecf6718,zs_text_classification,train,"Klasifikasikan teks berikut ""Lanjutkan perjuangan Pak, Bapak orang baik pasti ditempatkan di tempat yg lebih baik juga."" menjadi:
- hate speech
- non hate speech",non hate speech
2544,id_hatespeech,id_hatespeech_nusantara_text,2eca54a9-c261-4706-b9cc-cb387ecf6718,zs_text_classification,train,"Klasifikasikan teks berikut ""Kau lah yang terhebat.. Karna kau lah kami mendapat inspirasi dan pengalaman yang sangat berharga."" menjadi:
- hate speech
- non hate speech",non hate speech
2545,id_hatespeech,id_hatespeech_nusantara_text,2eca54a9-c261-4706-b9cc-cb387ecf6718,zs_text_classification,train,"Klasifikasikan teks berikut ""Buat Pak Ahok tetap berkarya pak. Masih ada kesempatan lebih baik di 2019"" menjadi:
- hate speech
- non hate speech",non hate speech
2546,id_hatespeech,id_hatespeech_nusantara_text,2eca54a9-c261-4706-b9cc-cb387ecf6718,zs_text_classification,train,"Klasifikasikan teks berikut ""Pak saya setuju kalo pak jadi gubenur karena kerja pak sangat bagus kerena kerja pak basuki tegas keluarga kami mendukung pak basuki"" menjadi:
- hate speech
- non hate speech",non hate speech
2547,id_hatespeech,id_hatespeech_nusantara_text,2eca54a9-c261-4706-b9cc-cb387ecf6718,zs_text_classification,train,"Klasifikasikan teks berikut ""Bapak tetap yg terbaik untuk jakarta..terima kasih pak untuk semua yg bapak kerjakan selama ini semoga Allah selalu meridhoi bapak dalam setiap langkah bapak.."" menjadi:
- hate speech
- non hate speech",non hate speech
2548,id_hatespeech,id_hatespeech_nusantara_text,2eca54a9-c261-4706-b9cc-cb387ecf6718,zs_text_classification,train,"Klasifikasikan teks berikut ""jabatan bukan hal penting yg terpenting bapak tetap orang terhebat di jakarta tentang kerja keras Pak Ahok..sekali lagi terima kasih Pak Ahok"" menjadi:
- hate speech
- non hate speech",non hate speech
2549,id_hatespeech,id_hatespeech_nusantara_text,2eca54a9-c261-4706-b9cc-cb387ecf6718,zs_text_classification,train,"Klasifikasikan teks berikut ""Pak Ahok....walau saya bukan warga DKI....saya sangat sedih bapak tidak terpilih lg jd Gubenur DKI....."" menjadi:
- hate speech
- non hate speech",non hate speech
2550,id_hatespeech,id_hatespeech_nusantara_text,2eca54a9-c261-4706-b9cc-cb387ecf6718,zs_text_classification,train,"Klasifikasikan teks berikut ""Hanya bpk lah gubernur satu satunya yg bisa membawa perubahan di Jakarta...semangat pak..."" menjadi:
- hate speech
- non hate speech",non hate speech
2551,id_hatespeech,id_hatespeech_nusantara_text,2eca54a9-c261-4706-b9cc-cb387ecf6718,zs_text_classification,train,"Klasifikasikan teks berikut ""Pak ahok, saya mempunyai ibu, ibu saya selalu mendoakan pak ahok setiap waktu dan setiap pagi jam 3 ibu saya sebenarnya kecewa dengan hasil pilkada"" menjadi:
- hate speech
- non hate speech",non hate speech
2552,id_hatespeech,id_hatespeech_nusantara_text,2eca54a9-c261-4706-b9cc-cb387ecf6718,zs_text_classification,train,"Klasifikasikan teks berikut ""tapi kalah menang itu biasa. kekuasaan ada di tangan tuhan, asal bapak ahok tidak menjual iman pak ahok dengan jabatan"" menjadi:
- hate speech
- non hate speech",non hate speech
2553,id_hatespeech,id_hatespeech_nusantara_text,2eca54a9-c261-4706-b9cc-cb387ecf6718,zs_text_classification,train,"Klasifikasikan teks berikut ""Terimakasih banyak pak ahok dan djarot untuk kerja tulus dan kerasnya untuk Jakarta.."" menjadi:
- hate speech
- non hate speech",non hate speech
2554,id_hatespeech,id_hatespeech_nusantara_text,2eca54a9-c261-4706-b9cc-cb387ecf6718,zs_text_classification,train,"Klasifikasikan teks berikut ""Media Asing Menyorot Hasil Pilkada Jakarta"" menjadi:
- hate speech
- non hate speech",non hate speech
2555,id_hatespeech,id_hatespeech_nusantara_text,2eca54a9-c261-4706-b9cc-cb387ecf6718,zs_text_classification,train,"Klasifikasikan teks berikut ""Ahok Banyak Belajar di Pilkada DKI"" menjadi:
- hate speech
- non hate speech",non hate speech
2556,id_hatespeech,id_hatespeech_nusantara_text,2eca54a9-c261-4706-b9cc-cb387ecf6718,zs_text_classification,train,"Klasifikasikan teks berikut ""Ini Pelajaran yang Dipetik Ahok dari Pilkada DKI"" menjadi:
- hate speech
- non hate speech",non hate speech
2557,id_hatespeech,id_hatespeech_nusantara_text,2eca54a9-c261-4706-b9cc-cb387ecf6718,zs_text_classification,train,"Klasifikasikan teks berikut ""Ahok: Lupakan Semua Masalah Kampanye dan Pilkada"" menjadi:
- hate speech
- non hate speech",non hate speech
2558,id_hatespeech,id_hatespeech_nusantara_text,2eca54a9-c261-4706-b9cc-cb387ecf6718,zs_text_classification,train,"Klasifikasikan teks berikut ""Presiden Percaya Pilkada DKI Hasilkan Pemimpin Terbaik"" menjadi:
- hate speech
- non hate speech",non hate speech
2559,id_hatespeech,id_hatespeech_nusantara_text,2eca54a9-c261-4706-b9cc-cb387ecf6718,zs_text_classification,train,"Klasifikasikan teks berikut ""Kapolri Pastikan Pilkada DKI Berjalan Lancar dan Sejuk"" menjadi:
- hate speech
- non hate speech",non hate speech
2560,id_hatespeech,id_hatespeech_nusantara_text,2eca54a9-c261-4706-b9cc-cb387ecf6718,zs_text_classification,train,"Klasifikasikan teks berikut ""Pengamat: Pilkada DKI Panas Karena Parpol Sulit Disiplinkan Massa"" menjadi:
- hate speech
- non hate speech",non hate speech
2561,id_hatespeech,id_hatespeech_nusantara_text,2eca54a9-c261-4706-b9cc-cb387ecf6718,zs_text_classification,train,"Klasifikasikan teks berikut ""Parpol Pendukung Ahok-Djarot Komitmen Jaga Pilkada Damai"" menjadi:
- hate speech
- non hate speech",non hate speech
2562,id_hatespeech,id_hatespeech_nusantara_text,2eca54a9-c261-4706-b9cc-cb387ecf6718,zs_text_classification,train,"Klasifikasikan teks berikut ""Amankan Pilkada DKI, Polisi Terapkan Dua Sistem Pengamanan"" menjadi:
- hate speech
- non hate speech",non hate speech
2563,id_hatespeech,id_hatespeech_nusantara_text,2eca54a9-c261-4706-b9cc-cb387ecf6718,zs_text_classification,train,"Klasifikasikan teks berikut ""Tiga Instansi Keluarkan Maklumat Larangan Mobilisasi Massa di Pilkada DKI"" menjadi:
- hate speech
- non hate speech",non hate speech
2564,id_hatespeech,id_hatespeech_nusantara_text,2eca54a9-c261-4706-b9cc-cb387ecf6718,zs_text_classification,train,"Klasifikasikan teks berikut ""TERNYATA BAJU YANG DIPAKAI AHOK DI DEBAT PILKADA YG SAYA TONTON MELALUI METRO TV SAMA DENGAN YANG DI TV ONE. BARUSAN SAYA CEK"" menjadi:
- hate speech
- non hate speech",non hate speech
2565,id_hatespeech,id_hatespeech_nusantara_text,2eca54a9-c261-4706-b9cc-cb387ecf6718,zs_text_classification,train,"Klasifikasikan teks berikut ""Sebagai warga negara yang baik, lo wajib ikut mensukseskan Pilkada Jakarta 2017. Temukan performa berbeda Debat Pilkada pukul 7"" menjadi:
- hate speech
- non hate speech",non hate speech
2566,id_hatespeech,id_hatespeech_nusantara_text,2eca54a9-c261-4706-b9cc-cb387ecf6718,zs_text_classification,train,"Klasifikasikan teks berikut ""Debat Terakhir Menentukan Elektabilitas di Pilkada DKI Putaran Kedua"" menjadi:
- hate speech
- non hate speech",non hate speech
2567,id_hatespeech,id_hatespeech_nusantara_text,2eca54a9-c261-4706-b9cc-cb387ecf6718,zs_text_classification,train,"Klasifikasikan teks berikut ""Terima kasih bapak ahok dengan jasa2 bapak selalu membangun jakarta lebih baik lagi"" menjadi:
- hate speech
- non hate speech",non hate speech
2568,id_hatespeech,id_hatespeech_nusantara_text,2eca54a9-c261-4706-b9cc-cb387ecf6718,zs_text_classification,train,"Klasifikasikan teks berikut ""Salut banget sm pak ahok.. benar2 berjiwa kesatria.. langsung mengucapkan selamat ke pasangan anis dan sandi.."" menjadi:
- hate speech
- non hate speech",non hate speech
2569,id_hatespeech,id_hatespeech_nusantara_text,2eca54a9-c261-4706-b9cc-cb387ecf6718,zs_text_classification,train,"Klasifikasikan teks berikut ""keluarga sudah ke menggunakan hak pilihnya pagi ini. Jangan lupa bagi warga Jakarta untuk datang ke TPS sebelum jam 1 siang!"" menjadi:
- hate speech
- non hate speech",non hate speech
2570,id_hatespeech,id_hatespeech_nusantara_text,2eca54a9-c261-4706-b9cc-cb387ecf6718,zs_text_classification,train,"Klasifikasikan teks berikut ""Terima kasih telah membuat Jakarta menjadi lebih baik pak... Tetap semangat!"" menjadi:
- hate speech
- non hate speech",non hate speech
2571,id_hatespeech,id_hatespeech_nusantara_text,2eca54a9-c261-4706-b9cc-cb387ecf6718,zs_text_classification,train,"Klasifikasikan teks berikut ""Pada akhirnya, orang jahat akan jatuh, dan orang baik, akan dibangkitkan!"" menjadi:
- hate speech
- non hate speech",non hate speech
2572,id_hatespeech,id_hatespeech_nusantara_text,2eca54a9-c261-4706-b9cc-cb387ecf6718,zs_text_classification,train,"Klasifikasikan teks berikut ""Meski dijatuhkan berkali2, Tuhan akan selalu mengangkat yg benar"" menjadi:
- hate speech
- non hate speech",non hate speech
2573,id_hatespeech,id_hatespeech_nusantara_text,2eca54a9-c261-4706-b9cc-cb387ecf6718,zs_text_classification,train,"Klasifikasikan teks berikut ""Rencana Bapak yang di surga itu lebih indah yangg kita inginkan bapak ahok tetap semangat ya pak"" menjadi:
- hate speech
- non hate speech",non hate speech
2574,id_hatespeech,id_hatespeech_nusantara_text,2eca54a9-c261-4706-b9cc-cb387ecf6718,zs_text_classification,train,"Klasifikasikan teks berikut ""Pak Basuki dan Pak Djarot tetap kuat didalam iman dan pengharapan..."" menjadi:
- hate speech
- non hate speech",non hate speech
2575,id_hatespeech,id_hatespeech_nusantara_text,2eca54a9-c261-4706-b9cc-cb387ecf6718,zs_text_classification,train,"Klasifikasikan teks berikut ""Yakin bahwa ini bukan jalan yang terbaik untuk anda dari hanya sekedar Gubernur dan Wakil gubernur DKI.."" menjadi:
- hate speech
- non hate speech",non hate speech
2576,id_hatespeech,id_hatespeech_nusantara_text,2eca54a9-c261-4706-b9cc-cb387ecf6718,zs_text_classification,train,"Klasifikasikan teks berikut ""Masyarakat Indonesia khusus DKI melihat pemimpin itu bukan dilihat hasil kerjanya"" menjadi:
- hate speech
- non hate speech",non hate speech
2577,id_hatespeech,id_hatespeech_nusantara_text,2eca54a9-c261-4706-b9cc-cb387ecf6718,zs_text_classification,train,"Klasifikasikan teks berikut ""Kami sebagai rakyat indonesia yang bukan berasal dari DKI turut mendoakan semoga pak Basuki dan pak Djarot tidak pernah lelah melayani kami dan tetap terus semangat"" menjadi:
- hate speech
- non hate speech",non hate speech
2578,id_hatespeech,id_hatespeech_nusantara_text,2eca54a9-c261-4706-b9cc-cb387ecf6718,zs_text_classification,train,"Klasifikasikan teks berikut ""jangan padam untuk kemanusiaan ya pak, saya mengenang semua hal manis yg telah bapak perjuangkan"" menjadi:
- hate speech
- non hate speech",non hate speech
2579,id_hatespeech,id_hatespeech_nusantara_text,2eca54a9-c261-4706-b9cc-cb387ecf6718,zs_text_classification,train,"Klasifikasikan teks berikut ""Saya doakan pak ahok dan tamengnya tidak kejang2"" menjadi:
- hate speech
- non hate speech",non hate speech
2580,id_hatespeech,id_hatespeech_nusantara_text,2eca54a9-c261-4706-b9cc-cb387ecf6718,zs_text_classification,train,"Klasifikasikan teks berikut ""Tetap semangat pak. Ahok.. Aku selalu dukung pak ahok djarot."" menjadi:
- hate speech
- non hate speech",non hate speech
2581,id_hatespeech,id_hatespeech_nusantara_text,2eca54a9-c261-4706-b9cc-cb387ecf6718,zs_text_classification,train,"Klasifikasikan teks berikut ""Pemenang Debat Pilkada DKI malam ini adalah...... IRA KOESNO!!!"" menjadi:
- hate speech
- non hate speech",non hate speech
2582,id_hatespeech,id_hatespeech_nusantara_text,2eca54a9-c261-4706-b9cc-cb387ecf6718,zs_text_classification,train,"Klasifikasikan teks berikut ""Selamat buat pasangan no 3, Anies-Sandi pemenang versi Quick Count... Terima kasih buat Ahok-Djarot atas kerja luar biasa untuk Jakarta..."" menjadi:
- hate speech
- non hate speech",non hate speech
2583,id_hatespeech,id_hatespeech_nusantara_text,2eca54a9-c261-4706-b9cc-cb387ecf6718,zs_text_classification,train,"Klasifikasikan teks berikut ""Semangat pak ahok walaupun saya warga bandung tapi saya yakin pak ahok yg jadi juara..."" menjadi:
- hate speech
- non hate speech",non hate speech
2584,id_hatespeech,id_hatespeech_nusantara_text,2eca54a9-c261-4706-b9cc-cb387ecf6718,zs_text_classification,train,"Klasifikasikan teks berikut ""yg jelas, kerja keras, pasti, dan jujur tetap pak ahok."" menjadi:
- hate speech
- non hate speech",non hate speech
2585,id_hatespeech,id_hatespeech_nusantara_text,2eca54a9-c261-4706-b9cc-cb387ecf6718,zs_text_classification,train,"Klasifikasikan teks berikut ""Maaf pak saya tidak bisa ikutan nyoblos, KTP saya jakarta, tapi saya skrg tinggal bandung, saya hanya bisa berdoa"" menjadi:
- hate speech
- non hate speech",non hate speech
2586,id_hatespeech,id_hatespeech_nusantara_text,2eca54a9-c261-4706-b9cc-cb387ecf6718,zs_text_classification,train,"Klasifikasikan teks berikut ""semoga ahokdjarot bisa terus melanjutkan visi misi nya untuk membangun kota Jakarta, agar lebih rapih bersih dan nyaman"" menjadi:
- hate speech
- non hate speech",non hate speech
2587,id_hatespeech,id_hatespeech_nusantara_text,2eca54a9-c261-4706-b9cc-cb387ecf6718,zs_text_classification,train,"Klasifikasikan teks berikut ""Dalam nama Tuhan Untuk jakarta yg lebih baik"" menjadi:
- hate speech
- non hate speech",non hate speech
2588,id_hatespeech,id_hatespeech_nusantara_text,2eca54a9-c261-4706-b9cc-cb387ecf6718,zs_text_classification,train,"Klasifikasikan teks berikut ""semagat buat pak Anies semoga selalu dalam rahmat tuhan YME"" menjadi:
- hate speech
- non hate speech",non hate speech
2589,id_hatespeech,id_hatespeech_nusantara_text,2eca54a9-c261-4706-b9cc-cb387ecf6718,zs_text_classification,train,"Klasifikasikan teks berikut ""semua warga DKI gunakan hak pilihmu....jangan takut kita smua warga yg punya hak dan sehat lahir batin"" menjadi:
- hate speech
- non hate speech",non hate speech
2590,id_hatespeech,id_hatespeech_nusantara_text,2eca54a9-c261-4706-b9cc-cb387ecf6718,zs_text_classification,train,"Klasifikasikan teks berikut ""semoga Tuhan memberikan seluruh masyarakat DKI jakarta keadilan sesuai pemimpin yg benar2 demi rakyat Amin."" menjadi:
- hate speech
- non hate speech",non hate speech
2591,id_hatespeech,id_hatespeech_nusantara_text,2eca54a9-c261-4706-b9cc-cb387ecf6718,zs_text_classification,train,"Klasifikasikan teks berikut ""Eks Pendukung Agus-Sylvi di Jakarta Timur Deklarasikan Dukungan Untuk Ahok-Djarot"" menjadi:
- hate speech
- non hate speech",non hate speech
2592,id_hatespeech,id_hatespeech_nusantara_text,2eca54a9-c261-4706-b9cc-cb387ecf6718,zs_text_classification,train,"Klasifikasikan teks berikut ""Ini pasti salah Jokowi, Ahok dan kafir-kafir ateis. https:\/\/t.co\/v2GRcUeStI"" menjadi:
- hate speech
- non hate speech",non hate speech
2593,id_hatespeech,id_hatespeech_nusantara_text,2eca54a9-c261-4706-b9cc-cb387ecf6718,zs_text_classification,train,"Klasifikasikan teks berikut ""@fahmiabuazzam1 biar aja biar tai nya kena bapak lo itu ya. Loh tuh kan gak suka sm ahok jadi biar loh sm bpk loh sm ibu loh kena tai nya."" menjadi:
- hate speech
- non hate speech",non hate speech
2594,id_hatespeech,id_hatespeech_nusantara_text,2eca54a9-c261-4706-b9cc-cb387ecf6718,zs_text_classification,train,"Klasifikasikan teks berikut ""RT @BungWinar: Angin memporakporandakan basis pemenangan Si Penista Agama...Cililitan.\nYa Alloh Ampuni Kami\n#JakartaBanjir"" menjadi:
- hate speech
- non hate speech",non hate speech
2595,id_hatespeech,id_hatespeech_nusantara_text,2eca54a9-c261-4706-b9cc-cb387ecf6718,zs_text_classification,train,"Klasifikasikan teks berikut ""RT @Lupuz0503: Prestasi Ahok, \nSelain mjadi mafia koruptor n penista agama, dirinya bhasil tenggelamkan JKT MELALUI congoran CEBON"" menjadi:
- hate speech
- non hate speech",non hate speech
2596,id_hatespeech,id_hatespeech_nusantara_text,2eca54a9-c261-4706-b9cc-cb387ecf6718,zs_text_classification,train,"Klasifikasikan teks berikut ""Ulama Kompak Nyatakan #HaramPemimpinKafir Pilih Ahok = Murtad!"" menjadi:
- hate speech
- non hate speech",non hate speech
2597,id_hatespeech,id_hatespeech_nusantara_text,2eca54a9-c261-4706-b9cc-cb387ecf6718,zs_text_classification,train,"Klasifikasikan teks berikut ""KAU PENDIKAN TINGGI TAPI BODOH....GK ADA LARANG BAWA AGAMA..BIAR ORANG ISLAM YG DI BAYAR AHOK SADAR GK JADI MILIH AHOK GLA"" menjadi:
- hate speech
- non hate speech",non hate speech
2598,id_hatespeech,id_hatespeech_nusantara_text,2eca54a9-c261-4706-b9cc-cb387ecf6718,zs_text_classification,train,"Klasifikasikan teks berikut ""@indopoints di tanah abang cina udah mulai resah dan stres gara2 si penista agama dan pilkada pasar jd sepi. Sepi sampai 2 minggu lg ha. ha"" menjadi:
- hate speech
- non hate speech",non hate speech
2599,id_hatespeech,id_hatespeech_nusantara_text,2eca54a9-c261-4706-b9cc-cb387ecf6718,zs_text_classification,train,"Klasifikasikan teks berikut ""@investigator_RI betul dan semua pihak yg menentang si cina kafir ahok akan di kriminalisasi oleh polisi dgn smua rekayasa hukum nya"" menjadi:
- hate speech
- non hate speech",non hate speech
2600,id_hatespeech,id_hatespeech_nusantara_text,2eca54a9-c261-4706-b9cc-cb387ecf6718,zs_text_classification,train,"Klasifikasikan teks berikut ""@YohanesTarigan9 saya ga habis pikir kenapa fanboy ahok bego bego ya pada ga ngerti sejarah. Gampang kejebak iklan. Maaf ya."" menjadi:
- hate speech
- non hate speech",non hate speech
2601,id_hatespeech,id_hatespeech_nusantara_text,2eca54a9-c261-4706-b9cc-cb387ecf6718,zs_text_classification,train,"Klasifikasikan teks berikut ""@Zufrianto3 lebih baik pilih ahok drpd pilih yg se iman tp koruptor dn munafik !! Bodoh kau"" menjadi:
- hate speech
- non hate speech",non hate speech
2602,id_hatespeech,id_hatespeech_nusantara_text,2eca54a9-c261-4706-b9cc-cb387ecf6718,zs_text_classification,train,"Klasifikasikan teks berikut ""Ahok si penghina Al - Qur'an dan Ulama ini selalu bersikap menjijikkan yaitu sok suci dan merasa paling benar https:\/\/t.co\/bTkCeTNk0g"" menjadi:
- hate speech
- non hate speech",non hate speech
2603,id_hatespeech,id_hatespeech_nusantara_text,2eca54a9-c261-4706-b9cc-cb387ecf6718,zs_text_classification,train,"Klasifikasikan teks berikut ""Ayo umat Islam yg pinter, jgn percaya klo aksi 112 tdk ada hubungannya dgn pilkada, pihak AHY yg bayar anies yg untung \ud83d\ude01"" menjadi:
- hate speech
- non hate speech",non hate speech
2604,id_hatespeech,id_hatespeech_nusantara_text,2eca54a9-c261-4706-b9cc-cb387ecf6718,zs_text_classification,train,"Klasifikasikan teks berikut ""#DebatFinalPilkadaJKT mampuuuusssssss mpoK Silvy!!!!"" menjadi:
- hate speech
- non hate speech",non hate speech
2605,id_hatespeech,id_hatespeech_nusantara_text,2eca54a9-c261-4706-b9cc-cb387ecf6718,zs_text_classification,train,"Klasifikasikan teks berikut ""Hidup china komunis ! https:\/\/t.co\/b1RheVKrXl"" menjadi:
- hate speech
- non hate speech",non hate speech
2606,id_hatespeech,id_hatespeech_nusantara_text,2eca54a9-c261-4706-b9cc-cb387ecf6718,zs_text_classification,train,"Klasifikasikan teks berikut ""Ini tuh kesalahan Jokowi dan Ahok si babi ateis. https:\/\/t.co\/v2GRcUeStI"" menjadi:
- hate speech
- non hate speech",non hate speech
2607,id_hatespeech,id_hatespeech_nusantara_text,2eca54a9-c261-4706-b9cc-cb387ecf6718,zs_text_classification,train,"Klasifikasikan teks berikut ""Kalo ahok menang pilkada bikin video sex bareng anaknya dong tan.? https:\/\/t.co\/7msmThwwLK"" menjadi:
- hate speech
- non hate speech",non hate speech
2608,id_hatespeech,id_hatespeech_nusantara_text,2eca54a9-c261-4706-b9cc-cb387ecf6718,zs_text_classification,train,"Klasifikasikan teks berikut ""Keluarga Besar Kami Yang Berdomisili di Jakarta TIDAK PILIH AHOK!! https:\/\/t.co\/GZKZFTpvCw Suara Ulama Bulat! #HaramPilihAhok #JanganGolput"" menjadi:
- hate speech
- non hate speech",non hate speech
2609,id_hatespeech,id_hatespeech_nusantara_text,2eca54a9-c261-4706-b9cc-cb387ecf6718,zs_text_classification,train,"Klasifikasikan teks berikut ""ketutunan cina dari luar kota dan pulau mulai kejakarta mau coblos ahok dengan KTP aspal dari kamboja"" menjadi:
- hate speech
- non hate speech",non hate speech
2610,id_hatespeech,id_hatespeech_nusantara_text,2eca54a9-c261-4706-b9cc-cb387ecf6718,zs_text_classification,train,"Klasifikasikan teks berikut ""RT @indopoints: china babi... china maling...\n#UsirChina https:\/\/t.co\/9y4HIWHJp2"" menjadi:
- hate speech
- non hate speech",non hate speech
2611,id_hatespeech,id_hatespeech_nusantara_text,2eca54a9-c261-4706-b9cc-cb387ecf6718,zs_text_classification,train,"Klasifikasikan teks berikut ""RT @mosangada72: Masih mau memilih Agus-Sylvi???\nAnaknya SBY dan Keluarga Koruptor\n#BlusukanAhok\n#BerjamaahCoblosPecinya\u2026"" menjadi:
- hate speech
- non hate speech",non hate speech
2612,id_hatespeech,id_hatespeech_nusantara_text,2eca54a9-c261-4706-b9cc-cb387ecf6718,zs_text_classification,train,"Klasifikasikan teks berikut ""tangkap ahok dan klompok nya yg melakukan pemalsuan e KTP karna merupakan penghiyanat bagi bangsa dan negara"" menjadi:
- hate speech
- non hate speech",non hate speech
2613,id_hatespeech,id_hatespeech_nusantara_text,2eca54a9-c261-4706-b9cc-cb387ecf6718,zs_text_classification,train,"Klasifikasikan teks berikut ""Tangkap Ahok Sekarang Juga, Share Jika Setuju !!!"" menjadi:
- hate speech
- non hate speech",non hate speech
2614,id_hatespeech,id_hatespeech_nusantara_text,2eca54a9-c261-4706-b9cc-cb387ecf6718,zs_text_classification,train,"Klasifikasikan teks berikut ""Sayang sekali Bangsa ini Paling jago kalau merasa-rasa. Yg mendukung Pak Ahok merasa paling benar, yg mendukung Mas Anies merasa paling suci"" menjadi:
- hate speech
- non hate speech",non hate speech
2615,id_hatespeech,id_hatespeech_nusantara_text,2eca54a9-c261-4706-b9cc-cb387ecf6718,zs_text_classification,train,"Klasifikasikan teks berikut ""Video Ahok Menghina Agama Kristen Agama Konyol #AhokPecahBelahBangsa"" menjadi:
- hate speech
- non hate speech",non hate speech
2616,id_hatespeech,id_hatespeech_nusantara_text,2eca54a9-c261-4706-b9cc-cb387ecf6718,zs_text_classification,train,"Klasifikasikan teks berikut ""Bukan Hanya Penista Agama, Bagi JPU Ahok Pemecah Belah Bangsa https:\/\/t.co\/6qkIFCjqhq"" menjadi:
- hate speech
- non hate speech",non hate speech
2617,id_hatespeech,id_hatespeech_nusantara_text,2eca54a9-c261-4706-b9cc-cb387ecf6718,zs_text_classification,train,"Klasifikasikan teks berikut ""Mbak Sylviana please Anda sehat? #DebatFinalPilkadaJKT #perjuanganbelumselesai"" menjadi:
- hate speech
- non hate speech",non hate speech
2618,id_hatespeech,id_hatespeech_nusantara_text,2eca54a9-c261-4706-b9cc-cb387ecf6718,zs_text_classification,train,"Klasifikasikan teks berikut ""Nomor 1 sok tau lagi lansung di skak wkwkwk #DebatFinalPilkadaJKT"" menjadi:
- hate speech
- non hate speech",non hate speech
2619,id_hatespeech,id_hatespeech_nusantara_text,2eca54a9-c261-4706-b9cc-cb387ecf6718,zs_text_classification,train,"Klasifikasikan teks berikut ""RT @Gemacan70: Ayoo jaga keutuhan NKRI!!! Tangkap Penista Agama!!! #StopKriminalisasiUlama https:\/\/t.co\/dxIDQ4ZQHV"" menjadi:
- hate speech
- non hate speech",non hate speech
2620,id_hatespeech,id_hatespeech_nusantara_text,2eca54a9-c261-4706-b9cc-cb387ecf6718,zs_text_classification,train,"Klasifikasikan teks berikut ""@Lupuz0503: Terlihat salah satu pendukung mafia koruptor dan penista agama, para gerombolan BANCI TITOT lakukan bidikan ke arah"" menjadi:
- hate speech
- non hate speech",non hate speech
2621,id_hatespeech,id_hatespeech_nusantara_text,2eca54a9-c261-4706-b9cc-cb387ecf6718,zs_text_classification,train,"Klasifikasikan teks berikut ""tobat yuk sebelum terlambat. biar gerombolan JIL aja yg kita doakan konsisten bela kekafiran hingga akhir hayat https:\/\/t.co\/979uJ6ItrM"" menjadi:
- hate speech
- non hate speech",non hate speech
2622,id_hatespeech,id_hatespeech_nusantara_text,2eca54a9-c261-4706-b9cc-cb387ecf6718,zs_text_classification,train,"Klasifikasikan teks berikut ""RT @UstadTengku: Ya Allah Jika Mereka Menempuh Cara2 Curang utk Memenangkan Si Penista Agama, Engkau Kirimkanlah MALAIKAT MAUT Utk menyeles\u2026"" menjadi:
- hate speech
- non hate speech",non hate speech
2623,id_hatespeech,id_hatespeech_nusantara_text,2eca54a9-c261-4706-b9cc-cb387ecf6718,zs_text_classification,train,"Klasifikasikan teks berikut "";Kebanyakan fitnah nih mpok silvy #DebatFinalPilkadaJKT #Gue2"" menjadi:
- hate speech
- non hate speech",non hate speech
2624,id_hatespeech,id_hatespeech_nusantara_text,2eca54a9-c261-4706-b9cc-cb387ecf6718,zs_text_classification,train,"Klasifikasikan teks berikut ""FPI: Pendukung Ahok kalah jumlah, dengan izin Allah kita gusur Gubernur koruptor dan penista agama https:\/\/t.co\/Jp7pGLRGiE"" menjadi:
- hate speech
- non hate speech",non hate speech
2625,id_hatespeech,id_hatespeech_nusantara_text,2eca54a9-c261-4706-b9cc-cb387ecf6718,zs_text_classification,train,"Klasifikasikan teks berikut ""#JakartaBanjir Pemimpinnya gak punya akhlak yg baik... PENISTA AGAMA. https:\/\/t.co\/PNEGDJMPCH"" menjadi:
- hate speech
- non hate speech",non hate speech
2626,id_hatespeech,id_hatespeech_nusantara_text,2eca54a9-c261-4706-b9cc-cb387ecf6718,zs_text_classification,train,"Klasifikasikan teks berikut ""RT @felixsiauw: tapi twit begini asik lo, kita jadi tau yang mana akun-akun pro-penista agama, akun-akun buzzer yang kerjanya menghujat :)"" menjadi:
- hate speech
- non hate speech",non hate speech
2627,id_hatespeech,id_hatespeech_nusantara_text,2eca54a9-c261-4706-b9cc-cb387ecf6718,zs_text_classification,train,"Klasifikasikan teks berikut ""@DivHumasHansip: ahoker siap bela penista agama https:\/\/t.co\/HxuU4rUDFX\"" menjadi:
- hate speech
- non hate speech",non hate speech
2628,id_hatespeech,id_hatespeech_nusantara_text,2eca54a9-c261-4706-b9cc-cb387ecf6718,zs_text_classification,train,"Klasifikasikan teks berikut ""RT @alwinazar24: sepertinya CUCUnya DAJJAL telah hadir"" menjadi:
- hate speech
- non hate speech",non hate speech
2629,id_hatespeech,id_hatespeech_nusantara_text,2eca54a9-c261-4706-b9cc-cb387ecf6718,zs_text_classification,train,"Klasifikasikan teks berikut ""Mereka Siang MALAM Maki2 Ulama Kita, Nongkrongi Medsos Ulama2\nBela PENISTA Agama yg SOMBONGNYA Minta AMPUN."" menjadi:
- hate speech
- non hate speech",non hate speech
2630,id_hatespeech,id_hatespeech_nusantara_text,2eca54a9-c261-4706-b9cc-cb387ecf6718,zs_text_classification,train,"Klasifikasikan teks berikut ""RT @Jhonkosmik: Ada apa dengan mayoritas etnis China di DKI?\nMengapa begitu solid mendukung penista agama Islam?\n\nDendam?\nTidak nasionalis?"" menjadi:
- hate speech
- non hate speech",non hate speech
2631,id_hatespeech,id_hatespeech_nusantara_text,2eca54a9-c261-4706-b9cc-cb387ecf6718,zs_text_classification,train,"Klasifikasikan teks berikut ""Mukanya mpo Silvy Asem bangett ngakak kena deh abis jahat sih #DebatFinalPilkadaJKT"" menjadi:
- hate speech
- non hate speech",non hate speech
2632,id_hatespeech,id_hatespeech_nusantara_text,2eca54a9-c261-4706-b9cc-cb387ecf6718,zs_text_classification,train,"Klasifikasikan teks berikut ""RT @GodinJ760478: @tempodotco gara2 belain terdakwa penista agama jadi remek semua. Sukurin"" menjadi:
- hate speech
- non hate speech",non hate speech
2633,id_hatespeech,id_hatespeech_nusantara_text,2eca54a9-c261-4706-b9cc-cb387ecf6718,zs_text_classification,train,"Klasifikasikan teks berikut ""RT @Chaeruddin_B: Sekumpulan Teman Penista Agama\nTdk ada empati buat korban banjir, hanya koar2 memuji junjunganya https:\/\/t.co\/XQFktDG74x"" menjadi:
- hate speech
- non hate speech",non hate speech
2634,id_hatespeech,id_hatespeech_nusantara_text,2eca54a9-c261-4706-b9cc-cb387ecf6718,zs_text_classification,train,"Klasifikasikan teks berikut ""RT @TerorisSocmed: PENJARAKAN PENISTA AGAMA !!! ATAU @jokowi TURUN !!! https:\/\/t.co\/vqH0TNXaRz"" menjadi:
- hate speech
- non hate speech",non hate speech
2635,id_hatespeech,id_hatespeech_nusantara_text,2eca54a9-c261-4706-b9cc-cb387ecf6718,zs_text_classification,train,"Klasifikasikan teks berikut ""Si penista agama, Jaga mulut aja gabisa apalagi jaga jkt?"" menjadi:
- hate speech
- non hate speech",non hate speech
2636,id_hatespeech,id_hatespeech_nusantara_text,2eca54a9-c261-4706-b9cc-cb387ecf6718,zs_text_classification,train,"Klasifikasikan teks berikut ""Ahok : program paslon no. 1 ini programnya ngambang | yaiyalah pakkk gak ada program diaa cma ada celaan #DebatFinalPilkadaJKT"" menjadi:
- hate speech
- non hate speech",non hate speech
2637,id_hatespeech,id_hatespeech_nusantara_text,2eca54a9-c261-4706-b9cc-cb387ecf6718,zs_text_classification,train,"Klasifikasikan teks berikut ""Akui saja Ahok dan Djarot kalian gagal atasi banjir.Orang kena banjir anda sibuk sidang kasus penista agama"" menjadi:
- hate speech
- non hate speech",non hate speech
2638,id_hatespeech,id_hatespeech_nusantara_text,2eca54a9-c261-4706-b9cc-cb387ecf6718,zs_text_classification,train,"Klasifikasikan teks berikut ""RT @87_julay: Iyaa... Ahog Ngak pantes jadi pemimpin.. Pantesnya penista agama dipenjarakan!!! https:\/\/t.co\/YhhO40QWXS"" menjadi:
- hate speech
- non hate speech",non hate speech
2639,id_hatespeech,id_hatespeech_nusantara_text,2eca54a9-c261-4706-b9cc-cb387ecf6718,zs_text_classification,train,"Klasifikasikan teks berikut ""RT @wongawas: Overdosis @Metro_TV membela penista agama. https:\/\/t.co\/i84RARpy5w"" menjadi:
- hate speech
- non hate speech",non hate speech
2640,id_hatespeech,id_hatespeech_nusantara_text,2eca54a9-c261-4706-b9cc-cb387ecf6718,zs_text_classification,train,"Klasifikasikan teks berikut ""Kaga masuk diakal kite kalo suara seorang penista agama yg dah dikutuk ame umat islam suara nye bisa tinggi, emang sengaja ditinggiin tuh"" menjadi:
- hate speech
- non hate speech",non hate speech
2641,id_hatespeech,id_hatespeech_nusantara_text,2eca54a9-c261-4706-b9cc-cb387ecf6718,zs_text_classification,train,"Klasifikasikan teks berikut ""RT @andreobz: Pantasan di pecat dr menteri...data2 aj ngawur dan memkasakan betul..hahaha #AhokPastiTumbang #paslon3 #pilgubdki"" menjadi:
- hate speech
- non hate speech",non hate speech
2642,id_hatespeech,id_hatespeech_nusantara_text,2eca54a9-c261-4706-b9cc-cb387ecf6718,zs_text_classification,train,"Klasifikasikan teks berikut ""RT @BangsaPenguasa: Penjarakan ahoax penista agama atau jokowi turun.#KonsolidasiDewanPKB https:\/\/t.co\/XoW5eakIsk"" menjadi:
- hate speech
- non hate speech",non hate speech
2643,id_hatespeech,id_hatespeech_nusantara_text,2eca54a9-c261-4706-b9cc-cb387ecf6718,zs_text_classification,train,"Klasifikasikan teks berikut ""Napa dibiarin tim si penista agama maen curang maren, emang sengaja dibiarin biar ntar digaplok umat islam rame2 se jakarta tuh penista"" menjadi:
- hate speech
- non hate speech",non hate speech
2644,id_hatespeech,id_hatespeech_nusantara_text,2eca54a9-c261-4706-b9cc-cb387ecf6718,zs_text_classification,train,"Klasifikasikan teks berikut ""Hahahahhahaa silvy ohh silvy cacingan amat loe ahhh wkwkwkwkwkk #DebatFinalPilkadaJKT"" menjadi:
- hate speech
- non hate speech",non hate speech
2645,id_hatespeech,id_hatespeech_nusantara_text,2eca54a9-c261-4706-b9cc-cb387ecf6718,zs_text_classification,train,"Klasifikasikan teks berikut ""RT @Rakyat_Angin: Ahok Taik. \""MENFITNAH\"". Emang lu tukang caci maki perempuannn!! Asuuu #AhokPastiTumbang #DebatFinalPilkadaJKT"" menjadi:
- hate speech
- non hate speech",non hate speech
2646,id_hatespeech,id_hatespeech_nusantara_text,2eca54a9-c261-4706-b9cc-cb387ecf6718,zs_text_classification,train,"Klasifikasikan teks berikut ""RT @HasanArisandi: #AhokPastiTumbang fakta di bilang fitnah\n#DebatFinalPilkadaJKT"" menjadi:
- hate speech
- non hate speech",non hate speech
2647,id_hatespeech,id_hatespeech_nusantara_text,2eca54a9-c261-4706-b9cc-cb387ecf6718,zs_text_classification,train,"Klasifikasikan teks berikut ""Shame on you silvy !! Ga malu fitnah?? Tuh rasain pak ahok panas, skak mat #DebatFinalPilkadaJKT"" menjadi:
- hate speech
- non hate speech",non hate speech
2648,id_hatespeech,id_hatespeech_nusantara_text,2eca54a9-c261-4706-b9cc-cb387ecf6718,zs_text_classification,train,"Klasifikasikan teks berikut ""Bu silvi anti pns level rendah katanya #DebatFinalPilkadaJKT"" menjadi:
- hate speech
- non hate speech",non hate speech
2649,id_hatespeech,id_hatespeech_nusantara_text,2eca54a9-c261-4706-b9cc-cb387ecf6718,zs_text_classification,train,"Klasifikasikan teks berikut ""RT @AnnisaFYtr: Hanya Orang Islam Yang Bodoh dan Goblok Yang Memilik Ahok! #DebatFinalPilkadaJKT"" menjadi:
- hate speech
- non hate speech",non hate speech
2650,id_hatespeech,id_hatespeech_nusantara_text,2eca54a9-c261-4706-b9cc-cb387ecf6718,zs_text_classification,train,"Klasifikasikan teks berikut ""@DivHumasHansip: fitnah FPI pecah adalah ulah ahoker yg melihat elektabilitas ahok tinggal 10%,mereka kelojotan melihat MUI+NU+Muhammadi"" menjadi:
- hate speech
- non hate speech",non hate speech
2651,id_hatespeech,id_hatespeech_nusantara_text,2eca54a9-c261-4706-b9cc-cb387ecf6718,zs_text_classification,train,"Klasifikasikan teks berikut ""Norak banget iklan mantan mendikbud @aniesbaswedan ini. Tambah gak respech.. inilah tenun kebangsaan yg dia maksud.\u2026 https:\/\/t.co\/Ux7HEYkBLG"" menjadi:
- hate speech
- non hate speech",non hate speech
2652,id_hatespeech,id_hatespeech_nusantara_text,2eca54a9-c261-4706-b9cc-cb387ecf6718,zs_text_classification,train,"Klasifikasikan teks berikut ""RT @DivHumasHansip: yg nebar kebencian itu ahok mbak,masa mbak gak tau sih sampai dia jadi terdakwa loh @AnizzahGedrun"" menjadi:
- hate speech
- non hate speech",non hate speech
2653,id_hatespeech,id_hatespeech_nusantara_text,2eca54a9-c261-4706-b9cc-cb387ecf6718,zs_text_classification,train,"Klasifikasikan teks berikut ""pertanyaan dari Bu Sylvi gak mutu amat. #DebatFinalPilkadaJKT"" menjadi:
- hate speech
- non hate speech",non hate speech
2654,id_hatespeech,id_hatespeech_nusantara_text,2eca54a9-c261-4706-b9cc-cb387ecf6718,zs_text_classification,train,"Klasifikasikan teks berikut ""Huuu sylvi tak tahu apa-apa asal ngoceh #NobarAhokDjarot #DebatFinalPilkadaJKT"" menjadi:
- hate speech
- non hate speech",non hate speech
2655,id_hatespeech,id_hatespeech_nusantara_text,2eca54a9-c261-4706-b9cc-cb387ecf6718,zs_text_classification,train,"Klasifikasikan teks berikut ""Sylvi keliatan bloonnya #DebatFinalPilkadaJKT"" menjadi:
- hate speech
- non hate speech",non hate speech
2656,id_hatespeech,id_hatespeech_nusantara_text,2eca54a9-c261-4706-b9cc-cb387ecf6718,zs_text_classification,train,"Klasifikasikan teks berikut ""RT @WanitaRevolusi: Ahoax penista agama kembali mengolok olok surat AL-MAIDAH 51. Cc @Dahnilanzar"" menjadi:
- hate speech
- non hate speech",non hate speech
2657,id_hatespeech,id_hatespeech_nusantara_text,2eca54a9-c261-4706-b9cc-cb387ecf6718,zs_text_classification,train,"Klasifikasikan teks berikut ""#JakartaBanjir Pemimpinnya gak punya akhlak yg baik... PENISTA AGAMA."" menjadi:
- hate speech
- non hate speech",non hate speech
2658,id_hatespeech,id_hatespeech_nusantara_text,2eca54a9-c261-4706-b9cc-cb387ecf6718,zs_text_classification,train,"Klasifikasikan teks berikut ""#DebatFinalPilkadaJKT mati kau hok"" menjadi:
- hate speech
- non hate speech",non hate speech
2659,id_hatespeech,id_hatespeech_nusantara_text,2eca54a9-c261-4706-b9cc-cb387ecf6718,zs_text_classification,train,"Klasifikasikan teks berikut ""Yg ga punya program bisanya cuma fitnah. Ciri Orang yg demen ngambil kjp kontan #DebatFinalPilkadaJKT"" menjadi:
- hate speech
- non hate speech",non hate speech
2660,id_hatespeech,id_hatespeech_nusantara_text,2eca54a9-c261-4706-b9cc-cb387ecf6718,zs_text_classification,train,"Klasifikasikan teks berikut ""Mpok silvi nyinyir melulu pertanyaan nya tapi sayang sesat! Maklum sih dese emakemak! #DebatFinalDKI #DebatFinalPilkadaJKT"" menjadi:
- hate speech
- non hate speech",non hate speech
2661,id_hatespeech,id_hatespeech_nusantara_text,2eca54a9-c261-4706-b9cc-cb387ecf6718,zs_text_classification,train,"Klasifikasikan teks berikut ""RT @bajigurceleng: @jpnncom hahaha jelas2 buat pilkada dasar polisi made in cina pelindung penista agama"" menjadi:
- hate speech
- non hate speech",non hate speech
2662,id_hatespeech,id_hatespeech_nusantara_text,2eca54a9-c261-4706-b9cc-cb387ecf6718,zs_text_classification,train,"Klasifikasikan teks berikut ""Kurangnya pemberdayaan wanita DKI Jakarta bisa dilihat dari telaknya perbedaan warna muka dan warna tangan mpok sylvi #DebatFinalPilkadaJKT"" menjadi:
- hate speech
- non hate speech",non hate speech
2663,id_hatespeech,id_hatespeech_nusantara_text,2eca54a9-c261-4706-b9cc-cb387ecf6718,zs_text_classification,train,"Klasifikasikan teks berikut ""Agus silvy Tukang Fitnah #DebatFinalPilkadaJKT"" menjadi:
- hate speech
- non hate speech",non hate speech
2664,id_hatespeech,id_hatespeech_nusantara_text,2eca54a9-c261-4706-b9cc-cb387ecf6718,zs_text_classification,train,"Klasifikasikan teks berikut ""#DebatFinalPilkadaJKT yaudah gus sini kalo ga sakit secara fisik daripada verbal gw gebukin lo rame2"" menjadi:
- hate speech
- non hate speech",non hate speech
2665,id_hatespeech,id_hatespeech_nusantara_text,2eca54a9-c261-4706-b9cc-cb387ecf6718,zs_text_classification,train,"Klasifikasikan teks berikut ""Keluarga kita gak ada yg maling coyy gak perlu trauma kaleeeee emang kluarga ente?"" menjadi:
- hate speech
- non hate speech",non hate speech
2666,id_hatespeech,id_hatespeech_nusantara_text,2eca54a9-c261-4706-b9cc-cb387ecf6718,zs_text_classification,train,"Klasifikasikan teks berikut ""JG KAITKAN JOKOWI DENGAN AHOK KATA JOHAN BUDI. KATA KAMI. SEBAB JOKOWI ANJING. SEDANGKAN AHOK BABI. YA JELAS BERBEDA. WALAUPUN OTAKNYA SAMA"" menjadi:
- hate speech
- non hate speech",non hate speech
2667,id_hatespeech,id_hatespeech_nusantara_text,2eca54a9-c261-4706-b9cc-cb387ecf6718,zs_text_classification,train,"Klasifikasikan teks berikut ""Bajingan lu silvy #DebatFinalPilkadaJKT"" menjadi:
- hate speech
- non hate speech",non hate speech
2668,id_hatespeech,id_hatespeech_nusantara_text,2eca54a9-c261-4706-b9cc-cb387ecf6718,zs_text_classification,train,"Klasifikasikan teks berikut ""Hasil Akhir, Menyatakan @jokowi Melindungi Ahok TERDAKWA PENISTA AGAMA !!!"" menjadi:
- hate speech
- non hate speech",non hate speech
2669,id_hatespeech,id_hatespeech_nusantara_text,2eca54a9-c261-4706-b9cc-cb387ecf6718,zs_text_classification,train,"Klasifikasikan teks berikut ""RT @SiBonekaKayu: Selepas banjir Jakarta 212 Pendukung Ahok mengganti narasi doa. Semua demi keuntungan Sang Penista Agama"" menjadi:
- hate speech
- non hate speech",non hate speech
2670,id_hatespeech,id_hatespeech_nusantara_text,2eca54a9-c261-4706-b9cc-cb387ecf6718,zs_text_classification,train,"Klasifikasikan teks berikut ""Tionghoa katanya kaya? Kok pada putus sekolah? Kebanyakan dugem?"" menjadi:
- hate speech
- non hate speech",non hate speech
2671,id_hatespeech,id_hatespeech_nusantara_text,2eca54a9-c261-4706-b9cc-cb387ecf6718,zs_text_classification,train,"Klasifikasikan teks berikut ""Gusur Ahok demi Indonesia. Teladan buruk pembangkangan hukum dan anti kemanusiaan di Jakarta jgn tertular ke daerah. #CoblosPecinya"" menjadi:
- hate speech
- non hate speech",non hate speech
2672,id_hatespeech,id_hatespeech_nusantara_text,2eca54a9-c261-4706-b9cc-cb387ecf6718,zs_text_classification,train,"Klasifikasikan teks berikut ""BUAT AHOKER YANG TAKUT MATINYA GG DISHOLATIN , TENANG ADA ABU JANDA UST GADUNGAN YG SIAP SHOLATIN AHOKER & JOKOWER"" menjadi:
- hate speech
- non hate speech",non hate speech
2673,id_hatespeech,id_hatespeech_nusantara_text,2eca54a9-c261-4706-b9cc-cb387ecf6718,zs_text_classification,train,"Klasifikasikan teks berikut ""Mampuuss ! Di tembak dalem banget silvyy .. lo urusin tuh dapurr ! Gak punya program demennya nyerang terus !!! #gue2 #DebatFinalPilkadaJKT"" menjadi:
- hate speech
- non hate speech",non hate speech
2674,id_hatespeech,id_hatespeech_nusantara_text,2eca54a9-c261-4706-b9cc-cb387ecf6718,zs_text_classification,train,"Klasifikasikan teks berikut ""Anjir baru kali ini lihat orang bego mau debat pilkada. Kerjanya nyerang karakter. Shame on you mpok silvy and agus. #DebatFinalPilkadaJKT"" menjadi:
- hate speech
- non hate speech",non hate speech
2675,id_hatespeech,id_hatespeech_nusantara_text,2eca54a9-c261-4706-b9cc-cb387ecf6718,zs_text_classification,train,"Klasifikasikan teks berikut ""Uang Taipan tuh. Nanti dibayar dengan ratusan penggusuran biadab oleh Ahok."" menjadi:
- hate speech
- non hate speech",non hate speech
2676,id_hatespeech,id_hatespeech_nusantara_text,2eca54a9-c261-4706-b9cc-cb387ecf6718,zs_text_classification,train,"Klasifikasikan teks berikut ""CINA ASU https:\/\/t.co\/zM1BsjAIHA"" menjadi:
- hate speech
- non hate speech",non hate speech
2677,id_hatespeech,id_hatespeech_nusantara_text,2eca54a9-c261-4706-b9cc-cb387ecf6718,zs_text_classification,train,"Klasifikasikan teks berikut ""Ketika ngomong, Sylvi keliatan oke. Tapi begitu didebat Ahok, Sylvi langsung kekuatan goblok."" menjadi:
- hate speech
- non hate speech",non hate speech
2678,id_hatespeech,id_hatespeech_nusantara_text,2eca54a9-c261-4706-b9cc-cb387ecf6718,zs_text_classification,train,"Klasifikasikan teks berikut ""Jangankan Banjir, Tuhan aja Dilawan Sama Ahok #JakartaBanjir Tapi Jakarta hari Ini Bukan Banjir, Hanya GENANGAN."" menjadi:
- hate speech
- non hate speech",non hate speech
2679,id_hatespeech,id_hatespeech_nusantara_text,2eca54a9-c261-4706-b9cc-cb387ecf6718,zs_text_classification,train,"Klasifikasikan teks berikut ""ADA PEMIMPIM PRIBUMI knp pilih PEMIMPIN IMPOR yg g BERADAB tukang BERBOHONG yuk PRIBUMIKAN DKI milik BANGSA IND @Gemacan70 @TerorisSocmed"" menjadi:
- hate speech
- non hate speech",non hate speech
2680,id_hatespeech,id_hatespeech_nusantara_text,2eca54a9-c261-4706-b9cc-cb387ecf6718,zs_text_classification,train,"Klasifikasikan teks berikut ""Karna dia ga punya program hanya modal bacot doang"" menjadi:
- hate speech
- non hate speech",non hate speech
2681,id_hatespeech,id_hatespeech_nusantara_text,2eca54a9-c261-4706-b9cc-cb387ecf6718,zs_text_classification,train,"Klasifikasikan teks berikut ""Pendukung berarti dia bagian dr penista agama tersebut!!! Dukung gerakan ini 100%"" menjadi:
- hate speech
- non hate speech",non hate speech
2682,id_hatespeech,id_hatespeech_nusantara_text,2eca54a9-c261-4706-b9cc-cb387ecf6718,zs_text_classification,train,"Klasifikasikan teks berikut ""Narkoba yg paling berbahaya adalah ILUSI KESUCIAN AHOK SANG PENISTA."" menjadi:
- hate speech
- non hate speech",non hate speech
2683,id_hatespeech,id_hatespeech_nusantara_text,2eca54a9-c261-4706-b9cc-cb387ecf6718,zs_text_classification,train,"Klasifikasikan teks berikut ""@tribunnews emang ahok siapa?? Orang penting?? Dia hanya penista agama!!"" menjadi:
- hate speech
- non hate speech",non hate speech
2684,id_hatespeech,id_hatespeech_nusantara_text,2eca54a9-c261-4706-b9cc-cb387ecf6718,zs_text_classification,train,"Klasifikasikan teks berikut ""cina mah duitnya dari hasil maling di Indonesia di balikin lgi berkedok invest plus bawa gembel2 & napi dari Cina negeri nenek moyang ahok"" menjadi:
- hate speech
- non hate speech",non hate speech
2685,id_hatespeech,id_hatespeech_nusantara_text,2eca54a9-c261-4706-b9cc-cb387ecf6718,zs_text_classification,train,"Klasifikasikan teks berikut ""Tangkap Ahok @basuki_btp skrng juga, koruptor reklamasi Jakarta dan penista Agama Islam."" menjadi:
- hate speech
- non hate speech",non hate speech
2686,id_hatespeech,id_hatespeech_nusantara_text,2eca54a9-c261-4706-b9cc-cb387ecf6718,zs_text_classification,train,"Klasifikasikan teks berikut ""keliatan banget bego nya mpok silvy and agus. #DebatFinalPilkadaJKT"" menjadi:
- hate speech
- non hate speech",non hate speech
2687,id_hatespeech,id_hatespeech_nusantara_text,2eca54a9-c261-4706-b9cc-cb387ecf6718,zs_text_classification,train,"Klasifikasikan teks berikut ""Yg Ahokers, Klo gak seneng ama cuitan gw silahkan unfollow krn gw Anti AHOK (Si Penista Agama Islam)"" menjadi:
- hate speech
- non hate speech",non hate speech
2688,id_hatespeech,id_hatespeech_nusantara_text,2eca54a9-c261-4706-b9cc-cb387ecf6718,zs_text_classification,train,"Klasifikasikan teks berikut ""AGAMA DI NISTAKAN! ULAMA DI LECEHKAN!! Ini Alasannya #HaramPemimpinKafir"" menjadi:
- hate speech
- non hate speech",non hate speech
2689,id_hatespeech,id_hatespeech_nusantara_text,2eca54a9-c261-4706-b9cc-cb387ecf6718,zs_text_classification,train,"Klasifikasikan teks berikut ""RT @FredyBastian3: Cara serang Ahok : Kafir galak"" menjadi:
- hate speech
- non hate speech",non hate speech
2690,id_hatespeech,id_hatespeech_nusantara_text,2eca54a9-c261-4706-b9cc-cb387ecf6718,zs_text_classification,train,"Klasifikasikan teks berikut ""@umnia77 @ruhutsitompul @sahal_as anjing2 ahok.kaum babi lo bnyk bacot.mnding duel sma gw."" menjadi:
- hate speech
- non hate speech",non hate speech
2691,id_hatespeech,id_hatespeech_nusantara_text,2eca54a9-c261-4706-b9cc-cb387ecf6718,zs_text_classification,train,"Klasifikasikan teks berikut ""Ahok memang verbalnya keras. Pelampiasan dan pelarian karena kelelakiannya lunak."" menjadi:
- hate speech
- non hate speech",non hate speech
2692,id_hatespeech,id_hatespeech_nusantara_text,2eca54a9-c261-4706-b9cc-cb387ecf6718,zs_text_classification,train,"Klasifikasikan teks berikut ""yg maling itu kan china2 babi BLBI , korupsi nya triliunan , termasuk si AHok korupsi 2 triliun.."" menjadi:
- hate speech
- non hate speech",non hate speech
2693,id_hatespeech,id_hatespeech_nusantara_text,2eca54a9-c261-4706-b9cc-cb387ecf6718,zs_text_classification,train,"Klasifikasikan teks berikut ""Mimpi djan farid jakarta lebih islami dari aceh jika ahok terpilih itu ibarat babi merindukan halal"" menjadi:
- hate speech
- non hate speech",non hate speech
2694,id_hatespeech,id_hatespeech_nusantara_text,2eca54a9-c261-4706-b9cc-cb387ecf6718,zs_text_classification,train,"Klasifikasikan teks berikut ""@KompasTV @ridwankamil ridwal kamil memang hebat dan top nggak kaya ahok tukang penista agama dan koruptor"" menjadi:
- hate speech
- non hate speech",non hate speech
2695,id_hatespeech,id_hatespeech_nusantara_text,2eca54a9-c261-4706-b9cc-cb387ecf6718,zs_text_classification,train,"Klasifikasikan teks berikut ""@TPK_RI ITULAH si ahok kutil babi"" menjadi:
- hate speech
- non hate speech",non hate speech
2696,id_hatespeech,id_hatespeech_nusantara_text,2eca54a9-c261-4706-b9cc-cb387ecf6718,zs_text_classification,train,"Klasifikasikan teks berikut ""Dasar si Kutil babi ahok memang Tukang Bohong. selain Bohong ahok jg biasa Menyalahkan yg lain menutupi Kegagalan nya . contoh soal banjir"" menjadi:
- hate speech
- non hate speech",non hate speech
2697,id_hatespeech,id_hatespeech_nusantara_text,2eca54a9-c261-4706-b9cc-cb387ecf6718,zs_text_classification,train,"Klasifikasikan teks berikut ""@PonkEcha @Fahrihamzah Si Terdakwa Penista Agama Alias Si Ahok Babi Jamban tuh yang Morfotin Uang Rakyat Jakarta"" menjadi:
- hate speech
- non hate speech",non hate speech
2698,id_hatespeech,id_hatespeech_nusantara_text,2eca54a9-c261-4706-b9cc-cb387ecf6718,zs_text_classification,train,"Klasifikasikan teks berikut ""Om...Ahoknya...Mana Om,Katanya Si BABi Ahok Bisa Ngatasi Banjir...Om...BABi Jgn Membual Om...?!!?"" menjadi:
- hate speech
- non hate speech",non hate speech
2699,id_hatespeech,id_hatespeech_nusantara_text,2eca54a9-c261-4706-b9cc-cb387ecf6718,zs_text_classification,train,"Klasifikasikan teks berikut ""kenapa anak babi jalan nya nunduk???karena malu liat ulah bapak nya yang ngebelain ahok.."" menjadi:
- hate speech
- non hate speech",non hate speech
2700,id_hatespeech,id_hatespeech_nusantara_text,2eca54a9-c261-4706-b9cc-cb387ecf6718,zs_text_classification,train,"Klasifikasikan teks berikut ""Perilaku Si BABI @jokoanwar ini memang benci dgn hal berbau Islam. Cocok dgn Ahok. @SiBonekaKayu"" menjadi:
- hate speech
- non hate speech",non hate speech
2701,id_hatespeech,id_hatespeech_nusantara_text,2eca54a9-c261-4706-b9cc-cb387ecf6718,zs_text_classification,train,"Klasifikasikan teks berikut ""@budimandjatmiko ahok si kutil babi kembali ke rumah lembang kenapa jakarta jadi banjir bud?"" menjadi:
- hate speech
- non hate speech",non hate speech
2702,id_hatespeech,id_hatespeech_nusantara_text,2eca54a9-c261-4706-b9cc-cb387ecf6718,zs_text_classification,train,"Klasifikasikan teks berikut ""#jujur orang cerdas dan pintar pilih orang imam dan mampu memimpin ..bisa sholat...bisa ngaji..santun, sopan..tidak seperti babi kafir ahok"" menjadi:
- hate speech
- non hate speech",non hate speech
2703,id_hatespeech,id_hatespeech_nusantara_text,2eca54a9-c261-4706-b9cc-cb387ecf6718,zs_text_classification,train,"Klasifikasikan teks berikut ""Teman Ahok emank TAI. apalagi pemimpinnya kek BABI! @temanahok"" menjadi:
- hate speech
- non hate speech",non hate speech
2704,id_hatespeech,id_hatespeech_nusantara_text,2eca54a9-c261-4706-b9cc-cb387ecf6718,zs_text_classification,train,"Klasifikasikan teks berikut ""Mana para babi ahok yg ngejek onta, biar di injek2 ama onta"" menjadi:
- hate speech
- non hate speech",non hate speech
2705,id_hatespeech,id_hatespeech_nusantara_text,2eca54a9-c261-4706-b9cc-cb387ecf6718,zs_text_classification,train,"Klasifikasikan teks berikut ""@gotcancer2 bukannya stigma babi itu milik tuhan elu si ahok kafir"" menjadi:
- hate speech
- non hate speech",non hate speech
2706,id_hatespeech,id_hatespeech_nusantara_text,2eca54a9-c261-4706-b9cc-cb387ecf6718,zs_text_classification,train,"Klasifikasikan teks berikut ""Kampungan ya pendukung AHY https:\/\/t.co\/GmezpOYLsY"" menjadi:
- hate speech
- non hate speech",non hate speech
2707,id_hatespeech,id_hatespeech_nusantara_text,2eca54a9-c261-4706-b9cc-cb387ecf6718,zs_text_classification,train,"Klasifikasikan teks berikut ""@Ananda_harahaP udah lu jgn panik gitu. ahok si kutil babi bakal tumbang kok di putaran kedua. teruskan cuapcuap mu di sosmed, gak ngaruh."" menjadi:
- hate speech
- non hate speech",non hate speech
2708,id_hatespeech,id_hatespeech_nusantara_text,2eca54a9-c261-4706-b9cc-cb387ecf6718,zs_text_classification,train,"Klasifikasikan teks berikut ""ahok tidak layak seperti manusia, dia lebih tepat seperti babi yg tidak punya akal pikiran dan jiwa manusiawi"" menjadi:
- hate speech
- non hate speech",non hate speech
2709,id_hatespeech,id_hatespeech_nusantara_text,2eca54a9-c261-4706-b9cc-cb387ecf6718,zs_text_classification,train,"Klasifikasikan teks berikut ""@haloJakarta Ahok (BTP) Basuki Tai Babi"" menjadi:
- hate speech
- non hate speech",non hate speech
2710,id_hatespeech,id_hatespeech_nusantara_text,2eca54a9-c261-4706-b9cc-cb387ecf6718,zs_text_classification,train,"Klasifikasikan teks berikut ""RT @diyahaudya: @yusuf_dumdum Yg ada, cacimaki penista agama tapi ternyata ketauan poligami ngumpet2. Apa mau digituin? Saya sih ogah."" menjadi:
- hate speech
- non hate speech",non hate speech
2711,id_hatespeech,id_hatespeech_nusantara_text,2eca54a9-c261-4706-b9cc-cb387ecf6718,zs_text_classification,train,"Klasifikasikan teks berikut ""@adichandramang2 @CummaRachel @korban_gusur iya , trump memang penista agama atau anti islam emang hubungannya dgn anis apa?"" menjadi:
- hate speech
- non hate speech",non hate speech
2712,id_hatespeech,id_hatespeech_nusantara_text,2eca54a9-c261-4706-b9cc-cb387ecf6718,zs_text_classification,train,"Klasifikasikan teks berikut ""@adichandramang2\nAda aseng KOPLO pembela si PENISTA AGAMA yg durjana nyuruh org lain ngaji!"" menjadi:
- hate speech
- non hate speech",non hate speech
2713,id_hatespeech,id_hatespeech_nusantara_text,2eca54a9-c261-4706-b9cc-cb387ecf6718,zs_text_classification,train,"Klasifikasikan teks berikut ""@bayprio Itulah kebodohan para penista agama, sudah saatnya pilih pemimpin yg mengerjakan shalat 5 waktu"" menjadi:
- hate speech
- non hate speech",non hate speech
2714,id_hatespeech,id_hatespeech_nusantara_text,2eca54a9-c261-4706-b9cc-cb387ecf6718,zs_text_classification,train,"Klasifikasikan teks berikut ""@iwanfals pilih Anis sandi doong..jgn pilih si penista agama pemecah NKRI"" menjadi:
- hate speech
- non hate speech",non hate speech
2715,id_hatespeech,id_hatespeech_nusantara_text,2eca54a9-c261-4706-b9cc-cb387ecf6718,zs_text_classification,train,"Klasifikasikan teks berikut ""@posmetroinfo Emang terdakwa penista agama, salahnya dimana coba, kl yg biasa bikin hoax metrotipu aman2 aja tuh dewan peres"" menjadi:
- hate speech
- non hate speech",non hate speech
2716,id_hatespeech,id_hatespeech_nusantara_text,2eca54a9-c261-4706-b9cc-cb387ecf6718,zs_text_classification,train,"Klasifikasikan teks berikut ""@RamadanMalka Pamor RK jadi seakan tak ada artinya jika parpol pengusungnya pendukung penista agama..."" menjadi:
- hate speech
- non hate speech",non hate speech
2717,id_hatespeech,id_hatespeech_nusantara_text,2eca54a9-c261-4706-b9cc-cb387ecf6718,zs_text_classification,train,"Klasifikasikan teks berikut ""@RestySeterah si ahok pantasnya dinobatkan sbgai Babi ngepret"" menjadi:
- hate speech
- non hate speech",non hate speech
2718,id_hatespeech,id_hatespeech_nusantara_text,2eca54a9-c261-4706-b9cc-cb387ecf6718,zs_text_classification,train,"Klasifikasikan teks berikut ""@roninpribumi @dewanpers yg salah itu mereka menulis TERDAKWA PENISTA AGAMA,coba klo ditulis BAGINDA YANG MULIA pasti ga masalah..cuih.."" menjadi:
- hate speech
- non hate speech",non hate speech
2719,id_hatespeech,id_hatespeech_nusantara_text,2eca54a9-c261-4706-b9cc-cb387ecf6718,zs_text_classification,train,"Klasifikasikan teks berikut ""Faktanya Cina2 parasit tuh ngotot belain si penista Agama @PradanaBhakti @IrianaPasirua @PutraSumedang18 @khoirulilham12 @ronavioleta"" menjadi:
- hate speech
- non hate speech",non hate speech
2720,id_hatespeech,id_hatespeech_nusantara_text,2eca54a9-c261-4706-b9cc-cb387ecf6718,zs_text_classification,train,"Klasifikasikan teks berikut ""jokowi ratu adil apaan..??? dia ga ada keturunan darah biruadanya DARAH KOTOR cina babi..!!! https://t.co/JtwFRRdLF4"" menjadi:
- hate speech
- non hate speech",non hate speech
2721,id_hatespeech,id_hatespeech_nusantara_text,2eca54a9-c261-4706-b9cc-cb387ecf6718,zs_text_classification,train,"Klasifikasikan teks berikut ""RT @RestySeterah: Keren nih apps kawal TPS .. Yuk gabung buat pastikan cagub terdakwa penista Agama lebih cepat diantar kehabitatnya"" menjadi:
- hate speech
- non hate speech",non hate speech
2722,id_hatespeech,id_hatespeech_nusantara_text,2eca54a9-c261-4706-b9cc-cb387ecf6718,zs_text_classification,train,"Klasifikasikan teks berikut ""Kalau lo gak tau apa-apa ya jangan berkoar sembarangan dong, keliatan banget kalau lo itu beneran bego :)) #FuckYou"" menjadi:
- hate speech
- non hate speech",non hate speech
2723,id_hatespeech,id_hatespeech_nusantara_text,2eca54a9-c261-4706-b9cc-cb387ecf6718,zs_text_classification,train,"Klasifikasikan teks berikut ""@AHMADDHANIPRAST ahmad dhani yang terhormat paling babi paling anjing aing kontol paling lonte tungu saat nya karier mu akan habis!!!!"" menjadi:
- hate speech
- non hate speech",non hate speech
2724,id_hatespeech,id_hatespeech_nusantara_text,2eca54a9-c261-4706-b9cc-cb387ecf6718,zs_text_classification,train,"Klasifikasikan teks berikut ""Kang @ridwankamil ,fakta hari ini,partai pendukung si penista agama sangat dibenci rakyat,termasuk rakyat Jabar. https://t.co/b2WetyvrbZ"" menjadi:
- hate speech
- non hate speech",non hate speech
2725,id_hatespeech,id_hatespeech_nusantara_text,2eca54a9-c261-4706-b9cc-cb387ecf6718,zs_text_classification,train,"Klasifikasikan teks berikut ""plis jangan sok kecantikan selalu pacarin artis2 yang lagi meletek, jijik gw liatnya"" menjadi:
- hate speech
- non hate speech",non hate speech
2726,id_hatespeech,id_hatespeech_nusantara_text,2eca54a9-c261-4706-b9cc-cb387ecf6718,zs_text_classification,train,"Klasifikasikan teks berikut ""paling mau muntah liat lagak nya @AHMADDHANIPRAST, jadi orang sok iye banget hoek"" menjadi:
- hate speech
- non hate speech",non hate speech
2727,id_hatespeech,id_hatespeech_nusantara_text,2eca54a9-c261-4706-b9cc-cb387ecf6718,zs_text_classification,train,"Klasifikasikan teks berikut ""@Metro_TV kalau boleh saya ngomong ingin saya katakan ahmad dhani monyet babi anjing. tapi itu tidak boleh"" menjadi:
- hate speech
- non hate speech",non hate speech
2728,id_hatespeech,id_hatespeech_nusantara_text,2eca54a9-c261-4706-b9cc-cb387ecf6718,zs_text_classification,train,"Klasifikasikan teks berikut ""perempuan kaya lo mending mati aja deh, jelek aja, gausa sok jadi make up artist!"" menjadi:
- hate speech
- non hate speech",non hate speech
2729,id_hatespeech,id_hatespeech_nusantara_text,2eca54a9-c261-4706-b9cc-cb387ecf6718,zs_text_classification,train,"Klasifikasikan teks berikut ""ahmad dhani itu borok, sampah, babi, anjing. Saya adalah orang pertama yg sangat muak liat muka dhani dan saya berbangga."" menjadi:
- hate speech
- non hate speech",non hate speech
2730,id_hatespeech,id_hatespeech_nusantara_text,2eca54a9-c261-4706-b9cc-cb387ecf6718,zs_text_classification,train,"Klasifikasikan teks berikut ""Lah emang sdh jelas2 si ahok terdakwa penista agama. Malu woy! https://t.co/2K0HlMpR9t"" menjadi:
- hate speech
- non hate speech",non hate speech
2731,id_hatespeech,id_hatespeech_nusantara_text,2eca54a9-c261-4706-b9cc-cb387ecf6718,zs_text_classification,train,"Klasifikasikan teks berikut ""Keputusan ERKA hari ini harus kita HORMATI, begitupun sebaliknya KAMI tidak akan memilih partai pendukung PENISTA AGAMA."" menjadi:
- hate speech
- non hate speech",non hate speech
2732,id_hatespeech,id_hatespeech_nusantara_text,2eca54a9-c261-4706-b9cc-cb387ecf6718,zs_text_classification,train,"Klasifikasikan teks berikut ""Lupakan @ridwankamil biarkan karam dg kapal munafiknya. kita bangun jabar dg kapal yg bersih. Delete partai pendukung penista agama dari hati"" menjadi:
- hate speech
- non hate speech",non hate speech
2733,id_hatespeech,id_hatespeech_nusantara_text,2eca54a9-c261-4706-b9cc-cb387ecf6718,zs_text_classification,train,"Klasifikasikan teks berikut ""Masalah dunia dan masalah nafsu ya kang @ridwankamil . Kata2 kok bersayap kayak burung hantu. https://t.co/mwClbkU4sT"" menjadi:
- hate speech
- non hate speech",non hate speech
2734,id_hatespeech,id_hatespeech_nusantara_text,2eca54a9-c261-4706-b9cc-cb387ecf6718,zs_text_classification,train,"Klasifikasikan teks berikut ""Penista Agama menjadi Santri Kehormatan.Yang kasih ini ke ahok otaknya perlu direparasi.Demi Pulkada nama Santri yg baik kailan jual belikan"" menjadi:
- hate speech
- non hate speech",non hate speech
2735,id_hatespeech,id_hatespeech_nusantara_text,2eca54a9-c261-4706-b9cc-cb387ecf6718,zs_text_classification,train,"Klasifikasikan teks berikut ""Payah banget @ridwankamil maju Jabar1 pakai partai Nasdem pendukung penista agama, ente lagi butuh uang ya kang? Payah loe!!"" menjadi:
- hate speech
- non hate speech",non hate speech
2736,id_hatespeech,id_hatespeech_nusantara_text,2eca54a9-c261-4706-b9cc-cb387ecf6718,zs_text_classification,train,"Klasifikasikan teks berikut ""polisi yg jadi imam sholat ini adalah seorang penista agama, bodoh, BERISLAM cuma ikut2an. COPOT KAPOLRES JAKBAR !! https://t.co/s2h2Ybrthm"" menjadi:
- hate speech
- non hate speech",non hate speech
2737,id_hatespeech,id_hatespeech_nusantara_text,2eca54a9-c261-4706-b9cc-cb387ecf6718,zs_text_classification,train,"Klasifikasikan teks berikut ""RT @ferdyfrodoo: @bayprio Itulah kebodohan para penista agama, sudah saatnya pilih pemimpin yg mengerjakan shalat 5 waktu"" menjadi:
- hate speech
- non hate speech",non hate speech
2738,id_hatespeech,id_hatespeech_nusantara_text,2eca54a9-c261-4706-b9cc-cb387ecf6718,zs_text_classification,train,"Klasifikasikan teks berikut ""RT @Ra_Ria_Rana: GAK HABIS PIKIR???\n\nTINGGAL NUNGGU ADZAB ALLAH NIH NEGERI,,,, PEMIMPINNYA SDH DZALIM https://t.co/UmZK4bTyi4"" menjadi:
- hate speech
- non hate speech",non hate speech
2739,id_hatespeech,id_hatespeech_nusantara_text,2eca54a9-c261-4706-b9cc-cb387ecf6718,zs_text_classification,train,"Klasifikasikan teks berikut ""Sini lu, kami enggak mau kampung kami didatangi sama penista agama, https://t.co/1z3MtHs9ck"" menjadi:
- hate speech
- non hate speech",non hate speech
2740,id_hatespeech,id_hatespeech_nusantara_text,2eca54a9-c261-4706-b9cc-cb387ecf6718,zs_text_classification,train,"Klasifikasikan teks berikut ""SETUJU SAYA,KLAU AHOK DAPAT GELAR SANTRI KEHORMATAN.... TAPI SANTRI KEHORMATAN BABI.... https://t.co/uD16d7Gwhd"" menjadi:
- hate speech
- non hate speech",non hate speech
2741,id_hatespeech,id_hatespeech_nusantara_text,2eca54a9-c261-4706-b9cc-cb387ecf6718,zs_text_classification,train,"Klasifikasikan teks berikut ""Senang dong ada yg fans mati sampai lupa kalau dia bego banget https://t.co/ctJFC5a8Zz"" menjadi:
- hate speech
- non hate speech",non hate speech
2742,id_hatespeech,id_hatespeech_nusantara_text,2eca54a9-c261-4706-b9cc-cb387ecf6718,zs_text_classification,train,"Klasifikasikan teks berikut ""@AHMADDHANIPRAST LO TUH BABI ANJING. Mampus kalah jatuh miskin deh #bekasisah"" menjadi:
- hate speech
- non hate speech",non hate speech
2743,id_hatespeech,id_hatespeech_nusantara_text,2eca54a9-c261-4706-b9cc-cb387ecf6718,zs_text_classification,train,"Klasifikasikan teks berikut ""@bayprio : Si AHOAK @basuki_btp CINA ANJING KAFIR PENISTA AGAMA ISLAM....!!!"" menjadi:
- hate speech
- non hate speech",non hate speech
2744,id_hatespeech,id_hatespeech_nusantara_text,2eca54a9-c261-4706-b9cc-cb387ecf6718,zs_text_classification,train,"Klasifikasikan teks berikut ""@AHMADDHANIPRAST aku katakan anjing kpd ahmad dani, boleh....aku katakan babi kpd ahmad dhani, boleh..."" menjadi:
- hate speech
- non hate speech",non hate speech
2745,id_hatespeech,id_hatespeech_nusantara_text,2eca54a9-c261-4706-b9cc-cb387ecf6718,zs_text_classification,train,"Klasifikasikan teks berikut ""@Bisniscom haha memaki untuk melawan mah harus, drpd ditindas pemimpin munafik melindungi penista agama, dll. Agama no 1 (islam), taubat rot"" menjadi:
- hate speech
- non hate speech",non hate speech
2746,id_hatespeech,id_hatespeech_nusantara_text,2eca54a9-c261-4706-b9cc-cb387ecf6718,zs_text_classification,train,"Klasifikasikan teks berikut ""@Anakran63208433 @5ec4a1e80d3c48c @aniesbaswedan pikiran anak bani kampret g beda jauh sma penista agama. Penfitnah, Penipu Dan Garong.."" menjadi:
- hate speech
- non hate speech",non hate speech
2747,id_hatespeech,id_hatespeech_nusantara_text,2eca54a9-c261-4706-b9cc-cb387ecf6718,zs_text_classification,train,"Klasifikasikan teks berikut ""@Gemacan70 itu yg cewe pake kerudung ngapain ya? Setiap kali konfrensi pers ada aja.. Pencitraan Islami kaliiii... Bwahaha..!!"" menjadi:
- hate speech
- non hate speech",non hate speech
2748,id_hatespeech,id_hatespeech_nusantara_text,2eca54a9-c261-4706-b9cc-cb387ecf6718,zs_text_classification,train,"Klasifikasikan teks berikut ""@republikaonline spt ahok dulu .. nasdem disusul dg cs nya .. yg mendukung paslon penista agama dan tukang caci maki tai tai .."" menjadi:
- hate speech
- non hate speech",non hate speech
2749,id_hatespeech,id_hatespeech_nusantara_text,2eca54a9-c261-4706-b9cc-cb387ecf6718,zs_text_classification,train,"Klasifikasikan teks berikut ""@topan_julian1 kalo mecin jangan dijadiin cemilan mangkannya kang. Jadi begonya bego banget."" menjadi:
- hate speech
- non hate speech",non hate speech
2750,id_hatespeech,id_hatespeech_nusantara_text,2eca54a9-c261-4706-b9cc-cb387ecf6718,zs_text_classification,train,"Klasifikasikan teks berikut ""@ulinyusron cm didoain kalau saya mah ketemu si penista agama langsung saya ceburin laut yg direklamasi ijin sembunyi2 buat tumbal reklamasi"" menjadi:
- hate speech
- non hate speech",non hate speech
2751,id_hatespeech,id_hatespeech_nusantara_text,2eca54a9-c261-4706-b9cc-cb387ecf6718,zs_text_classification,train,"Klasifikasikan teks berikut ""@ymerdeka33 @ach_qodr @basuki_btp cabe2an bisa nya hanya bbm.n facrbook.n!! Masalah politik mana tau doi, tau nya berita2 sampah pencitraan"" menjadi:
- hate speech
- non hate speech",non hate speech
2752,id_hatespeech,id_hatespeech_nusantara_text,2eca54a9-c261-4706-b9cc-cb387ecf6718,zs_text_classification,train,"Klasifikasikan teks berikut ""INI MANUSIA APA ANJING MATI-MATIAN RELA JADI MURTADZ DEMI BABI AHOK KAFIR. https://t.co/2XXN5CFdVM"" menjadi:
- hate speech
- non hate speech",non hate speech
2753,id_hatespeech,id_hatespeech_nusantara_text,2eca54a9-c261-4706-b9cc-cb387ecf6718,zs_text_classification,train,"Klasifikasikan teks berikut ""ini semua berawal dari AHOK JAMBAN yg dibela aparat, para kristen serta china kafir yang lain semakin berani menghi https://t.co/qUutkrlsP3"" menjadi:
- hate speech
- non hate speech",non hate speech
2754,id_hatespeech,id_hatespeech_nusantara_text,2eca54a9-c261-4706-b9cc-cb387ecf6718,zs_text_classification,train,"Klasifikasikan teks berikut ""Kami lebih resah anda jd presiden!!!! hidup anda penuh drama dan pencitraan, main FTV aja joko judulnya https://t.co/T2BUgLTnUO"" menjadi:
- hate speech
- non hate speech",non hate speech
2755,id_hatespeech,id_hatespeech_nusantara_text,2eca54a9-c261-4706-b9cc-cb387ecf6718,zs_text_classification,train,"Klasifikasikan teks berikut ""Mana bisa percya lagi,sdgkan induknya penista smp skrg lum ditahan tp malah dibela. https://t.co/Oc1vGdX0Z4"" menjadi:
- hate speech
- non hate speech",non hate speech
2756,id_hatespeech,id_hatespeech_nusantara_text,2eca54a9-c261-4706-b9cc-cb387ecf6718,zs_text_classification,train,"Klasifikasikan teks berikut ""Mari seluruh Muslim CYBER Army mulai skrg ganti semua sebutan A....K menjadi Terdakwa Penista Agama !"" menjadi:
- hate speech
- non hate speech",non hate speech
2757,id_hatespeech,id_hatespeech_nusantara_text,2eca54a9-c261-4706-b9cc-cb387ecf6718,zs_text_classification,train,"Klasifikasikan teks berikut ""Orang Islam lebih suka si HOAX penista agama, menjaga lisan dan tindakan dari hal-hal yang merusak hubungan... https://t.co/FLhW31wXdU"" menjadi:
- hate speech
- non hate speech",non hate speech
2758,id_hatespeech,id_hatespeech_nusantara_text,2eca54a9-c261-4706-b9cc-cb387ecf6718,zs_text_classification,train,"Klasifikasikan teks berikut ""RT @izzah_pandeka: #Nomor2Koruptor negeri para korup diasuh cino babi https://t.co/wJXalyPxPn"" menjadi:
- hate speech
- non hate speech",non hate speech
2759,id_hatespeech,id_hatespeech_nusantara_text,2eca54a9-c261-4706-b9cc-cb387ecf6718,zs_text_classification,train,"Klasifikasikan teks berikut ""RT @Gemacan70: Hajar bleh hanya untuk bela #Nomor2Koruptor...cuihhhhhh https://t.co/o4nnZBkNYS"" menjadi:
- hate speech
- non hate speech",non hate speech
2760,id_hatespeech,id_hatespeech_nusantara_text,2eca54a9-c261-4706-b9cc-cb387ecf6718,zs_text_classification,train,"Klasifikasikan teks berikut ""RT @korban_gusur: @RakyatBiasa1945 Ada CEBONG GENDHENG NGAMUK2 belain si HOMO PENISTA AGAMA!! HAHAHA @OshMuslim @RebusKentang @m3g4"" menjadi:
- hate speech
- non hate speech",non hate speech
2761,id_hatespeech,id_hatespeech_nusantara_text,2eca54a9-c261-4706-b9cc-cb387ecf6718,zs_text_classification,train,"Klasifikasikan teks berikut ""RT @Ustadtengku1: @RizieqSyihabFPI tolol itu banyak yg bela penista agama walau sudah tersangka"" menjadi:
- hate speech
- non hate speech",non hate speech
2762,id_hatespeech,id_hatespeech_nusantara_text,2eca54a9-c261-4706-b9cc-cb387ecf6718,zs_text_classification,train,"Klasifikasikan teks berikut ""Orang punya saksi anjing dikasus babi.. Tolol https://t.co/ssePg5FCXm"" menjadi:
- hate speech
- non hate speech",non hate speech
2763,id_hatespeech,id_hatespeech_nusantara_text,2eca54a9-c261-4706-b9cc-cb387ecf6718,zs_text_classification,train,"Klasifikasikan teks berikut ""Si Ahok kampret emang gak becus kerja. Pencitraan mlulu tuh si Ahok kampret. https://t.co/yM5ViOFvpc"" menjadi:
- hate speech
- non hate speech",non hate speech
2764,id_hatespeech,id_hatespeech_nusantara_text,2eca54a9-c261-4706-b9cc-cb387ecf6718,zs_text_classification,train,"Klasifikasikan teks berikut ""Sini lu, kami enggak mau kampung kami didatangi sama penista agama, https://t.co/1z3MtHs9ck"" menjadi:
- hate speech
- non hate speech",non hate speech
2765,id_hatespeech,id_hatespeech_nusantara_text,2eca54a9-c261-4706-b9cc-cb387ecf6718,zs_text_classification,train,"Klasifikasikan teks berikut ""Tanda2 kiamat x yak, masih banyak aja orang muslim yg mengingkari Al-Quran dan pilih Penista Agama. #Nomor2Koruptor #Nomor2Koruptor"" menjadi:
- hate speech
- non hate speech",non hate speech
2766,id_hatespeech,id_hatespeech_nusantara_text,2eca54a9-c261-4706-b9cc-cb387ecf6718,zs_text_classification,train,"Klasifikasikan teks berikut ""#JanganMauDibohongiAhok sebab Ahok Sumber Kekacauan Politik, Ramaikan Aski 313 FIGHT!! https://t.co/WOBxlxvZnx"" menjadi:
- hate speech
- non hate speech",non hate speech
2767,id_hatespeech,id_hatespeech_nusantara_text,2eca54a9-c261-4706-b9cc-cb387ecf6718,zs_text_classification,train,"Klasifikasikan teks berikut ""#MataNajwaDebatJakarta Anies anda SADIS. Topengmu terbuka lebar malam ini. Biar warga DKI yg menilai...apa yg anda katakan adalah PENGECUT"" menjadi:
- hate speech
- non hate speech",non hate speech
2768,id_hatespeech,id_hatespeech_nusantara_text,2eca54a9-c261-4706-b9cc-cb387ecf6718,zs_text_classification,train,"Klasifikasikan teks berikut ""Anies congornya aja gede. Realisasinya gak ada. Janji terus dari awal bisanya paling korupsi. Balik jadi dosen aja bangsat."" menjadi:
- hate speech
- non hate speech",non hate speech
2769,id_hatespeech,id_hatespeech_nusantara_text,2eca54a9-c261-4706-b9cc-cb387ecf6718,zs_text_classification,train,"Klasifikasikan teks berikut ""#MataNajwaDebatJakarta Hebatnya, Ahok masih mau salaman loh sm Pak Anies yang Amat terhormat. Idih gw sih ogah."" menjadi:
- hate speech
- non hate speech",non hate speech
2770,id_hatespeech,id_hatespeech_nusantara_text,2eca54a9-c261-4706-b9cc-cb387ecf6718,zs_text_classification,train,"Klasifikasikan teks berikut ""#MataNajwaDebatJakarta kalau untuk urusan bacot memang anis nya juaranya..memang kita bakal makan bacot di jakarta..haha..paslon yg aneh gede bacot doang."" menjadi:
- hate speech
- non hate speech",non hate speech
2771,id_hatespeech,id_hatespeech_nusantara_text,2eca54a9-c261-4706-b9cc-cb387ecf6718,zs_text_classification,train,"Klasifikasikan teks berikut ""#MataNajwaDebatJakarta pak anies banyak omdo dulu waktu jd menteri terobosannya apa?? skrg ngomong ky sok Jago bgt"" menjadi:
- hate speech
- non hate speech",non hate speech
2772,id_hatespeech,id_hatespeech_nusantara_text,2eca54a9-c261-4706-b9cc-cb387ecf6718,zs_text_classification,train,"Klasifikasikan teks berikut ""#MataNajwaDebatJakarta si Cina Babi ahok bloon banget. Sok pinter banget lagi. Asal bukan Ahok"" menjadi:
- hate speech
- non hate speech",non hate speech
2773,id_hatespeech,id_hatespeech_nusantara_text,2eca54a9-c261-4706-b9cc-cb387ecf6718,zs_text_classification,train,"Klasifikasikan teks berikut ""#MataNajwaDebatJakarta lucu banget jawaban ahok.. gak nyambung. Ditanya apa di jawab apa. Kena skak mat d pertanyaan isu agama tdi. Dasar cina tolol hahaha"" menjadi:
- hate speech
- non hate speech",non hate speech
2774,id_hatespeech,id_hatespeech_nusantara_text,2eca54a9-c261-4706-b9cc-cb387ecf6718,zs_text_classification,train,"Klasifikasikan teks berikut ""#MataNajwaDebatJakarta topeng anda hari ini fix terbuka @aniesbaswedan .. anda sama dgn yg mendukung anda.. BAU BUSUK"" menjadi:
- hate speech
- non hate speech",non hate speech
2775,id_hatespeech,id_hatespeech_nusantara_text,2eca54a9-c261-4706-b9cc-cb387ecf6718,zs_text_classification,train,"Klasifikasikan teks berikut ""#MataNajwaDebatJakarta Pak Anies suka nyinyir, suka memutar balik kan fakta, ga punya program yg jelas bisanya jelekkan kinerja pak Basuki"" menjadi:
- hate speech
- non hate speech",non hate speech
2776,id_hatespeech,id_hatespeech_nusantara_text,2eca54a9-c261-4706-b9cc-cb387ecf6718,zs_text_classification,train,"Klasifikasikan teks berikut ""Babi... iya memang si Ahok gak jauh kayak Babi.."" menjadi:
- hate speech
- non hate speech",non hate speech
2777,id_hatespeech,id_hatespeech_nusantara_text,2eca54a9-c261-4706-b9cc-cb387ecf6718,zs_text_classification,train,"Klasifikasikan teks berikut ""Si tengkuk babi sipit bangke agen dajjal mau jadi onta hahaha. Orang waras juga tau kasus ahok dipaksakan!!"" menjadi:
- hate speech
- non hate speech",non hate speech
2778,id_hatespeech,id_hatespeech_nusantara_text,2eca54a9-c261-4706-b9cc-cb387ecf6718,zs_text_classification,train,"Klasifikasikan teks berikut ""itu kan kata ahok kafir..umat islam anti ahok karena ahok itu kafr ditambah ahok itu cina yg suka makan babi & bir"" menjadi:
- hate speech
- non hate speech",non hate speech
2779,id_hatespeech,id_hatespeech_nusantara_text,2eca54a9-c261-4706-b9cc-cb387ecf6718,zs_text_classification,train,"Klasifikasikan teks berikut ""gw harus bilang Babi Ahok apa dong selain kafir, gw hanya pengen gerombolannyA Babi Ahok merasakan bagaiamana klo di anjing2in, Bangsat2in"" menjadi:
- hate speech
- non hate speech",non hate speech
2780,id_hatespeech,id_hatespeech_nusantara_text,2eca54a9-c261-4706-b9cc-cb387ecf6718,zs_text_classification,train,"Klasifikasikan teks berikut ""sibabi china sangat biadab memperlakukan kaum PRIBUMI, dan para jongon2 spt banser & nu nusantara mendukung ketimpangan ini, biadabnya mrk!"" menjadi:
- hate speech
- non hate speech",non hate speech
2781,id_hatespeech,id_hatespeech_nusantara_text,2eca54a9-c261-4706-b9cc-cb387ecf6718,zs_text_classification,train,"Klasifikasikan teks berikut ""ahok kafir takut debat dengan rakyat asli pribumi nelayan dan para pakar reklamasi dari rakyat.. ahok kafir bencong"" menjadi:
- hate speech
- non hate speech",non hate speech
2782,id_hatespeech,id_hatespeech_nusantara_text,2eca54a9-c261-4706-b9cc-cb387ecf6718,zs_text_classification,train,"Klasifikasikan teks berikut ""nampaknya sudah satu paket penyokong cina babi pasti juga sokong LGBT"" menjadi:
- hate speech
- non hate speech",non hate speech
2783,id_hatespeech,id_hatespeech_nusantara_text,2eca54a9-c261-4706-b9cc-cb387ecf6718,zs_text_classification,train,"Klasifikasikan teks berikut ""kebiadaban ahok cina kafir anak2 rakyat kecil pribumi dan ibu2 islam semua digusur dari rumahnya serta kehidupannya"" menjadi:
- hate speech
- non hate speech",non hate speech
2784,id_hatespeech,id_hatespeech_nusantara_text,2eca54a9-c261-4706-b9cc-cb387ecf6718,zs_text_classification,train,"Klasifikasikan teks berikut ""tim ahok yg otak wc otak tumpul justru anies itu sdh komit sekali dgn pancasila ,ahok kafir sgt tdk bs berpancasila"" menjadi:
- hate speech
- non hate speech",non hate speech
2785,id_hatespeech,id_hatespeech_nusantara_text,2eca54a9-c261-4706-b9cc-cb387ecf6718,zs_text_classification,train,"Klasifikasikan teks berikut ""#MataNajwaDebatJakarta Pak Anies sudah meninggalkan ketenangan dan ketulusannya dalam debat malam ini, mjd agitatif dan licik. semoga kalah kau anjing"" menjadi:
- hate speech
- non hate speech",non hate speech
2786,id_hatespeech,id_hatespeech_nusantara_text,2eca54a9-c261-4706-b9cc-cb387ecf6718,zs_text_classification,train,"Klasifikasikan teks berikut ""SELAMA PROSES #SidangAhok WASPADAI ULAMA2 KUBU AHOK..YAKNI ULAMA2 ""MUNAFIK"" YANG SESAT DAN MENYESATKAN..!!"" menjadi:
- hate speech
- non hate speech",non hate speech
2787,id_hatespeech,id_hatespeech_nusantara_text,2eca54a9-c261-4706-b9cc-cb387ecf6718,zs_text_classification,train,"Klasifikasikan teks berikut ""anies akan merangkul dua2nya untuk persatuan tidak spt ente dangkal & cekak intelektual hanya jadi budak ahok kafir."" menjadi:
- hate speech
- non hate speech",non hate speech
2788,id_hatespeech,id_hatespeech_nusantara_text,2eca54a9-c261-4706-b9cc-cb387ecf6718,zs_text_classification,train,"Klasifikasikan teks berikut ""kebiadaban ahok cina kafir rakyat kecil yg jadi PKL & asongan2 digusur2 dan dianiaya spt teroris, ahok kafir biadab"" menjadi:
- hate speech
- non hate speech",non hate speech
2789,id_hatespeech,id_hatespeech_nusantara_text,2eca54a9-c261-4706-b9cc-cb387ecf6718,zs_text_classification,train,"Klasifikasikan teks berikut ""RT @LeonartoRabono: tapi kenyataanya jutaan rakyat kecil asli pribumi yg miskin justru semakin dimiskinkan oleh ahok cina kafir...."" menjadi:
- hate speech
- non hate speech",non hate speech
2790,id_hatespeech,id_hatespeech_nusantara_text,2eca54a9-c261-4706-b9cc-cb387ecf6718,zs_text_classification,train,"Klasifikasikan teks berikut ""Itulah Indonesia. Yg dibully org yg bener.Yg salah dan binatang2 seperti nomor tiga dibiarin berkeliaran #matanajwadebatjakarta pak an https://t.co/jYSg6x1A"" menjadi:
- hate speech
- non hate speech",non hate speech
2791,id_hatespeech,id_hatespeech_nusantara_text,2eca54a9-c261-4706-b9cc-cb387ecf6718,zs_text_classification,train,"Klasifikasikan teks berikut ""#SidangAhok smg sipenista agama n ateknya matinya tdk wjar n jasadnya tdk dtrma tnh n dia tdk prnh mrs kn sorga,aamiin semoga tuhan setuju"" menjadi:
- hate speech
- non hate speech",non hate speech
2792,id_hatespeech,id_hatespeech_nusantara_text,2eca54a9-c261-4706-b9cc-cb387ecf6718,zs_text_classification,train,"Klasifikasikan teks berikut ""iya,kelasnya penista agama,bs nya cm ngebacot doang yg arogan sk blg taik"" nenek lu,oh ya sumber waras n nama d kasus E ktp apkabar?skakmat"" menjadi:
- hate speech
- non hate speech",non hate speech
2793,id_hatespeech,id_hatespeech_nusantara_text,2eca54a9-c261-4706-b9cc-cb387ecf6718,zs_text_classification,train,"Klasifikasikan teks berikut ""Penjarakan semua cina kafir dan ateis! Termasuk Ahok pemimpin babi tukang korupsi!"" menjadi:
- hate speech
- non hate speech",non hate speech
2794,id_hatespeech,id_hatespeech_nusantara_text,2eca54a9-c261-4706-b9cc-cb387ecf6718,zs_text_classification,train,"Klasifikasikan teks berikut ""Kampanye rasis ngmg nya pihak ahok yg di untungkan.. Goblok kafir mana ada di untungkan.. Kalau pada di perkosa bunuh lu enak berduit"" menjadi:
- hate speech
- non hate speech",non hate speech
2795,id_hatespeech,id_hatespeech_nusantara_text,2eca54a9-c261-4706-b9cc-cb387ecf6718,zs_text_classification,train,"Klasifikasikan teks berikut ""hahaha idiot bilang kpd orang2 kafir terurama para nasrani pendukung2 ahok kafir jangan memasuki wilayah2 syariat islam"" menjadi:
- hate speech
- non hate speech",non hate speech
2796,id_hatespeech,id_hatespeech_nusantara_text,2eca54a9-c261-4706-b9cc-cb387ecf6718,zs_text_classification,train,"Klasifikasikan teks berikut ""I HASIL MAKMAK KALIAN JUAL PUKINYA. BAGI KSLIAN YG BERPIHAK KEPADA PKI DAN SI AHOK ANAK CHINA ANJING KAFIR INI. SERTA NKRI BUKAN DIDAPAT"" menjadi:
- hate speech
- non hate speech",non hate speech
2797,id_hatespeech,id_hatespeech_nusantara_text,2eca54a9-c261-4706-b9cc-cb387ecf6718,zs_text_classification,train,"Klasifikasikan teks berikut ""Tim pendukung sakit jiwa, kehilangan akal sehat & ide #IklanAhokJahat"" menjadi:
- hate speech
- non hate speech",non hate speech
2798,id_hatespeech,id_hatespeech_nusantara_text,2eca54a9-c261-4706-b9cc-cb387ecf6718,zs_text_classification,train,"Klasifikasikan teks berikut ""#IklanAhokJahat Hati hati Mereka Mulai Prustasi dan Memainkan Cara cara Kasar !! Karena hasil dari berbagai survei si penista agama kalah!!"" menjadi:
- hate speech
- non hate speech",non hate speech
2799,id_hatespeech,id_hatespeech_nusantara_text,2eca54a9-c261-4706-b9cc-cb387ecf6718,zs_text_classification,train,"Klasifikasikan teks berikut ""HOOKK, masuk gorong"" aja loe #IklanAhokJahat"" menjadi:
- hate speech
- non hate speech",non hate speech
2800,id_hatespeech,id_hatespeech_nusantara_text,2eca54a9-c261-4706-b9cc-cb387ecf6718,zs_text_classification,train,"Klasifikasikan teks berikut ""Kayak gini nih kampanye Tim AniesSandiUno ke kampung2 mengintimidasi masyarakat. Kampungan ye? #ASUtenan"" menjadi:
- hate speech
- non hate speech",non hate speech
2801,id_hatespeech,id_hatespeech_nusantara_text,2eca54a9-c261-4706-b9cc-cb387ecf6718,zs_text_classification,train,"Klasifikasikan teks berikut ""SI KUTIL BABI TELAH MELECEHKAN PRIBUMI DAN UMAT ISLAM #IklanAhokJahat"" menjadi:
- hate speech
- non hate speech",non hate speech
2802,id_hatespeech,id_hatespeech_nusantara_text,2eca54a9-c261-4706-b9cc-cb387ecf6718,zs_text_classification,train,"Klasifikasikan teks berikut ""NGOMONG AJA ENTE SAMA KACA! MEMECAH BELAH KERUKUNAN LAGI HOK ENTE BISANYA. NGACO! #IklanAhokJahat"" menjadi:
- hate speech
- non hate speech",non hate speech
2803,id_hatespeech,id_hatespeech_nusantara_text,2eca54a9-c261-4706-b9cc-cb387ecf6718,zs_text_classification,train,"Klasifikasikan teks berikut ""#iklanahokjahat Terorist nyata di Indonesia... Bukan wahabi, bukan Onta Tapi Babi Babi milik Cina Penebar Teror sesungguhnya...."" menjadi:
- hate speech
- non hate speech",non hate speech
2804,id_hatespeech,id_hatespeech_nusantara_text,2eca54a9-c261-4706-b9cc-cb387ecf6718,zs_text_classification,train,"Klasifikasikan teks berikut ""RT @TerorisSocmed: Sadarlah wahai anak Bangsa, Ibu Pertiwi Sedang Diporakporandakan Oleh Manusia BIADAB @basuki_btp Sebagai Aktor Utama"" menjadi:
- hate speech
- non hate speech",non hate speech
2805,id_hatespeech,id_hatespeech_nusantara_text,2eca54a9-c261-4706-b9cc-cb387ecf6718,zs_text_classification,train,"Klasifikasikan teks berikut ""Sepertinya gerombolan @basuki_btp rindu kerusuhan, hati2 dikabul Tuhan #IklanAhokJahat"" menjadi:
- hate speech
- non hate speech",non hate speech
2806,id_hatespeech,id_hatespeech_nusantara_text,2eca54a9-c261-4706-b9cc-cb387ecf6718,zs_text_classification,train,"Klasifikasikan teks berikut ""Ahok and Bani serbet and wereng Coklat MEMANCING UMAT MUSLIM supaya marah? dengan #IklanAhokJahat. KALIAN ITU KUMPULAN ORANG SINTING"" menjadi:
- hate speech
- non hate speech",non hate speech
2807,id_hatespeech,id_hatespeech_nusantara_text,2eca54a9-c261-4706-b9cc-cb387ecf6718,zs_text_classification,train,"Klasifikasikan teks berikut ""#IklanAhokJahat baru ada direzim jokopret,setan,iblis,dajjal dibangkitkan dr kuburnya. Mereka gembira berpesta pora setelah lama dibelenggu"" menjadi:
- hate speech
- non hate speech",non hate speech
2808,id_hatespeech,id_hatespeech_nusantara_text,2eca54a9-c261-4706-b9cc-cb387ecf6718,zs_text_classification,train,"Klasifikasikan teks berikut ""Yang anti cina & mau ganyang cina tuh siapaaaa..??? kami cuma anti AHOK sang Penista Agama! #kampanyeAhokJahat #IklanAhokJahat #kampanyeSARA"" menjadi:
- hate speech
- non hate speech",non hate speech
2809,id_hatespeech,id_hatespeech_nusantara_text,2eca54a9-c261-4706-b9cc-cb387ecf6718,zs_text_classification,train,"Klasifikasikan teks berikut ""Udah bingung kalik mau pakai cara apa untuk kampanye. Sampai2 bikin fitnah yang kayak begituan. Depresi ya takut kalah? #IklanAhokJahat"" menjadi:
- hate speech
- non hate speech",non hate speech
2810,id_hatespeech,id_hatespeech_nusantara_text,2eca54a9-c261-4706-b9cc-cb387ecf6718,zs_text_classification,train,"Klasifikasikan teks berikut ""Tahukah Anda apa persamaan antara malin kundang dengan Ahok? mereka berdua sama-sam DURHAKA!!!!!!! #ASBAK #iklanahokjahat #kampanyeahokjahat"" menjadi:
- hate speech
- non hate speech",non hate speech
2811,id_hatespeech,id_hatespeech_nusantara_text,2eca54a9-c261-4706-b9cc-cb387ecf6718,zs_text_classification,train,"Klasifikasikan teks berikut ""HADUH KELAKUANMU HOK, SOK-SOKAN MENJAGA KEBERAGAMAN PADAHAL PROVOKATOR & RASIS!! #IklanAhokJahat"" menjadi:
- hate speech
- non hate speech",non hate speech
2812,id_hatespeech,id_hatespeech_nusantara_text,2eca54a9-c261-4706-b9cc-cb387ecf6718,zs_text_classification,train,"Klasifikasikan teks berikut ""RT @sarwandi_sr: #IklanAhokJahat bikin darah mendidih. bangsat penuh dengan propaganda. emang lo kira islam radikal ?Kalau kami mau"" menjadi:
- hate speech
- non hate speech",non hate speech
2813,id_hatespeech,id_hatespeech_nusantara_text,2eca54a9-c261-4706-b9cc-cb387ecf6718,zs_text_classification,train,"Klasifikasikan teks berikut ""Kapolda Babi! Biadap dan Bodoh! Gak punya otak kali."" menjadi:
- hate speech
- non hate speech",non hate speech
2814,id_hatespeech,id_hatespeech_nusantara_text,2eca54a9-c261-4706-b9cc-cb387ecf6718,zs_text_classification,train,"Klasifikasikan teks berikut ""Jangan2 lagi deh @basuki_btp hina islam, anda itu manusia hina dibandingkan agama yang mulia, anda bukan siapa2 & bukan apa2 #IklanAhokJahat"" menjadi:
- hate speech
- non hate speech",non hate speech
2815,id_hatespeech,id_hatespeech_nusantara_text,2eca54a9-c261-4706-b9cc-cb387ecf6718,zs_text_classification,train,"Klasifikasikan teks berikut ""AHOK KAFIR DAN BUDAK2NYA ATAU ANJING2 NYA HANYA SEBAGAI SAMPAH AGAMA ISLAM DAN SAMPAH MASYARAKAT"" menjadi:
- hate speech
- non hate speech",non hate speech
2816,id_hatespeech,id_hatespeech_nusantara_text,2eca54a9-c261-4706-b9cc-cb387ecf6718,zs_text_classification,train,"Klasifikasikan teks berikut ""umat agama islam dijakarta sangat haram dan sangat najis sekali dengan ahok kafir kristen..."" menjadi:
- hate speech
- non hate speech",non hate speech
2817,id_hatespeech,id_hatespeech_nusantara_text,2eca54a9-c261-4706-b9cc-cb387ecf6718,zs_text_classification,train,"Klasifikasikan teks berikut ""19 april CNN kibarkan bendera kuning atas kematian ahok-djarot...."" menjadi:
- hate speech
- non hate speech",non hate speech
2818,id_hatespeech,id_hatespeech_nusantara_text,2eca54a9-c261-4706-b9cc-cb387ecf6718,zs_text_classification,train,"Klasifikasikan teks berikut ""itulah akibat ulah orang2 kafir nasrani persis seperti ahok kafir yg melarang jilbab kepada anak2 sekokah di jakarta...."" menjadi:
- hate speech
- non hate speech",non hate speech
2819,id_hatespeech,id_hatespeech_nusantara_text,2eca54a9-c261-4706-b9cc-cb387ecf6718,zs_text_classification,train,"Klasifikasikan teks berikut ""baswedan pantas jadi gubernur jakarta dan komisioner KPK..... ahok kafir pantasnya jadi germo di alexis...."" menjadi:
- hate speech
- non hate speech",non hate speech
2820,id_hatespeech,id_hatespeech_nusantara_text,2eca54a9-c261-4706-b9cc-cb387ecf6718,zs_text_classification,train,"Klasifikasikan teks berikut ""RT @yudijannis: #IklanAhokJahat bagaimana klo kita ganyang beneran hok?itu sih maunya elo ya hok,adu domba pribumi dengan tionghoa!!jangan"" menjadi:
- hate speech
- non hate speech",non hate speech
2821,id_hatespeech,id_hatespeech_nusantara_text,2eca54a9-c261-4706-b9cc-cb387ecf6718,zs_text_classification,train,"Klasifikasikan teks berikut ""masalahnya djarot tidak bisa memikirkan rakyat kecil pribumi bisanya hanya membabu kpd cina2 betul2 songong jongkok."" menjadi:
- hate speech
- non hate speech",non hate speech
2822,id_hatespeech,id_hatespeech_nusantara_text,2eca54a9-c261-4706-b9cc-cb387ecf6718,zs_text_classification,train,"Klasifikasikan teks berikut ""otak wc otak babi yg menerima ahok kafir & kamu, ahok kafir bkn sekedar menghina sdh anggap islam itu sampah"" menjadi:
- hate speech
- non hate speech",non hate speech
2823,id_hatespeech,id_hatespeech_nusantara_text,2eca54a9-c261-4706-b9cc-cb387ecf6718,zs_text_classification,train,"Klasifikasikan teks berikut ""DALAM PUTARAN DUA NANTI JIKA SAMPAI AHOK KAFIR CURANG UMAT ISLAM SUDAH KOMITMEN JAKARTA AKAN DIJADIKAN LAUTAN API, SUDAH TIDAK MIKIR HUKUM"" menjadi:
- hate speech
- non hate speech",non hate speech
2824,id_hatespeech,id_hatespeech_nusantara_text,2eca54a9-c261-4706-b9cc-cb387ecf6718,zs_text_classification,train,"Klasifikasikan teks berikut ""#IKLANAHOKJAHAT AHOK MENCIPTAKAN BARA API ANTARA RAKYAT PRIBUMI DENGAN TIONGHOA YG DIBALUT DENGAN PHOBIA.... AHOK KAFIR RASIS..."" menjadi:
- hate speech
- non hate speech",non hate speech
2825,id_hatespeech,id_hatespeech_nusantara_text,2eca54a9-c261-4706-b9cc-cb387ecf6718,zs_text_classification,train,"Klasifikasikan teks berikut ""jangan heran pemerintahan jokowi sekarang ini budaknya kulinya cina2 ahok kafir dan 9 naga..."" menjadi:
- hate speech
- non hate speech",non hate speech
2826,id_hatespeech,id_hatespeech_nusantara_text,2eca54a9-c261-4706-b9cc-cb387ecf6718,zs_text_classification,train,"Klasifikasikan teks berikut ""Ya itu namanya cawgub goblok gak ngerti peraturan debat....kelihatan bego dan liciknya itu sandiaga uno."" menjadi:
- hate speech
- non hate speech",non hate speech
2827,id_hatespeech,id_hatespeech_nusantara_text,2eca54a9-c261-4706-b9cc-cb387ecf6718,zs_text_classification,train,"Klasifikasikan teks berikut ""BODOH jika para pendukung ahok yg Muslim tidak tersinggung sama sekali ! Tapi bisa aja sih Qur'an d hina saja mrka diam #IklanAhokJahat"" menjadi:
- hate speech
- non hate speech",non hate speech
2828,id_hatespeech,id_hatespeech_nusantara_text,2eca54a9-c261-4706-b9cc-cb387ecf6718,zs_text_classification,train,"Klasifikasikan teks berikut ""Gubraaaaak!!!! Malu liatnya... Untung semalem debat ga kaya MATA NAJWA.. Coba kalo formatnya sama pasti Ringsek dah pasangan ASU..."" menjadi:
- hate speech
- non hate speech",non hate speech
2829,id_hatespeech,id_hatespeech_nusantara_text,2eca54a9-c261-4706-b9cc-cb387ecf6718,zs_text_classification,train,"Klasifikasikan teks berikut ""YG JELAS OTAK AHOK-DJAROT SUDAH SANGAT TUMPUL SANGAT LOYO DAN STRESS..... SUDAH JEBOL HARUS DICOPOT DAN DIGANTI....."" menjadi:
- hate speech
- non hate speech",non hate speech
2830,id_hatespeech,id_hatespeech_nusantara_text,2eca54a9-c261-4706-b9cc-cb387ecf6718,zs_text_classification,train,"Klasifikasikan teks berikut ""AHOK KAFIR BUKAN HANYA MALING TAPI JUGA GARONG, LAHAN LAUT MILIK NELAYAN DIRAMPOK & DIRAMPAS UNTUK REKLAMASI YG MENGUNTUNGKAN CINA2 KAFIR.."" menjadi:
- hate speech
- non hate speech",non hate speech
2831,id_hatespeech,id_hatespeech_nusantara_text,2eca54a9-c261-4706-b9cc-cb387ecf6718,zs_text_classification,train,"Klasifikasikan teks berikut ""Sumpah bego bgt sih kesel gue. Kenapa ada org yg vote makhluk kayak Sandiaga Uno coba. Oh agama"" menjadi:
- hate speech
- non hate speech",non hate speech
2832,id_hatespeech,id_hatespeech_nusantara_text,2eca54a9-c261-4706-b9cc-cb387ecf6718,zs_text_classification,train,"Klasifikasikan teks berikut ""responden2 yangg goblok2 belum faham & juga wartawan beritasatu juga goblok, nanti klo anies-sandy sudah memimpin sangat mudah"" menjadi:
- hate speech
- non hate speech",non hate speech
2833,id_hatespeech,id_hatespeech_nusantara_text,2eca54a9-c261-4706-b9cc-cb387ecf6718,zs_text_classification,train,"Klasifikasikan teks berikut ""FPI RENOVASI MASJID ITU SANGAT TEPAT, AHOK KAFIR KRISTEN NGAPAIN NGURUSI MASJID2 APA HUBUNGANNYA....."" menjadi:
- hate speech
- non hate speech",non hate speech
2834,id_hatespeech,id_hatespeech_nusantara_text,2eca54a9-c261-4706-b9cc-cb387ecf6718,zs_text_classification,train,"Klasifikasikan teks berikut ""MENGAPA ahoker KRISTEN & MUNAFIK tidak berhenti mengolok2 GEREJA stiap hari? Apakah mereka memang dibriefing ahok untuk menghina si BUMI DATAR?"" menjadi:
- hate speech
- non hate speech",non hate speech
2835,id_hatespeech,id_hatespeech_nusantara_text,2eca54a9-c261-4706-b9cc-cb387ecf6718,zs_text_classification,train,"Klasifikasikan teks berikut ""uma surveynya si Botak yg menangkan Ahok. Karena apa? Karena dia Cina Kristen. Bukti kalo si Botak dukung sesama Cina Kristen"" menjadi:
- hate speech
- non hate speech",non hate speech
2836,id_hatespeech,id_hatespeech_nusantara_text,2eca54a9-c261-4706-b9cc-cb387ecf6718,zs_text_classification,train,"Klasifikasikan teks berikut ""AHOK PEMECAH BELAH UMMAT, AJARAN KRISTEN KONYOL, demi meraup suara muslim, JELAS AHOK INI RASIS, PKI TULEN"" menjadi:
- hate speech
- non hate speech",non hate speech
2837,id_hatespeech,id_hatespeech_nusantara_text,2eca54a9-c261-4706-b9cc-cb387ecf6718,zs_text_classification,train,"Klasifikasikan teks berikut ""Woy @aagym lu udah nonton yang ini? Fitnah? Pale lu peyang gym. https://t.co/U3QhuJpwg"" menjadi:
- hate speech
- non hate speech",non hate speech
2838,id_hatespeech,id_hatespeech_nusantara_text,2eca54a9-c261-4706-b9cc-cb387ecf6718,zs_text_classification,train,"Klasifikasikan teks berikut ""Ahok :memilih pemimpin Berdasarkan agama melanggar konstitusi. Sebaiknya BABI INI DI BUNGKUS aja, CONGORNYAPECAH BELAH UMAT BERAGAMA."" menjadi:
- hate speech
- non hate speech",non hate speech
2839,id_hatespeech,id_hatespeech_nusantara_text,2eca54a9-c261-4706-b9cc-cb387ecf6718,zs_text_classification,train,"Klasifikasikan teks berikut ""Saya pribumi, Kristen dan mendukung Ahok. Tapi saya paling anti dengan manusia2 bodoh dan goblok seperti Steven Hadisurya Sulistyo."" menjadi:
- hate speech
- non hate speech",non hate speech
2840,id_hatespeech,id_hatespeech_nusantara_text,2eca54a9-c261-4706-b9cc-cb387ecf6718,zs_text_classification,train,"Klasifikasikan teks berikut ""Maksudnya terbukti KORUPSI dan PENISTAAN agama nya ya om, Bangsat lo, TAIK LO, maaf gw pake Bahasa Babi Ahok."" menjadi:
- hate speech
- non hate speech",non hate speech
2841,id_hatespeech,id_hatespeech_nusantara_text,2eca54a9-c261-4706-b9cc-cb387ecf6718,zs_text_classification,train,"Klasifikasikan teks berikut ""Ehh TAIK, Bangsat lo, Omongan elo kayak IwAn bopeng, yg MO potong leher TNI, Bangsat lo IwAn bopeng, baek2in TNI. TAIK LO,"" menjadi:
- hate speech
- non hate speech",non hate speech
2842,id_hatespeech,id_hatespeech_nusantara_text,2eca54a9-c261-4706-b9cc-cb387ecf6718,zs_text_classification,train,"Klasifikasikan teks berikut ""Ehh anak anjing Ahok, Kelan itu blon siuman, mending emut2 bool basuki lagi aja sana, kasih tau sama Babi yg lain, bool basuki wangi gitu"" menjadi:
- hate speech
- non hate speech",non hate speech
2843,id_hatespeech,id_hatespeech_nusantara_text,2eca54a9-c261-4706-b9cc-cb387ecf6718,zs_text_classification,train,"Klasifikasikan teks berikut ""CWE CAKEP TP BEGO.PANTES GK LAKU.SI AHOK CINA BAU TAI.MAKAN BUBUR ENCER.AHOK FAHAM KOMUNIS.MENISTA ISLAM & KRISTEN"" menjadi:
- hate speech
- non hate speech",non hate speech
2844,id_hatespeech,id_hatespeech_nusantara_text,2eca54a9-c261-4706-b9cc-cb387ecf6718,zs_text_classification,train,"Klasifikasikan teks berikut ""Dan ajeng pasti paham si Babi Ahok klo bicara santun, BANGSAT, TAIK, ANJING, SETAN LO, dngn intonasi yg familiar tuntuna"" menjadi:
- hate speech
- non hate speech",non hate speech
2845,id_hatespeech,id_hatespeech_nusantara_text,2eca54a9-c261-4706-b9cc-cb387ecf6718,zs_text_classification,train,"Klasifikasikan teks berikut ""Itu dia, BUNUH AJA YG DIDEPAN MATA, DIA MAFIA KORUPTOR NYA, PENISTA AGAMA PULA, PANGGILAN POPULAR NYA BABI AHOK"" menjadi:
- hate speech
- non hate speech",non hate speech
2846,id_hatespeech,id_hatespeech_nusantara_text,2eca54a9-c261-4706-b9cc-cb387ecf6718,zs_text_classification,train,"Klasifikasikan teks berikut ""Gimana dgn Sumber waras.. Trans Jakarta ko jokowi diem ajah.... Harusnya si kutil babi ahok di ganyang"" menjadi:
- hate speech
- non hate speech",non hate speech
2847,id_hatespeech,id_hatespeech_nusantara_text,2eca54a9-c261-4706-b9cc-cb387ecf6718,zs_text_classification,train,"Klasifikasikan teks berikut ""Muka Si BABi Ahok Tuh Yg Mirip SERBET Lantai....@basuki_btp..."" menjadi:
- hate speech
- non hate speech",non hate speech
2848,id_hatespeech,id_hatespeech_nusantara_text,2eca54a9-c261-4706-b9cc-cb387ecf6718,zs_text_classification,train,"Klasifikasikan teks berikut ""Betul bang hancurkan merka bang, musnahkan china babi dibumi pertiwi indonesia, berkedok reklamasi itu ahok"" menjadi:
- hate speech
- non hate speech",non hate speech
2849,id_hatespeech,id_hatespeech_nusantara_text,2eca54a9-c261-4706-b9cc-cb387ecf6718,zs_text_classification,train,"Klasifikasikan teks berikut ""Sapa Yg bilang Ahok anti korupsi!?, klo grombolannyA NGOMONG gtu wajar, AHOK ITU MAFIA KORUPTOR SANG PENISTA AGAMA YG DILINDUNGI ISTANA PKI"" menjadi:
- hate speech
- non hate speech",non hate speech
2850,id_hatespeech,id_hatespeech_nusantara_text,2eca54a9-c261-4706-b9cc-cb387ecf6718,zs_text_classification,train,"Klasifikasikan teks berikut ""Gw juga ngimpi SENTILIN BIJI BABI AHOK, pcetar Pcetar, langsung kejang2 die, ngadu ke Jkw, Jkw: makanye sunat dulu, bru NGOMONG Almaidah."" menjadi:
- hate speech
- non hate speech",non hate speech
2851,id_hatespeech,id_hatespeech_nusantara_text,2eca54a9-c261-4706-b9cc-cb387ecf6718,zs_text_classification,train,"Klasifikasikan teks berikut ""Mudah2an gw ketemu sama SI BABI IWAN BOPENG DI TPS nya anjing Ahok"" menjadi:
- hate speech
- non hate speech",non hate speech
2852,id_hatespeech,id_hatespeech_nusantara_text,52b35d09-ebeb-4764-9060-789bba52d457,hate_or_noHate_zs_opt_kriteria,train,"Berdasarkan kriteria hatespeech yang ada, apakah pesan yang disampaikan dalam teks berikut: RT @spardaxyz: Fadli Zon Minta Mendagri Segera Menonaktifkan Ahok Jadi Gubernur DKI https:\/\/t.co\/KH5vIRwPdO, dianggap sebagai hatespeech?
- iya
- tidak",tidak
2853,id_hatespeech,id_hatespeech_nusantara_text,52b35d09-ebeb-4764-9060-789bba52d457,hate_or_noHate_zs_opt_kriteria,train,"Berdasarkan kriteria hatespeech yang ada, apakah pesan yang disampaikan dalam teks berikut: RT @baguscondromowo: Mereka terus melukai aksi dalam rangka memenjarakan Ahok atau Ahok gagal dalam Pilkada., dianggap sebagai hatespeech?
- iya
- tidak",tidak
2854,id_hatespeech,id_hatespeech_nusantara_text,52b35d09-ebeb-4764-9060-789bba52d457,hate_or_noHate_zs_opt_kriteria,train,"Berdasarkan kriteria hatespeech yang ada, apakah pesan yang disampaikan dalam teks berikut: Sylvi: bagaimana gurbernur melakukan kekerasan perempuan? Buktinya banyak ibu2 mau foto bareng #DebatFinalPilkadaJKT, dianggap sebagai hatespeech?
- iya
- tidak",tidak
2855,id_hatespeech,id_hatespeech_nusantara_text,52b35d09-ebeb-4764-9060-789bba52d457,hate_or_noHate_zs_opt_kriteria,train,"Berdasarkan kriteria hatespeech yang ada, apakah pesan yang disampaikan dalam teks berikut: Ahmad Dhani Tak Puas Debat Pilkada, Masalah Jalan di Bekasi Belum Sempat Terungkap https:\/\/t.co\/m3HopPLUID\u2026, dianggap sebagai hatespeech?
- iya
- tidak",tidak
2856,id_hatespeech,id_hatespeech_nusantara_text,52b35d09-ebeb-4764-9060-789bba52d457,hate_or_noHate_zs_opt_kriteria,train,"Berdasarkan kriteria hatespeech yang ada, apakah pesan yang disampaikan dalam teks berikut: RT @lisdaulay28: Waspada KTP palsu.....kawal PILKADA https:\/\/t.co\/OOoERQV4SM, dianggap sebagai hatespeech?
- iya
- tidak",tidak
2857,id_hatespeech,id_hatespeech_nusantara_text,52b35d09-ebeb-4764-9060-789bba52d457,hate_or_noHate_zs_opt_kriteria,train,"Berdasarkan kriteria hatespeech yang ada, apakah pesan yang disampaikan dalam teks berikut: @felixsiauw masih bnyak hal agamis yg bisa dibahas, kenapa ke pilkada terus, apa tingkat keimanan anda cuma sebatas pilkada????, dianggap sebagai hatespeech?
- iya
- tidak",tidak
2858,id_hatespeech,id_hatespeech_nusantara_text,52b35d09-ebeb-4764-9060-789bba52d457,hate_or_noHate_zs_opt_kriteria,train,"Berdasarkan kriteria hatespeech yang ada, apakah pesan yang disampaikan dalam teks berikut: @saidaqil apa maksud pernyataan. Anda? Apa anda mengaminkan kriminalisasi Ahok?? Hati2 jg dg mulutmu pak! https:\/\/t.co\/H4ODVaY0Md, dianggap sebagai hatespeech?
- iya
- tidak",tidak
2859,id_hatespeech,id_hatespeech_nusantara_text,52b35d09-ebeb-4764-9060-789bba52d457,hate_or_noHate_zs_opt_kriteria,train,"Berdasarkan kriteria hatespeech yang ada, apakah pesan yang disampaikan dalam teks berikut: Ahok Akan Integrasikan Transportasi Publik dengan Sistem Single Ticketing\u2026 https:\/\/t.co\/42PH7pqV0b #infoTribun, dianggap sebagai hatespeech?
- iya
- tidak",tidak
2860,id_hatespeech,id_hatespeech_nusantara_text,52b35d09-ebeb-4764-9060-789bba52d457,hate_or_noHate_zs_opt_kriteria,train,"Berdasarkan kriteria hatespeech yang ada, apakah pesan yang disampaikan dalam teks berikut: Ahok mampu melawan korupsi di ibukota, bangun infrastruktur, mencoba memperbaiki dengan berbagai trobosan dan works well., dianggap sebagai hatespeech?
- iya
- tidak",tidak
2861,id_hatespeech,id_hatespeech_nusantara_text,52b35d09-ebeb-4764-9060-789bba52d457,hate_or_noHate_zs_opt_kriteria,train,"Berdasarkan kriteria hatespeech yang ada, apakah pesan yang disampaikan dalam teks berikut: Awasi Kecurangan Pilkada, Agus - Sylvi Pakai Aplikasi Ini https:\/\/t.co\/xWZW4nUFIU, dianggap sebagai hatespeech?
- iya
- tidak",tidak
2862,id_hatespeech,id_hatespeech_nusantara_text,52b35d09-ebeb-4764-9060-789bba52d457,hate_or_noHate_zs_opt_kriteria,train,"Berdasarkan kriteria hatespeech yang ada, apakah pesan yang disampaikan dalam teks berikut: Bisa gak kita seperti Jokowi dan Ahok? Aku kalem, kamu tegas saling melengkapi. :'), dianggap sebagai hatespeech?
- iya
- tidak",tidak
2863,id_hatespeech,id_hatespeech_nusantara_text,52b35d09-ebeb-4764-9060-789bba52d457,hate_or_noHate_zs_opt_kriteria,train,"Berdasarkan kriteria hatespeech yang ada, apakah pesan yang disampaikan dalam teks berikut: Bos mau makan di istana ga, Di undang noh makan di istana Gebang tapinya https:\/\/t.co\/ns6cUYCpUj, dianggap sebagai hatespeech?
- iya
- tidak",tidak
2864,id_hatespeech,id_hatespeech_nusantara_text,52b35d09-ebeb-4764-9060-789bba52d457,hate_or_noHate_zs_opt_kriteria,train,"Berdasarkan kriteria hatespeech yang ada, apakah pesan yang disampaikan dalam teks berikut: Cuti Habis Ahok Jadi Gubernur DKI Lagi? Pengamat: Jangan Mengada-ada | Republika Online https:\/\/t.co\/T3kzvq9E4e, dianggap sebagai hatespeech?
- iya
- tidak",tidak
2865,id_hatespeech,id_hatespeech_nusantara_text,52b35d09-ebeb-4764-9060-789bba52d457,hate_or_noHate_zs_opt_kriteria,train,"Berdasarkan kriteria hatespeech yang ada, apakah pesan yang disampaikan dalam teks berikut: Debat terakhir Pilkada DKI Jakarta digelar Jumat malam. https:\/\/t.co\/e9ixz6Jllr, dianggap sebagai hatespeech?
- iya
- tidak",tidak
2866,id_hatespeech,id_hatespeech_nusantara_text,52b35d09-ebeb-4764-9060-789bba52d457,hate_or_noHate_zs_opt_kriteria,train,"Berdasarkan kriteria hatespeech yang ada, apakah pesan yang disampaikan dalam teks berikut: Demonstran FPD Malteng Desak Bawaslu Hentikan Sementara Tahapan Pilkada Maluku Tengah, dianggap sebagai hatespeech?
- iya
- tidak",tidak
2867,id_hatespeech,id_hatespeech_nusantara_text,52b35d09-ebeb-4764-9060-789bba52d457,hate_or_noHate_zs_opt_kriteria,train,"Berdasarkan kriteria hatespeech yang ada, apakah pesan yang disampaikan dalam teks berikut: Dulu Didesak Berhentikan Ahok Ngeles Usai Masa Cuti Pilkada, Sekarang Kampanye Mau Habis Kemendagri Ragu-ragu https:\/\/t.co\/92ss4trDcX, dianggap sebagai hatespeech?
- iya
- tidak",tidak
2868,id_hatespeech,id_hatespeech_nusantara_text,52b35d09-ebeb-4764-9060-789bba52d457,hate_or_noHate_zs_opt_kriteria,train,"Berdasarkan kriteria hatespeech yang ada, apakah pesan yang disampaikan dalam teks berikut: Gila gara2 pilkada, beberapa tokoh menampakkan watak aslinya., dianggap sebagai hatespeech?
- iya
- tidak",tidak
2869,id_hatespeech,id_hatespeech_nusantara_text,52b35d09-ebeb-4764-9060-789bba52d457,hate_or_noHate_zs_opt_kriteria,train,"Berdasarkan kriteria hatespeech yang ada, apakah pesan yang disampaikan dalam teks berikut: Gontor Izinkan Santrinya Pulang Kampung Nyoblos Pilkada DKI | Republika Online https:\/\/t.co\/JhNOT8ecNz, dianggap sebagai hatespeech?
- iya
- tidak",tidak
2870,id_hatespeech,id_hatespeech_nusantara_text,52b35d09-ebeb-4764-9060-789bba52d457,hate_or_noHate_zs_opt_kriteria,train,"Berdasarkan kriteria hatespeech yang ada, apakah pesan yang disampaikan dalam teks berikut: Gubernur non-aktif DKI Jakarta, Basuki Tjahaja Purnama atau Ahok, berencana merombak struktur jabatan pegawai... https:\/\/t.co\/cdKEZxF9xO, dianggap sebagai hatespeech?
- iya
- tidak",tidak
2871,id_hatespeech,id_hatespeech_nusantara_text,52b35d09-ebeb-4764-9060-789bba52d457,hate_or_noHate_zs_opt_kriteria,train,"Berdasarkan kriteria hatespeech yang ada, apakah pesan yang disampaikan dalam teks berikut: HEBAT .. !!! Imam Besar Masjid Istiqlal : Kalimat Ahok 100% Tidak Ada Penistaan AGAMA .. !! SEBARKAN, dianggap sebagai hatespeech?
- iya
- tidak",tidak
2872,id_hatespeech,id_hatespeech_nusantara_text,52b35d09-ebeb-4764-9060-789bba52d457,hate_or_noHate_zs_opt_kriteria,train,"Berdasarkan kriteria hatespeech yang ada, apakah pesan yang disampaikan dalam teks berikut: Ibu2 aja, kalo beli telor pake milih2 sblm ditimbang. Pdh telor kan mirip2. Ibu2 itu tahu, telor ada yg busuk, dianggap sebagai hatespeech?
- iya
- tidak",tidak
2873,id_hatespeech,id_hatespeech_nusantara_text,52b35d09-ebeb-4764-9060-789bba52d457,hate_or_noHate_zs_opt_kriteria,train,"Berdasarkan kriteria hatespeech yang ada, apakah pesan yang disampaikan dalam teks berikut: Ini Jawaban Ahok Saat Ditanya Terkait Persiapan Debat Pilgub Terakhir Besok https:\/\/t.co\/S6rlsAR7Y9, dianggap sebagai hatespeech?
- iya
- tidak",tidak
2874,id_hatespeech,id_hatespeech_nusantara_text,52b35d09-ebeb-4764-9060-789bba52d457,hate_or_noHate_zs_opt_kriteria,train,"Berdasarkan kriteria hatespeech yang ada, apakah pesan yang disampaikan dalam teks berikut: Ini Pesan Ahok di Hari Pers Nasional #KitaPastiPernah https:\/\/t.co\/h0L6mrjM3R, dianggap sebagai hatespeech?
- iya
- tidak",tidak
2875,id_hatespeech,id_hatespeech_nusantara_text,52b35d09-ebeb-4764-9060-789bba52d457,hate_or_noHate_zs_opt_kriteria,train,"Berdasarkan kriteria hatespeech yang ada, apakah pesan yang disampaikan dalam teks berikut: Istighotsah Bersama Ahok Catut Logo NU https:\/\/t.co\/U2rPY3C25R, dianggap sebagai hatespeech?
- iya
- tidak",tidak
2876,id_hatespeech,id_hatespeech_nusantara_text,52b35d09-ebeb-4764-9060-789bba52d457,hate_or_noHate_zs_opt_kriteria,train,"Berdasarkan kriteria hatespeech yang ada, apakah pesan yang disampaikan dalam teks berikut: Itu yang ngomong jangan pilih Ahok Djarot pernah ngerasain banjir ga sih? :(, dianggap sebagai hatespeech?
- iya
- tidak",tidak
2877,id_hatespeech,id_hatespeech_nusantara_text,52b35d09-ebeb-4764-9060-789bba52d457,hate_or_noHate_zs_opt_kriteria,train,"Berdasarkan kriteria hatespeech yang ada, apakah pesan yang disampaikan dalam teks berikut: Iya aja deh dripada hoax..., dianggap sebagai hatespeech?
- iya
- tidak",tidak
2878,id_hatespeech,id_hatespeech_nusantara_text,52b35d09-ebeb-4764-9060-789bba52d457,hate_or_noHate_zs_opt_kriteria,train,"Berdasarkan kriteria hatespeech yang ada, apakah pesan yang disampaikan dalam teks berikut: Jadi teringat para pelacur.belia yg dijual orang tuanya.sendiri di pantura.demi sesuap nasi https:\/\/t.co\/X5DdR7m693, dianggap sebagai hatespeech?
- iya
- tidak",tidak
2879,id_hatespeech,id_hatespeech_nusantara_text,52b35d09-ebeb-4764-9060-789bba52d457,hate_or_noHate_zs_opt_kriteria,train,"Berdasarkan kriteria hatespeech yang ada, apakah pesan yang disampaikan dalam teks berikut: jadi yg nyebar hoax ketahuan dong ada akun twitter nya lho, dianggap sebagai hatespeech?
- iya
- tidak",tidak
2880,id_hatespeech,id_hatespeech_nusantara_text,52b35d09-ebeb-4764-9060-789bba52d457,hate_or_noHate_zs_opt_kriteria,train,"Berdasarkan kriteria hatespeech yang ada, apakah pesan yang disampaikan dalam teks berikut: Mpok @sylviana_murni-nya tolong Mas @AgusYudhoyono, dianggap sebagai hatespeech?
- iya
- tidak",tidak
2881,id_hatespeech,id_hatespeech_nusantara_text,52b35d09-ebeb-4764-9060-789bba52d457,hate_or_noHate_zs_opt_kriteria,train,"Berdasarkan kriteria hatespeech yang ada, apakah pesan yang disampaikan dalam teks berikut: Ke Bidara beli mangga. Pulang nye liwat Slipi. Jangan lupa ingetin tetangga. Untuk milih Agus sylvi. #7HariLagiMilihAHY #AgusBersamaUlama, dianggap sebagai hatespeech?
- iya
- tidak",tidak
2882,id_hatespeech,id_hatespeech_nusantara_text,52b35d09-ebeb-4764-9060-789bba52d457,hate_or_noHate_zs_opt_kriteria,train,"Berdasarkan kriteria hatespeech yang ada, apakah pesan yang disampaikan dalam teks berikut: Serius tapi ada selipan hiburannya \ud83d\ude06\ud83d\ude06\ud83d\ude06 #pilkadadki2017 #DebatFinalPilkadaJKT, dianggap sebagai hatespeech?
- iya
- tidak",tidak
2883,id_hatespeech,id_hatespeech_nusantara_text,52b35d09-ebeb-4764-9060-789bba52d457,hate_or_noHate_zs_opt_kriteria,train,"Berdasarkan kriteria hatespeech yang ada, apakah pesan yang disampaikan dalam teks berikut: Sylvie sukses blunder bikin paslon 1 drop elektabilitasnya dengan fitnah dan spin salah pilih kader #DebatFinalPilkadaJKT, dianggap sebagai hatespeech?
- iya
- tidak",tidak
2884,id_hatespeech,id_hatespeech_nusantara_text,52b35d09-ebeb-4764-9060-789bba52d457,hate_or_noHate_zs_opt_kriteria,train,"Berdasarkan kriteria hatespeech yang ada, apakah pesan yang disampaikan dalam teks berikut: Ahok: mari berlomba program #DebatFinalPilkadaJKT, dianggap sebagai hatespeech?
- iya
- tidak",tidak
2885,id_hatespeech,id_hatespeech_nusantara_text,52b35d09-ebeb-4764-9060-789bba52d457,hate_or_noHate_zs_opt_kriteria,train,"Berdasarkan kriteria hatespeech yang ada, apakah pesan yang disampaikan dalam teks berikut: #DebatFinalPilkadaJKT aduh... Kecewa pertanyaan paslon 1...., dianggap sebagai hatespeech?
- iya
- tidak",tidak
2886,id_hatespeech,id_hatespeech_nusantara_text,52b35d09-ebeb-4764-9060-789bba52d457,hate_or_noHate_zs_opt_kriteria,train,"Berdasarkan kriteria hatespeech yang ada, apakah pesan yang disampaikan dalam teks berikut: RT @agusdansylvi: #DebatFinalPilkadaJKT Saya pilih nomor 1. Sektor informal akan dimajukan mas Agus dan Mpok Sylvi., dianggap sebagai hatespeech?
- iya
- tidak",tidak
2887,id_hatespeech,id_hatespeech_nusantara_text,52b35d09-ebeb-4764-9060-789bba52d457,hate_or_noHate_zs_opt_kriteria,train,"Berdasarkan kriteria hatespeech yang ada, apakah pesan yang disampaikan dalam teks berikut: RT @JTmor: Ahok pilihan terbaik untuk Jakarta, dianggap sebagai hatespeech?
- iya
- tidak",tidak
2888,id_hatespeech,id_hatespeech_nusantara_text,52b35d09-ebeb-4764-9060-789bba52d457,hate_or_noHate_zs_opt_kriteria,train,"Berdasarkan kriteria hatespeech yang ada, apakah pesan yang disampaikan dalam teks berikut: RT @augustfrankto: #DebatFinalPilkadaJKT Bu Silvy curhat karena pernah dimarahi sama Pak Ahok...hehe.., dianggap sebagai hatespeech?
- iya
- tidak",tidak
2889,id_hatespeech,id_hatespeech_nusantara_text,52b35d09-ebeb-4764-9060-789bba52d457,hate_or_noHate_zs_opt_kriteria,train,"Berdasarkan kriteria hatespeech yang ada, apakah pesan yang disampaikan dalam teks berikut: Mantap pak AHOK #DebatFinalPilkadaJKT, dianggap sebagai hatespeech?
- iya
- tidak",tidak
2890,id_hatespeech,id_hatespeech_nusantara_text,52b35d09-ebeb-4764-9060-789bba52d457,hate_or_noHate_zs_opt_kriteria,train,"Berdasarkan kriteria hatespeech yang ada, apakah pesan yang disampaikan dalam teks berikut: Ahok gagah kaya gatot kaca! #DebatFinalPilkadaJKT, dianggap sebagai hatespeech?
- iya
- tidak",tidak
2891,id_hatespeech,id_hatespeech_nusantara_text,52b35d09-ebeb-4764-9060-789bba52d457,hate_or_noHate_zs_opt_kriteria,train,"Berdasarkan kriteria hatespeech yang ada, apakah pesan yang disampaikan dalam teks berikut: Telaaaakkk nomer satuuuu. Nghahahaha #DebatFinalPilkadaJKT, dianggap sebagai hatespeech?
- iya
- tidak",tidak
2892,id_hatespeech,id_hatespeech_nusantara_text,52b35d09-ebeb-4764-9060-789bba52d457,hate_or_noHate_zs_opt_kriteria,train,"Berdasarkan kriteria hatespeech yang ada, apakah pesan yang disampaikan dalam teks berikut: Lomba adu program #DebatFinalPilkadaJKT #SkakSilvi, dianggap sebagai hatespeech?
- iya
- tidak",tidak
2893,id_hatespeech,id_hatespeech_nusantara_text,52b35d09-ebeb-4764-9060-789bba52d457,hate_or_noHate_zs_opt_kriteria,train,"Berdasarkan kriteria hatespeech yang ada, apakah pesan yang disampaikan dalam teks berikut: #DebatFinalPilkadaJKT Denger banyak program dan janji dan sering tau pas jadi ga dijalankan rasanya males aja sih., dianggap sebagai hatespeech?
- iya
- tidak",tidak
2894,id_hatespeech,id_hatespeech_nusantara_text,52b35d09-ebeb-4764-9060-789bba52d457,hate_or_noHate_zs_opt_kriteria,train,"Berdasarkan kriteria hatespeech yang ada, apakah pesan yang disampaikan dalam teks berikut: DEBAT CAGUB DKI ke 3 - 10 Februari 2017 - Segmen 3 Mantap Ahok SKAK Sylviana Murni\n\n#DebatFinalPilkadaJKT, dianggap sebagai hatespeech?
- iya
- tidak",tidak
2895,id_hatespeech,id_hatespeech_nusantara_text,52b35d09-ebeb-4764-9060-789bba52d457,hate_or_noHate_zs_opt_kriteria,train,"Berdasarkan kriteria hatespeech yang ada, apakah pesan yang disampaikan dalam teks berikut: Pertanyaan Ibu Silvy rada maksa.. #DebatFinalPilkadaJKT, dianggap sebagai hatespeech?
- iya
- tidak",tidak
2896,id_hatespeech,id_hatespeech_nusantara_text,52b35d09-ebeb-4764-9060-789bba52d457,hate_or_noHate_zs_opt_kriteria,train,"Berdasarkan kriteria hatespeech yang ada, apakah pesan yang disampaikan dalam teks berikut: Tanggal 15, pas pilkada nanti sy gak akan milih siapa-siapa ah!, dianggap sebagai hatespeech?
- iya
- tidak",tidak
2897,id_hatespeech,id_hatespeech_nusantara_text,52b35d09-ebeb-4764-9060-789bba52d457,hate_or_noHate_zs_opt_kriteria,train,"Berdasarkan kriteria hatespeech yang ada, apakah pesan yang disampaikan dalam teks berikut: Saya pribadi bakal prefer kok muslim dengan kapabilitas, tetapi lihat kondisinya Ahok menjadi pilihan plg realistis buat kemajuan DKI, dianggap sebagai hatespeech?
- iya
- tidak",tidak
2898,id_hatespeech,id_hatespeech_nusantara_text,52b35d09-ebeb-4764-9060-789bba52d457,hate_or_noHate_zs_opt_kriteria,train,"Berdasarkan kriteria hatespeech yang ada, apakah pesan yang disampaikan dalam teks berikut: Yang mendukung Mas Anies bukan berarti anti Pak Ahok, begitu Pula sebaliknya, dianggap sebagai hatespeech?
- iya
- tidak",tidak
2899,id_hatespeech,id_hatespeech_nusantara_text,52b35d09-ebeb-4764-9060-789bba52d457,hate_or_noHate_zs_opt_kriteria,train,"Berdasarkan kriteria hatespeech yang ada, apakah pesan yang disampaikan dalam teks berikut: Spanduk Tolak Salatkan Pembela Penista Agama juga Muncul di Kalibata https:\/\/t.co\/Sr1PbYtigN, dianggap sebagai hatespeech?
- iya
- tidak",tidak
2900,id_hatespeech,id_hatespeech_nusantara_text,52b35d09-ebeb-4764-9060-789bba52d457,hate_or_noHate_zs_opt_kriteria,train,"Berdasarkan kriteria hatespeech yang ada, apakah pesan yang disampaikan dalam teks berikut: #DebatFinalPilkadaJKT Telak banget anjir ngakak!, dianggap sebagai hatespeech?
- iya
- tidak",tidak
2901,id_hatespeech,id_hatespeech_nusantara_text,52b35d09-ebeb-4764-9060-789bba52d457,hate_or_noHate_zs_opt_kriteria,train,"Berdasarkan kriteria hatespeech yang ada, apakah pesan yang disampaikan dalam teks berikut: Ayo berlomba program jangan fitnah2 #DebatFinalPilkadaJKT, dianggap sebagai hatespeech?
- iya
- tidak",tidak
2902,id_hatespeech,id_hatespeech_nusantara_text,52b35d09-ebeb-4764-9060-789bba52d457,hate_or_noHate_zs_opt_kriteria,train,"Berdasarkan kriteria hatespeech yang ada, apakah pesan yang disampaikan dalam teks berikut: RT @deelestari: Akhirnya nggak ngantuk lagi! Yeay! #DebatFinalPilkadaJKT, dianggap sebagai hatespeech?
- iya
- tidak",tidak
2903,id_hatespeech,id_hatespeech_nusantara_text,52b35d09-ebeb-4764-9060-789bba52d457,hate_or_noHate_zs_opt_kriteria,train,"Berdasarkan kriteria hatespeech yang ada, apakah pesan yang disampaikan dalam teks berikut: Duh dibilang ga punya program paslon 1... kesian kesian kesian ... #debatfinalpilkadajkt, dianggap sebagai hatespeech?
- iya
- tidak",tidak
2904,id_hatespeech,id_hatespeech_nusantara_text,52b35d09-ebeb-4764-9060-789bba52d457,hate_or_noHate_zs_opt_kriteria,train,"Berdasarkan kriteria hatespeech yang ada, apakah pesan yang disampaikan dalam teks berikut: Tuntut Keadilan Bagi Penista Agama, Puluhan Jawara Betawi Ikuti Aksi 212 Jilid II https:\/\/t.co\/HWVuoZyYov, dianggap sebagai hatespeech?
- iya
- tidak",tidak
2905,id_hatespeech,id_hatespeech_nusantara_text,52b35d09-ebeb-4764-9060-789bba52d457,hate_or_noHate_zs_opt_kriteria,train,"Berdasarkan kriteria hatespeech yang ada, apakah pesan yang disampaikan dalam teks berikut: Keras nih ahok #DebatFinalPilkadaJKT, dianggap sebagai hatespeech?
- iya
- tidak",tidak
2906,id_hatespeech,id_hatespeech_nusantara_text,52b35d09-ebeb-4764-9060-789bba52d457,hate_or_noHate_zs_opt_kriteria,train,"Berdasarkan kriteria hatespeech yang ada, apakah pesan yang disampaikan dalam teks berikut: Paslon 3 Anies Sandiaga Uno 15 Feb 2017 Utk Jakarta Indonesia Raya OK OCE, dianggap sebagai hatespeech?
- iya
- tidak",tidak
2907,id_hatespeech,id_hatespeech_nusantara_text,52b35d09-ebeb-4764-9060-789bba52d457,hate_or_noHate_zs_opt_kriteria,train,"Berdasarkan kriteria hatespeech yang ada, apakah pesan yang disampaikan dalam teks berikut: Sesuai namanya: RONDE FINAL\n\n#DebatFinalPilkadaJKT, dianggap sebagai hatespeech?
- iya
- tidak",tidak
2908,id_hatespeech,id_hatespeech_nusantara_text,52b35d09-ebeb-4764-9060-789bba52d457,hate_or_noHate_zs_opt_kriteria,train,"Berdasarkan kriteria hatespeech yang ada, apakah pesan yang disampaikan dalam teks berikut: Mendagri Tambah Pusing, Ketika MA Emoh Keluarkan Fatwa Status Gubernur Penista Agama https:\/\/t.co\/J34aMQiMNi, dianggap sebagai hatespeech?
- iya
- tidak",tidak
2909,id_hatespeech,id_hatespeech_nusantara_text,52b35d09-ebeb-4764-9060-789bba52d457,hate_or_noHate_zs_opt_kriteria,train,"Berdasarkan kriteria hatespeech yang ada, apakah pesan yang disampaikan dalam teks berikut: Tolong adu program, dianggap sebagai hatespeech?
- iya
- tidak",tidak
2910,id_hatespeech,id_hatespeech_nusantara_text,52b35d09-ebeb-4764-9060-789bba52d457,hate_or_noHate_zs_opt_kriteria,train,"Berdasarkan kriteria hatespeech yang ada, apakah pesan yang disampaikan dalam teks berikut: Genderang perang makin kencang #DebatFinalPilkadaJKT, dianggap sebagai hatespeech?
- iya
- tidak",tidak
2911,id_hatespeech,id_hatespeech_nusantara_text,52b35d09-ebeb-4764-9060-789bba52d457,hate_or_noHate_zs_opt_kriteria,train,"Berdasarkan kriteria hatespeech yang ada, apakah pesan yang disampaikan dalam teks berikut: Mpok sylvi udah mulai emosi \ud83d\ude02\n #DebatFinalPilkadaJKT, dianggap sebagai hatespeech?
- iya
- tidak",tidak
2912,id_hatespeech,id_hatespeech_nusantara_text,52b35d09-ebeb-4764-9060-789bba52d457,hate_or_noHate_zs_opt_kriteria,train,"Berdasarkan kriteria hatespeech yang ada, apakah pesan yang disampaikan dalam teks berikut: Some people gabisa bedain kasar sama tegas. #DebatFinalPilkadaJKT, dianggap sebagai hatespeech?
- iya
- tidak",tidak
2913,id_hatespeech,id_hatespeech_nusantara_text,52b35d09-ebeb-4764-9060-789bba52d457,hate_or_noHate_zs_opt_kriteria,train,"Berdasarkan kriteria hatespeech yang ada, apakah pesan yang disampaikan dalam teks berikut: Beliau para pemimpin hebat Indonesia! Kita bangga https:\/\/t.co\/NAWbps9Xpt https:\/\/t.co\/5cC2U9AIEv, dianggap sebagai hatespeech?
- iya
- tidak",tidak
2914,id_hatespeech,id_hatespeech_nusantara_text,52b35d09-ebeb-4764-9060-789bba52d457,hate_or_noHate_zs_opt_kriteria,train,"Berdasarkan kriteria hatespeech yang ada, apakah pesan yang disampaikan dalam teks berikut: @InformasiDKI mungkin bu silvy jg pengen foto sama pak ahok hihihi #DebatFinalPilkadaJKT, dianggap sebagai hatespeech?
- iya
- tidak",tidak
2915,id_hatespeech,id_hatespeech_nusantara_text,52b35d09-ebeb-4764-9060-789bba52d457,hate_or_noHate_zs_opt_kriteria,train,"Berdasarkan kriteria hatespeech yang ada, apakah pesan yang disampaikan dalam teks berikut: #DebatFinalPilkadaJKT Mulai saling serang deh, dianggap sebagai hatespeech?
- iya
- tidak",tidak
2916,id_hatespeech,id_hatespeech_nusantara_text,52b35d09-ebeb-4764-9060-789bba52d457,hate_or_noHate_zs_opt_kriteria,train,"Berdasarkan kriteria hatespeech yang ada, apakah pesan yang disampaikan dalam teks berikut: RT @InaKinoy: baca ini dulu lah biar mendinginkan suasana #DebatFinalPilkadaJKT https:\/\/t.co\/Em9GCKc4qe, dianggap sebagai hatespeech?
- iya
- tidak",tidak
2917,id_hatespeech,id_hatespeech_nusantara_text,52b35d09-ebeb-4764-9060-789bba52d457,hate_or_noHate_zs_opt_kriteria,train,"Berdasarkan kriteria hatespeech yang ada, apakah pesan yang disampaikan dalam teks berikut: ayo berlomba program jgn pitnah doank.. #DebatFinalPilkadaJKT #BadjaPastimenang, dianggap sebagai hatespeech?
- iya
- tidak",tidak
2918,id_hatespeech,id_hatespeech_nusantara_text,52b35d09-ebeb-4764-9060-789bba52d457,hate_or_noHate_zs_opt_kriteria,train,"Berdasarkan kriteria hatespeech yang ada, apakah pesan yang disampaikan dalam teks berikut: RT @qronoz: Pokoknya kalo Ahok udah ngomong: Aduuuuuuh KELAR. #DebatFinalPilkadaJKT, dianggap sebagai hatespeech?
- iya
- tidak",tidak
2919,id_hatespeech,id_hatespeech_nusantara_text,52b35d09-ebeb-4764-9060-789bba52d457,hate_or_noHate_zs_opt_kriteria,train,"Berdasarkan kriteria hatespeech yang ada, apakah pesan yang disampaikan dalam teks berikut: Senjata makan tuan #DebatFinalPilkadaJKT #DebatFinalDKI, dianggap sebagai hatespeech?
- iya
- tidak",tidak
2920,id_hatespeech,id_hatespeech_nusantara_text,52b35d09-ebeb-4764-9060-789bba52d457,hate_or_noHate_zs_opt_kriteria,train,"Berdasarkan kriteria hatespeech yang ada, apakah pesan yang disampaikan dalam teks berikut: Ahok kekerasan verbal? Masa koruptor dielus2 #DebatFinalPilkadaJKT, dianggap sebagai hatespeech?
- iya
- tidak",tidak
2921,id_hatespeech,id_hatespeech_nusantara_text,52b35d09-ebeb-4764-9060-789bba52d457,hate_or_noHate_zs_opt_kriteria,train,"Berdasarkan kriteria hatespeech yang ada, apakah pesan yang disampaikan dalam teks berikut: RT @qronoz: Gak ada program yang mau diserang yang diserang karakternya. AHaY! \ud83d\ude02 #DebatFinalPilkadaJKT, dianggap sebagai hatespeech?
- iya
- tidak",tidak
2922,id_hatespeech,id_hatespeech_nusantara_text,52b35d09-ebeb-4764-9060-789bba52d457,hate_or_noHate_zs_opt_kriteria,train,"Berdasarkan kriteria hatespeech yang ada, apakah pesan yang disampaikan dalam teks berikut: Terkait Jakarta tak Ramah anak apa tanggapan Pak @aniesbaswedan https:\/\/t.co\/ufA55UWBcI, dianggap sebagai hatespeech?
- iya
- tidak",tidak
2923,id_hatespeech,id_hatespeech_nusantara_text,52b35d09-ebeb-4764-9060-789bba52d457,hate_or_noHate_zs_opt_kriteria,train,"Berdasarkan kriteria hatespeech yang ada, apakah pesan yang disampaikan dalam teks berikut: emang OK OCE anies dan sandi dalam mengatasi urbanisasi dan lapangan kerja #DebatFinalPilkadaJKT https:\/\/t.co\/BrCeCZSkux, dianggap sebagai hatespeech?
- iya
- tidak",tidak
2924,id_hatespeech,id_hatespeech_nusantara_text,52b35d09-ebeb-4764-9060-789bba52d457,hate_or_noHate_zs_opt_kriteria,train,"Berdasarkan kriteria hatespeech yang ada, apakah pesan yang disampaikan dalam teks berikut: Suporternya mulai kampungan paslon masih ngomong jg ...... #DebatFinalPilkadaJKT, dianggap sebagai hatespeech?
- iya
- tidak",tidak
2925,id_hatespeech,id_hatespeech_nusantara_text,52b35d09-ebeb-4764-9060-789bba52d457,hate_or_noHate_zs_opt_kriteria,train,"Berdasarkan kriteria hatespeech yang ada, apakah pesan yang disampaikan dalam teks berikut: Mulai seru ni #DebatFinalPilkadaJKT, dianggap sebagai hatespeech?
- iya
- tidak",tidak
2926,id_hatespeech,id_hatespeech_nusantara_text,52b35d09-ebeb-4764-9060-789bba52d457,hate_or_noHate_zs_opt_kriteria,train,"Berdasarkan kriteria hatespeech yang ada, apakah pesan yang disampaikan dalam teks berikut: #DebatFinalPilkadaJKT nangis nangis ketonjok lagi, dianggap sebagai hatespeech?
- iya
- tidak",tidak
2927,id_hatespeech,id_hatespeech_nusantara_text,52b35d09-ebeb-4764-9060-789bba52d457,hate_or_noHate_zs_opt_kriteria,train,"Berdasarkan kriteria hatespeech yang ada, apakah pesan yang disampaikan dalam teks berikut: RT @Kafyonaa: JADI DEBAT TERAKHIR NANTI MALAM PILIHANMU JATUH KE PASLON YANG MANA? #DebatFinalPilkadaJKT #Debat3PilkadaDKI, dianggap sebagai hatespeech?
- iya
- tidak",tidak
2928,id_hatespeech,id_hatespeech_nusantara_text,52b35d09-ebeb-4764-9060-789bba52d457,hate_or_noHate_zs_opt_kriteria,train,"Berdasarkan kriteria hatespeech yang ada, apakah pesan yang disampaikan dalam teks berikut: RT @magendajuang: Wkwkwk udah dah pilih Anies Sandi aja :) #DebatFinalPilkadaJKT https:\/\/t.co\/hMXhjyHBnJ, dianggap sebagai hatespeech?
- iya
- tidak",tidak
2929,id_hatespeech,id_hatespeech_nusantara_text,52b35d09-ebeb-4764-9060-789bba52d457,hate_or_noHate_zs_opt_kriteria,train,"Berdasarkan kriteria hatespeech yang ada, apakah pesan yang disampaikan dalam teks berikut: fitnah lebih kejam loh dari pembunuhan #DebatFinalPilkadaJKT, dianggap sebagai hatespeech?
- iya
- tidak",tidak
2930,id_hatespeech,id_hatespeech_nusantara_text,52b35d09-ebeb-4764-9060-789bba52d457,hate_or_noHate_zs_opt_kriteria,train,"Berdasarkan kriteria hatespeech yang ada, apakah pesan yang disampaikan dalam teks berikut: mari #debatsehat. jangan coba pakai #datasesat. #DebatFinalPilkadaJKT #DebatFinalDiKompasTV, dianggap sebagai hatespeech?
- iya
- tidak",tidak
2931,id_hatespeech,id_hatespeech_nusantara_text,52b35d09-ebeb-4764-9060-789bba52d457,hate_or_noHate_zs_opt_kriteria,train,"Berdasarkan kriteria hatespeech yang ada, apakah pesan yang disampaikan dalam teks berikut: RT @prastow: Apapun itu, keberanian Ahok membongkar mafia anggaran menjadi tonggak penting menuju APBD yg kredibel dan akuntabel., dianggap sebagai hatespeech?
- iya
- tidak",tidak
2932,id_hatespeech,id_hatespeech_nusantara_text,52b35d09-ebeb-4764-9060-789bba52d457,hate_or_noHate_zs_opt_kriteria,train,"Berdasarkan kriteria hatespeech yang ada, apakah pesan yang disampaikan dalam teks berikut: RT @SydSalesman: inilah wujud nasional-is-me dagangannya @pandji ... hebat! https:\/\/t.co\/0fYIG6c2xl, dianggap sebagai hatespeech?
- iya
- tidak",tidak
2933,id_hatespeech,id_hatespeech_nusantara_text,52b35d09-ebeb-4764-9060-789bba52d457,hate_or_noHate_zs_opt_kriteria,train,"Berdasarkan kriteria hatespeech yang ada, apakah pesan yang disampaikan dalam teks berikut: Pak dosen makin keliatan aslinya :(, dianggap sebagai hatespeech?
- iya
- tidak",tidak
2934,id_hatespeech,id_hatespeech_nusantara_text,52b35d09-ebeb-4764-9060-789bba52d457,hate_or_noHate_zs_opt_kriteria,train,"Berdasarkan kriteria hatespeech yang ada, apakah pesan yang disampaikan dalam teks berikut: RT @gabriellaanDini: Dulu di awal kampanye bukannya uda deklarasi anti SARA??? Tadinya gw pikir no.3 lebih mending dari no.1, dianggap sebagai hatespeech?
- iya
- tidak",tidak
2935,id_hatespeech,id_hatespeech_nusantara_text,52b35d09-ebeb-4764-9060-789bba52d457,hate_or_noHate_zs_opt_kriteria,train,"Berdasarkan kriteria hatespeech yang ada, apakah pesan yang disampaikan dalam teks berikut: #DebatFinalPilkadaJKT mateng mpok Silvy di bombardir Pak Ahok... jawaban cerdas Pak Ahok.., dianggap sebagai hatespeech?
- iya
- tidak",tidak
2936,id_hatespeech,id_hatespeech_nusantara_text,52b35d09-ebeb-4764-9060-789bba52d457,hate_or_noHate_zs_opt_kriteria,train,"Berdasarkan kriteria hatespeech yang ada, apakah pesan yang disampaikan dalam teks berikut: #DebatFinalPilkadaJKT mohon tenang, dianggap sebagai hatespeech?
- iya
- tidak",tidak
2937,id_hatespeech,id_hatespeech_nusantara_text,52b35d09-ebeb-4764-9060-789bba52d457,hate_or_noHate_zs_opt_kriteria,train,"Berdasarkan kriteria hatespeech yang ada, apakah pesan yang disampaikan dalam teks berikut: Yg no.1 nih ngomongin hal yg di luar program mulu ya. Ngga ada bhan ya bwt serang lawan.. Cape dehh! #DebatFinalDKI #DebatFinalPilkadaJKT, dianggap sebagai hatespeech?
- iya
- tidak",tidak
2938,id_hatespeech,id_hatespeech_nusantara_text,52b35d09-ebeb-4764-9060-789bba52d457,hate_or_noHate_zs_opt_kriteria,train,"Berdasarkan kriteria hatespeech yang ada, apakah pesan yang disampaikan dalam teks berikut: Cinta pak Ahok pokoknya #DebatFinalPilkadaJKT, dianggap sebagai hatespeech?
- iya
- tidak",tidak
2939,id_hatespeech,id_hatespeech_nusantara_text,52b35d09-ebeb-4764-9060-789bba52d457,hate_or_noHate_zs_opt_kriteria,train,"Berdasarkan kriteria hatespeech yang ada, apakah pesan yang disampaikan dalam teks berikut: #DebatFinalPilkadaJKT nggak cuma ibu2 yang pengen foto sama Ahok bapak2 juga lho, dianggap sebagai hatespeech?
- iya
- tidak",tidak
2940,id_hatespeech,id_hatespeech_nusantara_text,52b35d09-ebeb-4764-9060-789bba52d457,hate_or_noHate_zs_opt_kriteria,train,"Berdasarkan kriteria hatespeech yang ada, apakah pesan yang disampaikan dalam teks berikut: Mas Agus saya akui malam ini....rambut kamu bagus! #DebatFinalPilkadaJKT, dianggap sebagai hatespeech?
- iya
- tidak",tidak
2941,id_hatespeech,id_hatespeech_nusantara_text,52b35d09-ebeb-4764-9060-789bba52d457,hate_or_noHate_zs_opt_kriteria,train,"Berdasarkan kriteria hatespeech yang ada, apakah pesan yang disampaikan dalam teks berikut: RT @republikaonline: Ahok Janji Berani Tutup Tempat Hiburan Malam yang Jual Narkoba, dianggap sebagai hatespeech?
- iya
- tidak",tidak
2942,id_hatespeech,id_hatespeech_nusantara_text,52b35d09-ebeb-4764-9060-789bba52d457,hate_or_noHate_zs_opt_kriteria,train,"Berdasarkan kriteria hatespeech yang ada, apakah pesan yang disampaikan dalam teks berikut: Agus-Sylvi sisipkan bahasa jawa saat debat https:\/\/t.co\/fGTfXgaINx, dianggap sebagai hatespeech?
- iya
- tidak",tidak
2943,id_hatespeech,id_hatespeech_nusantara_text,52b35d09-ebeb-4764-9060-789bba52d457,hate_or_noHate_zs_opt_kriteria,train,"Berdasarkan kriteria hatespeech yang ada, apakah pesan yang disampaikan dalam teks berikut: RT @hariadhi: Ahok udah perhatikan penyandang disabilitas, jauuuh sebelum kandidat lain berjanji #NobarAhokDjarot #BadjaPastiJuara, dianggap sebagai hatespeech?
- iya
- tidak",tidak
2944,id_hatespeech,id_hatespeech_nusantara_text,52b35d09-ebeb-4764-9060-789bba52d457,hate_or_noHate_zs_opt_kriteria,train,"Berdasarkan kriteria hatespeech yang ada, apakah pesan yang disampaikan dalam teks berikut: Ahok keren!!! #DebatFinalPilkadaJKT, dianggap sebagai hatespeech?
- iya
- tidak",tidak
2945,id_hatespeech,id_hatespeech_nusantara_text,52b35d09-ebeb-4764-9060-789bba52d457,hate_or_noHate_zs_opt_kriteria,train,"Berdasarkan kriteria hatespeech yang ada, apakah pesan yang disampaikan dalam teks berikut: Gimana ya Tim Ahok kok makin disudutkan(?) Mungkin karena ini final kali y, dianggap sebagai hatespeech?
- iya
- tidak",tidak
2946,id_hatespeech,id_hatespeech_nusantara_text,52b35d09-ebeb-4764-9060-789bba52d457,hate_or_noHate_zs_opt_kriteria,train,"Berdasarkan kriteria hatespeech yang ada, apakah pesan yang disampaikan dalam teks berikut: Nih fakta buat yg asbun. #BadjaPastimenang #DebatFinalPilkadaJKT, dianggap sebagai hatespeech?
- iya
- tidak",tidak
2947,id_hatespeech,id_hatespeech_nusantara_text,52b35d09-ebeb-4764-9060-789bba52d457,hate_or_noHate_zs_opt_kriteria,train,"Berdasarkan kriteria hatespeech yang ada, apakah pesan yang disampaikan dalam teks berikut: Siap-siap meme CCTV. #DebatFinalPilkadaJKT #Debat3PilkadaDKI #DebatFinalDKI, dianggap sebagai hatespeech?
- iya
- tidak",tidak
2948,id_hatespeech,id_hatespeech_nusantara_text,52b35d09-ebeb-4764-9060-789bba52d457,hate_or_noHate_zs_opt_kriteria,train,"Berdasarkan kriteria hatespeech yang ada, apakah pesan yang disampaikan dalam teks berikut: Nyinyir tingkat nasional #DebatFinalPilkadaJKT, dianggap sebagai hatespeech?
- iya
- tidak",tidak
2949,id_hatespeech,id_hatespeech_nusantara_text,52b35d09-ebeb-4764-9060-789bba52d457,hate_or_noHate_zs_opt_kriteria,train,"Berdasarkan kriteria hatespeech yang ada, apakah pesan yang disampaikan dalam teks berikut: Drama bgt itu :(( #DebatFinalPilkadaJKT, dianggap sebagai hatespeech?
- iya
- tidak",tidak
2950,id_hatespeech,id_hatespeech_nusantara_text,52b35d09-ebeb-4764-9060-789bba52d457,hate_or_noHate_zs_opt_kriteria,train,"Berdasarkan kriteria hatespeech yang ada, apakah pesan yang disampaikan dalam teks berikut: Ini judulnya Debat atau nyerang paslon 2 ?????? #DebatFinalPilkadaJKT, dianggap sebagai hatespeech?
- iya
- tidak",tidak
2951,id_hatespeech,id_hatespeech_nusantara_text,52b35d09-ebeb-4764-9060-789bba52d457,hate_or_noHate_zs_opt_kriteria,train,"Berdasarkan kriteria hatespeech yang ada, apakah pesan yang disampaikan dalam teks berikut: Lha kok menyerang gitu ya #DebatFinalPilkadaJKT, dianggap sebagai hatespeech?
- iya
- tidak",tidak
2952,id_hatespeech,id_hatespeech_nusantara_text,52b35d09-ebeb-4764-9060-789bba52d457,hate_or_noHate_zs_opt_kriteria,train,"Berdasarkan kriteria hatespeech yang ada, apakah pesan yang disampaikan dalam teks berikut: Debat sama berantem beda tipis #DebatFinalPilkadaJKT, dianggap sebagai hatespeech?
- iya
- tidak",tidak
2953,id_hatespeech,id_hatespeech_nusantara_text,52b35d09-ebeb-4764-9060-789bba52d457,hate_or_noHate_zs_opt_kriteria,train,"Berdasarkan kriteria hatespeech yang ada, apakah pesan yang disampaikan dalam teks berikut: Orang tegas dibilang maki-maki orang -_- #DebatFinalPilkadaJKT, dianggap sebagai hatespeech?
- iya
- tidak",tidak
2954,id_hatespeech,id_hatespeech_nusantara_text,52b35d09-ebeb-4764-9060-789bba52d457,hate_or_noHate_zs_opt_kriteria,train,"Berdasarkan kriteria hatespeech yang ada, apakah pesan yang disampaikan dalam teks berikut: 1 atau 2 perempuan berbeda dengan kaum perempuan #DebatFinalPilkadaJK, dianggap sebagai hatespeech?
- iya
- tidak",tidak
2955,id_hatespeech,id_hatespeech_nusantara_text,52b35d09-ebeb-4764-9060-789bba52d457,hate_or_noHate_zs_opt_kriteria,train,"Berdasarkan kriteria hatespeech yang ada, apakah pesan yang disampaikan dalam teks berikut: mantap OK OCE anies sandi dalam mengatasi urbanisasi dan lapangan kerja, dianggap sebagai hatespeech?
- iya
- tidak",tidak
2956,id_hatespeech,id_hatespeech_nusantara_text,52b35d09-ebeb-4764-9060-789bba52d457,hate_or_noHate_zs_opt_kriteria,train,"Berdasarkan kriteria hatespeech yang ada, apakah pesan yang disampaikan dalam teks berikut: RT @WisnuDewobroto: Ga seru nih. selalu mengungkit masa lalu :). kekerasan Verbal semua pernah lakukan manusia biasa. #DebatFinalPilkadaJKT, dianggap sebagai hatespeech?
- iya
- tidak",tidak
2957,id_hatespeech,id_hatespeech_nusantara_text,52b35d09-ebeb-4764-9060-789bba52d457,hate_or_noHate_zs_opt_kriteria,train,"Berdasarkan kriteria hatespeech yang ada, apakah pesan yang disampaikan dalam teks berikut: satu perempuan bukan semua perempuan #DebatFinalPilkadaJKT, dianggap sebagai hatespeech?
- iya
- tidak",tidak
2958,id_hatespeech,id_hatespeech_nusantara_text,52b35d09-ebeb-4764-9060-789bba52d457,hate_or_noHate_zs_opt_kriteria,train,"Berdasarkan kriteria hatespeech yang ada, apakah pesan yang disampaikan dalam teks berikut: #DebatFinalPilkadaJKT Pertanyaan paslon 1 dpt dikategorikan sbg kekerasan dalam debat., dianggap sebagai hatespeech?
- iya
- tidak",tidak
2959,id_hatespeech,id_hatespeech_nusantara_text,52b35d09-ebeb-4764-9060-789bba52d457,hate_or_noHate_zs_opt_kriteria,train,"Berdasarkan kriteria hatespeech yang ada, apakah pesan yang disampaikan dalam teks berikut: @jokowi pak maafkan saya. Biarkan malam ini saja saya memposting ujaran kebencian. Hanya malam ini saja pak xoxo #DebatFinalPilkadaJKT, dianggap sebagai hatespeech?
- iya
- tidak",tidak
2960,id_hatespeech,id_hatespeech_nusantara_text,52b35d09-ebeb-4764-9060-789bba52d457,hate_or_noHate_zs_opt_kriteria,train,"Berdasarkan kriteria hatespeech yang ada, apakah pesan yang disampaikan dalam teks berikut: Semoga Allah memenangkan pak Anies-sandi https:\/\/t.co\/sns0rXRw3f, dianggap sebagai hatespeech?
- iya
- tidak",tidak
2961,id_hatespeech,id_hatespeech_nusantara_text,52b35d09-ebeb-4764-9060-789bba52d457,hate_or_noHate_zs_opt_kriteria,train,"Berdasarkan kriteria hatespeech yang ada, apakah pesan yang disampaikan dalam teks berikut: #DebatFinalPilkadaJKT non muslim coblos Ahok muslim coblos Djarot. Bagaimana?, dianggap sebagai hatespeech?
- iya
- tidak",tidak
2962,id_hatespeech,id_hatespeech_nusantara_text,52b35d09-ebeb-4764-9060-789bba52d457,hate_or_noHate_zs_opt_kriteria,train,"Berdasarkan kriteria hatespeech yang ada, apakah pesan yang disampaikan dalam teks berikut: #DebatFinalPilkadaJKT *pemimpin harus dapat ciptakan suasana damai tentram dan bukan adu domba atau hasutan, dianggap sebagai hatespeech?
- iya
- tidak",tidak
2963,id_hatespeech,id_hatespeech_nusantara_text,52b35d09-ebeb-4764-9060-789bba52d457,hate_or_noHate_zs_opt_kriteria,train,"Berdasarkan kriteria hatespeech yang ada, apakah pesan yang disampaikan dalam teks berikut: Saya bertanya kepada Bapak Presiden dan Kapolri OK OCE tuh apaan? #DebatFinalPilkadaJKT, dianggap sebagai hatespeech?
- iya
- tidak",tidak
2964,id_hatespeech,id_hatespeech_nusantara_text,52b35d09-ebeb-4764-9060-789bba52d457,hate_or_noHate_zs_opt_kriteria,train,"Berdasarkan kriteria hatespeech yang ada, apakah pesan yang disampaikan dalam teks berikut: Keliatan banget keberpihakan media #DebatFinalPilkadaJKT, dianggap sebagai hatespeech?
- iya
- tidak",tidak
2965,id_hatespeech,id_hatespeech_nusantara_text,52b35d09-ebeb-4764-9060-789bba52d457,hate_or_noHate_zs_opt_kriteria,train,"Berdasarkan kriteria hatespeech yang ada, apakah pesan yang disampaikan dalam teks berikut: RT @di_HatiKecil: Bagus nih ilustrasinya #DebatFinalPilkadaJKT https:\/\/t.co\/zAQLqrBiUF, dianggap sebagai hatespeech?
- iya
- tidak",tidak
2966,id_hatespeech,id_hatespeech_nusantara_text,52b35d09-ebeb-4764-9060-789bba52d457,hate_or_noHate_zs_opt_kriteria,train,"Berdasarkan kriteria hatespeech yang ada, apakah pesan yang disampaikan dalam teks berikut: RT @rezaoktovian: Ahok terlalu keren :'), dianggap sebagai hatespeech?
- iya
- tidak",tidak
2967,id_hatespeech,id_hatespeech_nusantara_text,52b35d09-ebeb-4764-9060-789bba52d457,hate_or_noHate_zs_opt_kriteria,train,"Berdasarkan kriteria hatespeech yang ada, apakah pesan yang disampaikan dalam teks berikut: isinya timeline twitter cm pilkada.. membosankan sekali.., dianggap sebagai hatespeech?
- iya
- tidak",tidak
2968,id_hatespeech,id_hatespeech_nusantara_text,52b35d09-ebeb-4764-9060-789bba52d457,hate_or_noHate_zs_opt_kriteria,train,"Berdasarkan kriteria hatespeech yang ada, apakah pesan yang disampaikan dalam teks berikut: Mohon tenang mohon tenang #DebatFinalPilkadaJKT, dianggap sebagai hatespeech?
- iya
- tidak",tidak
2969,id_hatespeech,id_hatespeech_nusantara_text,52b35d09-ebeb-4764-9060-789bba52d457,hate_or_noHate_zs_opt_kriteria,train,"Berdasarkan kriteria hatespeech yang ada, apakah pesan yang disampaikan dalam teks berikut: ah diulang. Jawabannya bisa beda kan? #DebatFinalPilkadaJKT, dianggap sebagai hatespeech?
- iya
- tidak",tidak
2970,id_hatespeech,id_hatespeech_nusantara_text,52b35d09-ebeb-4764-9060-789bba52d457,hate_or_noHate_zs_opt_kriteria,train,"Berdasarkan kriteria hatespeech yang ada, apakah pesan yang disampaikan dalam teks berikut: Perasaan bukan pertanyaan itu deh yg td dijawab om @aniesbaswedan audionya ga keluar atau ia ya? #DebatFinalPilkadaJKT, dianggap sebagai hatespeech?
- iya
- tidak",tidak
2971,id_hatespeech,id_hatespeech_nusantara_text,52b35d09-ebeb-4764-9060-789bba52d457,hate_or_noHate_zs_opt_kriteria,train,"Berdasarkan kriteria hatespeech yang ada, apakah pesan yang disampaikan dalam teks berikut: Boleh tinggal di pinggir kali meski bukan tanahnya boleh jualan di pinggir jalan, dianggap sebagai hatespeech?
- iya
- tidak",tidak
2972,id_hatespeech,id_hatespeech_nusantara_text,52b35d09-ebeb-4764-9060-789bba52d457,hate_or_noHate_zs_opt_kriteria,train,"Berdasarkan kriteria hatespeech yang ada, apakah pesan yang disampaikan dalam teks berikut: RT @rigenz123: Sehatkan Warga DKI Melalui #JakartaBerlari Barulah Pembangunan Dapat Sejahterakan Warganya. #DebatFinalPilkadaJKT, dianggap sebagai hatespeech?
- iya
- tidak",tidak
2973,id_hatespeech,id_hatespeech_nusantara_text,52b35d09-ebeb-4764-9060-789bba52d457,hate_or_noHate_zs_opt_kriteria,train,"Berdasarkan kriteria hatespeech yang ada, apakah pesan yang disampaikan dalam teks berikut: kalau kamu diputuskan pacar tanpa sebab mungkin program OKE OCE bisa jadi solusi nya #DebatFinalPilkadaJKT, dianggap sebagai hatespeech?
- iya
- tidak",tidak
2974,id_hatespeech,id_hatespeech_nusantara_text,52b35d09-ebeb-4764-9060-789bba52d457,hate_or_noHate_zs_opt_kriteria,train,"Berdasarkan kriteria hatespeech yang ada, apakah pesan yang disampaikan dalam teks berikut: Melibatkan yang paham pada bidangnya untuk duduk bersama memecahkan solusi. Cara kepemimpinan yg cerdas ! #DebatFinalPilkadaJKT, dianggap sebagai hatespeech?
- iya
- tidak",tidak
2975,id_hatespeech,id_hatespeech_nusantara_text,52b35d09-ebeb-4764-9060-789bba52d457,hate_or_noHate_zs_opt_kriteria,train,"Berdasarkan kriteria hatespeech yang ada, apakah pesan yang disampaikan dalam teks berikut: Justru laki-laki lah yang sering mengalami kekerasan verbal. Berapa kali dirimu dimarahi istrimu..? Ayo ngaku., dianggap sebagai hatespeech?
- iya
- tidak",tidak
2976,id_hatespeech,id_hatespeech_nusantara_text,52b35d09-ebeb-4764-9060-789bba52d457,hate_or_noHate_zs_opt_kriteria,train,"Berdasarkan kriteria hatespeech yang ada, apakah pesan yang disampaikan dalam teks berikut: RT @TirtoID: Soal gerakan-gerakan ala @aniesbaswedan #PeriksaData #DebatFinalPilkadaJKT, dianggap sebagai hatespeech?
- iya
- tidak",tidak
2977,id_hatespeech,id_hatespeech_nusantara_text,52b35d09-ebeb-4764-9060-789bba52d457,hate_or_noHate_zs_opt_kriteria,train,"Berdasarkan kriteria hatespeech yang ada, apakah pesan yang disampaikan dalam teks berikut: Mayoritas warga Jakarta ingin dipimpin Gubernur baru. Emang iya? #DebatFinalPilkadaJKT, dianggap sebagai hatespeech?
- iya
- tidak",tidak
2978,id_hatespeech,id_hatespeech_nusantara_text,52b35d09-ebeb-4764-9060-789bba52d457,hate_or_noHate_zs_opt_kriteria,train,"Berdasarkan kriteria hatespeech yang ada, apakah pesan yang disampaikan dalam teks berikut: Paslon 1 selalu nyerang paslon 2 ni #DebatFinalPilkadaJKT, dianggap sebagai hatespeech?
- iya
- tidak",tidak
2979,id_hatespeech,id_hatespeech_nusantara_text,52b35d09-ebeb-4764-9060-789bba52d457,hate_or_noHate_zs_opt_kriteria,train,"Berdasarkan kriteria hatespeech yang ada, apakah pesan yang disampaikan dalam teks berikut: RT @JktMajuBersama: Upaya Anies-Sandi untuk mendukung perempuan menjadi pelaku UKM :) #DebatFinalPilkadaJKT, dianggap sebagai hatespeech?
- iya
- tidak",tidak
2980,id_hatespeech,id_hatespeech_nusantara_text,52b35d09-ebeb-4764-9060-789bba52d457,hate_or_noHate_zs_opt_kriteria,train,"Berdasarkan kriteria hatespeech yang ada, apakah pesan yang disampaikan dalam teks berikut: Salah satu indikator meningkatnya kualitas hidup warga Jkt adl terus bisa tersenyum seperti Pak Djarot malam ini, dianggap sebagai hatespeech?
- iya
- tidak",tidak
2981,id_hatespeech,id_hatespeech_nusantara_text,52b35d09-ebeb-4764-9060-789bba52d457,hate_or_noHate_zs_opt_kriteria,train,"Berdasarkan kriteria hatespeech yang ada, apakah pesan yang disampaikan dalam teks berikut: Tontonan yg wajib ditunggu sehabis #DebatFinalPilkadaJKT, dianggap sebagai hatespeech?
- iya
- tidak",tidak
2982,id_hatespeech,id_hatespeech_nusantara_text,52b35d09-ebeb-4764-9060-789bba52d457,hate_or_noHate_zs_opt_kriteria,train,"Berdasarkan kriteria hatespeech yang ada, apakah pesan yang disampaikan dalam teks berikut: RT @ainouun: Pak Ahok : penyandang disabilitas bukan hanya mereka, suatu saat kita juga bisa jadi. #DebatFinalPilkadaJKT, dianggap sebagai hatespeech?
- iya
- tidak",tidak
2983,id_hatespeech,id_hatespeech_nusantara_text,52b35d09-ebeb-4764-9060-789bba52d457,hate_or_noHate_zs_opt_kriteria,train,"Berdasarkan kriteria hatespeech yang ada, apakah pesan yang disampaikan dalam teks berikut: RT @tribunjateng: Saat Jeda, Ahok dan Djarot Sapa Ganjar Pranowo dari Atas Panggung, dianggap sebagai hatespeech?
- iya
- tidak",tidak
2984,id_hatespeech,id_hatespeech_nusantara_text,52b35d09-ebeb-4764-9060-789bba52d457,hate_or_noHate_zs_opt_kriteria,train,"Berdasarkan kriteria hatespeech yang ada, apakah pesan yang disampaikan dalam teks berikut: @Boojaee sayang hyung cuma pencitraan :* wkwk, dianggap sebagai hatespeech?
- iya
- tidak",tidak
2985,id_hatespeech,id_hatespeech_nusantara_text,52b35d09-ebeb-4764-9060-789bba52d457,hate_or_noHate_zs_opt_kriteria,train,"Berdasarkan kriteria hatespeech yang ada, apakah pesan yang disampaikan dalam teks berikut: @kurawa Msh inget sm ibu penjual kue di balaikota, cm Pak Ahok yg tau klo si ibu sakit, ibu itu langsung diurus ke rs. Ini bukan pencitraan., dianggap sebagai hatespeech?
- iya
- tidak",tidak
2986,id_hatespeech,id_hatespeech_nusantara_text,52b35d09-ebeb-4764-9060-789bba52d457,hate_or_noHate_zs_opt_kriteria,train,"Berdasarkan kriteria hatespeech yang ada, apakah pesan yang disampaikan dalam teks berikut: Biar jajan naik sejuta https://t.co/veZ5PXxDfr, dianggap sebagai hatespeech?
- iya
- tidak",tidak
2987,id_hatespeech,id_hatespeech_nusantara_text,52b35d09-ebeb-4764-9060-789bba52d457,hate_or_noHate_zs_opt_kriteria,train,"Berdasarkan kriteria hatespeech yang ada, apakah pesan yang disampaikan dalam teks berikut: bio gw belum diganti astagfirullah rusak pencitraan cewe cantik, dianggap sebagai hatespeech?
- iya
- tidak",tidak
2988,id_hatespeech,id_hatespeech_nusantara_text,52b35d09-ebeb-4764-9060-789bba52d457,hate_or_noHate_zs_opt_kriteria,train,"Berdasarkan kriteria hatespeech yang ada, apakah pesan yang disampaikan dalam teks berikut: #MataNajwaDebatJakarta Ya ampun udh closing statement msh aja commentnya ky gitu ya, dianggap sebagai hatespeech?
- iya
- tidak",tidak
2989,id_hatespeech,id_hatespeech_nusantara_text,52b35d09-ebeb-4764-9060-789bba52d457,hate_or_noHate_zs_opt_kriteria,train,"Berdasarkan kriteria hatespeech yang ada, apakah pesan yang disampaikan dalam teks berikut: Hah uda closing statement?? Cepet bener?? #DebatFinalPilkadaJKT, dianggap sebagai hatespeech?
- iya
- tidak",tidak
2990,id_hatespeech,id_hatespeech_nusantara_text,52b35d09-ebeb-4764-9060-789bba52d457,hate_or_noHate_zs_opt_kriteria,train,"Berdasarkan kriteria hatespeech yang ada, apakah pesan yang disampaikan dalam teks berikut: RT @digembok: #DebatFinalPilkadaJKT kali ini keren.Biasanya ada sesi tanya-jawab Kali ini ada SESI CURHAT, dianggap sebagai hatespeech?
- iya
- tidak",tidak
2991,id_hatespeech,id_hatespeech_nusantara_text,52b35d09-ebeb-4764-9060-789bba52d457,hate_or_noHate_zs_opt_kriteria,train,"Berdasarkan kriteria hatespeech yang ada, apakah pesan yang disampaikan dalam teks berikut: Ketiga paslon gagal menjawab pertanyaan yang jawabannya harus memuji kebaikan paslon lain, dianggap sebagai hatespeech?
- iya
- tidak",tidak
2992,id_hatespeech,id_hatespeech_nusantara_text,52b35d09-ebeb-4764-9060-789bba52d457,hate_or_noHate_zs_opt_kriteria,train,"Berdasarkan kriteria hatespeech yang ada, apakah pesan yang disampaikan dalam teks berikut: Mari berjuang bersama SBYudhoyono utk memenangkan #SaduddinDhani di #PilkadaKabBekasi2017 #BekasiSAH #BekasiBerjaya, dianggap sebagai hatespeech?
- iya
- tidak",tidak
2993,id_hatespeech,id_hatespeech_nusantara_text,52b35d09-ebeb-4764-9060-789bba52d457,hate_or_noHate_zs_opt_kriteria,train,"Berdasarkan kriteria hatespeech yang ada, apakah pesan yang disampaikan dalam teks berikut: Jikapun aparatur bisa dibeli, kyai dan santri oplosan dibeli. Masih ada yng ASLI, siap MELAWAN KETIDAKADILAN https://t.co/riloAH9gAd, dianggap sebagai hatespeech?
- iya
- tidak",tidak
2994,id_hatespeech,id_hatespeech_nusantara_text,52b35d09-ebeb-4764-9060-789bba52d457,hate_or_noHate_zs_opt_kriteria,train,"Berdasarkan kriteria hatespeech yang ada, apakah pesan yang disampaikan dalam teks berikut: Pasangan mana yang unggul dalam debat kandidat Gubernur-Wagub DKI Jakarta Malam Ini?, dianggap sebagai hatespeech?
- iya
- tidak",tidak
2995,id_hatespeech,id_hatespeech_nusantara_text,52b35d09-ebeb-4764-9060-789bba52d457,hate_or_noHate_zs_opt_kriteria,train,"Berdasarkan kriteria hatespeech yang ada, apakah pesan yang disampaikan dalam teks berikut: Keberagaman itu datang dr hati terdalam, bukan dr pencitraan #Tetap3 #JKTBeragam, dianggap sebagai hatespeech?
- iya
- tidak",tidak
2996,id_hatespeech,id_hatespeech_nusantara_text,52b35d09-ebeb-4764-9060-789bba52d457,hate_or_noHate_zs_opt_kriteria,train,"Berdasarkan kriteria hatespeech yang ada, apakah pesan yang disampaikan dalam teks berikut: Membangun bangsa dan negara ini engga cukup dengan metoda pencitraan saja ,tanpa teruji lewat rekam jejak dan integritas tokohnya, dianggap sebagai hatespeech?
- iya
- tidak",tidak
2997,id_hatespeech,id_hatespeech_nusantara_text,52b35d09-ebeb-4764-9060-789bba52d457,hate_or_noHate_zs_opt_kriteria,train,"Berdasarkan kriteria hatespeech yang ada, apakah pesan yang disampaikan dalam teks berikut: RT @adelladellaide: Bersikap baik dan menjaga prilaku di depan umum bukan berarti pencitraan, bukan pula ""menjadi orang lain""., dianggap sebagai hatespeech?
- iya
- tidak",tidak
2998,id_hatespeech,id_hatespeech_nusantara_text,52b35d09-ebeb-4764-9060-789bba52d457,hate_or_noHate_zs_opt_kriteria,train,"Berdasarkan kriteria hatespeech yang ada, apakah pesan yang disampaikan dalam teks berikut: RT @FiersaBesari: Saat jujur, ada yg curiga. Saat berbuat baik, ada yg menuduh pencitraan. Saat bahagia, ada yg iri. Abaikan., dianggap sebagai hatespeech?
- iya
- tidak",tidak
2999,id_hatespeech,id_hatespeech_nusantara_text,52b35d09-ebeb-4764-9060-789bba52d457,hate_or_noHate_zs_opt_kriteria,train,"Berdasarkan kriteria hatespeech yang ada, apakah pesan yang disampaikan dalam teks berikut: Umat Islam yg peduli agama mrk, tentu tdk akan tergoda dg trik2 konyol seperti ini, InshaAllah umat Islam sdh sadar https://t.co/PFH1MPsKFO, dianggap sebagai hatespeech?
- iya
- tidak",tidak
3000,id_hatespeech,id_hatespeech_nusantara_text,52b35d09-ebeb-4764-9060-789bba52d457,hate_or_noHate_zs_opt_kriteria,train,"Berdasarkan kriteria hatespeech yang ada, apakah pesan yang disampaikan dalam teks berikut: #AniesIntoleran \nAnies Baswedan, tak lagi memiliki integritas dan kredibilitas sebagai seorang pemimpin. https://t.co/rv053Gt4j8, dianggap sebagai hatespeech?
- iya
- tidak",tidak
3001,id_hatespeech,id_hatespeech_nusantara_text,52b35d09-ebeb-4764-9060-789bba52d457,hate_or_noHate_zs_opt_kriteria,train,"Berdasarkan kriteria hatespeech yang ada, apakah pesan yang disampaikan dalam teks berikut: @agusriyadi12345 Apakah perlu semua berita ahok harus menggunakan penista agama. Misalnya Penista agama sedang kampanye di Jakarta pusat., dianggap sebagai hatespeech?
- iya
- tidak",tidak
3002,id_hatespeech,id_hatespeech_nusantara_text,52b35d09-ebeb-4764-9060-789bba52d457,hate_or_noHate_zs_opt_kriteria,train,"Berdasarkan kriteria hatespeech yang ada, apakah pesan yang disampaikan dalam teks berikut: @agusriyadi12345 Apakah tidak sadis, jika semua berita tentang ahok, judulnya diawali degan Terdakwa penista agama bukan menggunakan nama?, dianggap sebagai hatespeech?
- iya
- tidak",tidak
3003,id_hatespeech,id_hatespeech_nusantara_text,52b35d09-ebeb-4764-9060-789bba52d457,hate_or_noHate_zs_opt_kriteria,train,"Berdasarkan kriteria hatespeech yang ada, apakah pesan yang disampaikan dalam teks berikut: @Altefalken kemarin kan ada berita tentang penyakit mengingitis dari Babi, mksd gw apa nyambungnya sama ahok?, dianggap sebagai hatespeech?
- iya
- tidak",tidak
3004,id_hatespeech,id_hatespeech_nusantara_text,52b35d09-ebeb-4764-9060-789bba52d457,hate_or_noHate_zs_opt_kriteria,train,"Berdasarkan kriteria hatespeech yang ada, apakah pesan yang disampaikan dalam teks berikut: @ISejunnie @AHMADDHANIPRAST artis korea bisa world tour ahmad dhani bisa ?, dianggap sebagai hatespeech?
- iya
- tidak",tidak
3005,id_hatespeech,id_hatespeech_nusantara_text,52b35d09-ebeb-4764-9060-789bba52d457,hate_or_noHate_zs_opt_kriteria,train,"Berdasarkan kriteria hatespeech yang ada, apakah pesan yang disampaikan dalam teks berikut: @HaqueMarissa ,, ahok di jakarta , daging babi di bali apa hubungan nya ya??, dianggap sebagai hatespeech?
- iya
- tidak",tidak
3006,id_hatespeech,id_hatespeech_nusantara_text,52b35d09-ebeb-4764-9060-789bba52d457,hate_or_noHate_zs_opt_kriteria,train,"Berdasarkan kriteria hatespeech yang ada, apakah pesan yang disampaikan dalam teks berikut: Ahmad Dhani Bangkrut Ditagih Utang Melalui Video, Mantan Istrinya Jadi Janda Kaya Raya: Hampir setahun berlalu, https://t.co/22InRwRR26, dianggap sebagai hatespeech?
- iya
- tidak",tidak
3007,id_hatespeech,id_hatespeech_nusantara_text,52b35d09-ebeb-4764-9060-789bba52d457,hate_or_noHate_zs_opt_kriteria,train,"Berdasarkan kriteria hatespeech yang ada, apakah pesan yang disampaikan dalam teks berikut: Ahmad Dhani Sentil AHOK, eh Sandiaga Uno cengar cengir.!: https://t.co/vhDAAa3ShI melalui @YouTube, dianggap sebagai hatespeech?
- iya
- tidak",tidak
3008,id_hatespeech,id_hatespeech_nusantara_text,52b35d09-ebeb-4764-9060-789bba52d457,hate_or_noHate_zs_opt_kriteria,train,"Berdasarkan kriteria hatespeech yang ada, apakah pesan yang disampaikan dalam teks berikut: Hehhee.. Makanya jangan mengagumi sesorng berlebihan.. Kecuali kepada Rasulullah.. https://t.co/ZXVB2DiRMg, dianggap sebagai hatespeech?
- iya
- tidak",tidak
3009,id_hatespeech,id_hatespeech_nusantara_text,52b35d09-ebeb-4764-9060-789bba52d457,hate_or_noHate_zs_opt_kriteria,train,"Berdasarkan kriteria hatespeech yang ada, apakah pesan yang disampaikan dalam teks berikut: #MataNajwaDebatJakarta acara uda abis menurut kalian debat sapa yang betul-betul memaparkan prog dan solusi?, dianggap sebagai hatespeech?
- iya
- tidak",tidak
3010,id_hatespeech,id_hatespeech_nusantara_text,52b35d09-ebeb-4764-9060-789bba52d457,hate_or_noHate_zs_opt_kriteria,train,"Berdasarkan kriteria hatespeech yang ada, apakah pesan yang disampaikan dalam teks berikut: Mereka (koruptor) meletakkan kitab suci ditempat paling rendah...tapi masih sok jadi pemilik kapling surga... https://t.co/oj5YN3WBeI, dianggap sebagai hatespeech?
- iya
- tidak",tidak
3011,id_hatespeech,id_hatespeech_nusantara_text,52b35d09-ebeb-4764-9060-789bba52d457,hate_or_noHate_zs_opt_kriteria,train,"Berdasarkan kriteria hatespeech yang ada, apakah pesan yang disampaikan dalam teks berikut: RT @99Ohhani: Woww dukungan Rakyat Palestina ke Ahok yg dituduhSbg penista Agama ?? mrk Mengelu2kan Ahok !!!Ahok is The Best https://t.co/, dianggap sebagai hatespeech?
- iya
- tidak",tidak
3012,id_hatespeech,id_hatespeech_nusantara_text,52b35d09-ebeb-4764-9060-789bba52d457,hate_or_noHate_zs_opt_kriteria,train,"Berdasarkan kriteria hatespeech yang ada, apakah pesan yang disampaikan dalam teks berikut: Pencitraan di socmed itu boleh-boleh aja. Tapi harus bisa tanggung jawab sama citra yang udh dibikin. Jangan sampe jadi malu-maluin. Kasian., dianggap sebagai hatespeech?
- iya
- tidak",tidak
3013,id_hatespeech,id_hatespeech_nusantara_text,52b35d09-ebeb-4764-9060-789bba52d457,hate_or_noHate_zs_opt_kriteria,train,"Berdasarkan kriteria hatespeech yang ada, apakah pesan yang disampaikan dalam teks berikut: RT @kompascom: Kasus Kicauan Ahmad Dhani Dilimpahkan ke Polres Metro Jakarta Selatan. https://t.co/uJ0m7JernN, dianggap sebagai hatespeech?
- iya
- tidak",tidak
3014,id_hatespeech,id_hatespeech_nusantara_text,52b35d09-ebeb-4764-9060-789bba52d457,hate_or_noHate_zs_opt_kriteria,train,"Berdasarkan kriteria hatespeech yang ada, apakah pesan yang disampaikan dalam teks berikut: RT @kv_kahfi: Komplit bgt yaaaa..... Heran nya msh aja yg percaya dan idolain dia https://t.co/PNTYRAnaJO, dianggap sebagai hatespeech?
- iya
- tidak",tidak
3015,id_hatespeech,id_hatespeech_nusantara_text,52b35d09-ebeb-4764-9060-789bba52d457,hate_or_noHate_zs_opt_kriteria,train,"Berdasarkan kriteria hatespeech yang ada, apakah pesan yang disampaikan dalam teks berikut: RT @m0th3rb04rd__: bagaimana keadilan bisa tercipta jika si penista agama belum di vonis penjara\n #BerjamaahTolakReklamasi, dianggap sebagai hatespeech?
- iya
- tidak",tidak
3016,id_hatespeech,id_hatespeech_nusantara_text,52b35d09-ebeb-4764-9060-789bba52d457,hate_or_noHate_zs_opt_kriteria,train,"Berdasarkan kriteria hatespeech yang ada, apakah pesan yang disampaikan dalam teks berikut: RT @TeddyGusnaidi: Bro.. Kalau yg dimaksud Fatwa Penista agama, MUI gak pernah mengeluarkan Fatwa. https://t.co/x9uXhqJKCa, dianggap sebagai hatespeech?
- iya
- tidak",tidak
3017,id_hatespeech,id_hatespeech_nusantara_text,52b35d09-ebeb-4764-9060-789bba52d457,hate_or_noHate_zs_opt_kriteria,train,"Berdasarkan kriteria hatespeech yang ada, apakah pesan yang disampaikan dalam teks berikut: RT @TeddyGusnaidi: Sidang hari ini makin menguatkan bahwa Ahok bukan penista agama.. Ada yang bisa bantah?? \nhttps://t.co/2Ksj4snR1t, dianggap sebagai hatespeech?
- iya
- tidak",tidak
3018,id_hatespeech,id_hatespeech_nusantara_text,52b35d09-ebeb-4764-9060-789bba52d457,hate_or_noHate_zs_opt_kriteria,train,"Berdasarkan kriteria hatespeech yang ada, apakah pesan yang disampaikan dalam teks berikut: Sebut Ahok Bukan Akademisi, Ahmad Dhani: Secara Intelektual, Lebih Intelek Bang Anies https://t.co/YrzfmMV1LG, dianggap sebagai hatespeech?
- iya
- tidak",tidak
3019,id_hatespeech,id_hatespeech_nusantara_text,52b35d09-ebeb-4764-9060-789bba52d457,hate_or_noHate_zs_opt_kriteria,train,"Berdasarkan kriteria hatespeech yang ada, apakah pesan yang disampaikan dalam teks berikut: Yg melakukan Penista Agama sesungguhnya, agama yg suci digunakan alat untuk mengejar jabatan (kekuasaan) https://t.co/hKvZIpm8ZS, dianggap sebagai hatespeech?
- iya
- tidak",tidak
3020,id_hatespeech,id_hatespeech_nusantara_text,52b35d09-ebeb-4764-9060-789bba52d457,hate_or_noHate_zs_opt_kriteria,train,"Berdasarkan kriteria hatespeech yang ada, apakah pesan yang disampaikan dalam teks berikut: Kalah di Pilkada Bekasi, Ahmad Dhani Jadi Juru Kampanye Pasangan Anies-Sandi https://t.co/oIZpN8hYnd #NenengYes https://t.co/FGOhKhXWxt, dianggap sebagai hatespeech?
- iya
- tidak",tidak
3021,id_hatespeech,id_hatespeech_nusantara_text,52b35d09-ebeb-4764-9060-789bba52d457,hate_or_noHate_zs_opt_kriteria,train,"Berdasarkan kriteria hatespeech yang ada, apakah pesan yang disampaikan dalam teks berikut: #MataNajwaDebatJakarta Bravo closing statement Anies malam ini.kalau nggak ada debat saya nggak mungkin nonton mata najwa sdh lama tdk suka., dianggap sebagai hatespeech?
- iya
- tidak",tidak
3022,id_hatespeech,id_hatespeech_nusantara_text,52b35d09-ebeb-4764-9060-789bba52d457,hate_or_noHate_zs_opt_kriteria,train,"Berdasarkan kriteria hatespeech yang ada, apakah pesan yang disampaikan dalam teks berikut: #MataNajwaDebatJakarta jawaban terakhir Anis jadi bikin ingat jawaban dia pas debat kemarin, ""jawaban anda menarik tapi tidak nyambung"", dianggap sebagai hatespeech?
- iya
- tidak",tidak
3023,id_hatespeech,id_hatespeech_nusantara_text,52b35d09-ebeb-4764-9060-789bba52d457,hate_or_noHate_zs_opt_kriteria,train,"Berdasarkan kriteria hatespeech yang ada, apakah pesan yang disampaikan dalam teks berikut: #MataNajwaDebatJakarta buzzer ahok lagi kerja keras nih,.ayo kerja2 tar gajian ga turun, dianggap sebagai hatespeech?
- iya
- tidak",tidak
3024,id_hatespeech,id_hatespeech_nusantara_text,52b35d09-ebeb-4764-9060-789bba52d457,hate_or_noHate_zs_opt_kriteria,train,"Berdasarkan kriteria hatespeech yang ada, apakah pesan yang disampaikan dalam teks berikut: #MataNajwaDebatJakarta kerendahan hati dan lawan kerendahan hati kelihatan banget.., dianggap sebagai hatespeech?
- iya
- tidak",tidak
3025,id_hatespeech,id_hatespeech_nusantara_text,52b35d09-ebeb-4764-9060-789bba52d457,hate_or_noHate_zs_opt_kriteria,train,"Berdasarkan kriteria hatespeech yang ada, apakah pesan yang disampaikan dalam teks berikut: #MataNajwaDebatJakarta kok gaya pak @aniesbaswedan kayak SBY ya?, dianggap sebagai hatespeech?
- iya
- tidak",tidak
3026,id_hatespeech,id_hatespeech_nusantara_text,52b35d09-ebeb-4764-9060-789bba52d457,hate_or_noHate_zs_opt_kriteria,train,"Berdasarkan kriteria hatespeech yang ada, apakah pesan yang disampaikan dalam teks berikut: #MataNajwaDebatJakarta kenyataannya si anis nyaman bgt dgn isu sara kok , kan nguntungin anis , pura2 sok bijak pdhl menikmati isu sara ,, dianggap sebagai hatespeech?
- iya
- tidak",tidak
3027,id_hatespeech,id_hatespeech_nusantara_text,52b35d09-ebeb-4764-9060-789bba52d457,hate_or_noHate_zs_opt_kriteria,train,"Berdasarkan kriteria hatespeech yang ada, apakah pesan yang disampaikan dalam teks berikut: #MataNajwaDebatJakarta nyesel liat debat tidak bermutu cuma bisa mencela.., dianggap sebagai hatespeech?
- iya
- tidak",tidak
3028,id_hatespeech,id_hatespeech_nusantara_text,52b35d09-ebeb-4764-9060-789bba52d457,hate_or_noHate_zs_opt_kriteria,train,"Berdasarkan kriteria hatespeech yang ada, apakah pesan yang disampaikan dalam teks berikut: #MataNajwaDebatJakarta.kesimpulan: Saya tdk rela punya Gub seorg Anies dan sy percaya Ahok akan menang. Salam 2 jari., dianggap sebagai hatespeech?
- iya
- tidak",tidak
3029,id_hatespeech,id_hatespeech_nusantara_text,52b35d09-ebeb-4764-9060-789bba52d457,hate_or_noHate_zs_opt_kriteria,train,"Berdasarkan kriteria hatespeech yang ada, apakah pesan yang disampaikan dalam teks berikut: @ibnusungeb ahoker panas dingin ahok kalah debat Sama Anis. #MataNajwaDebatJakarta, dianggap sebagai hatespeech?
- iya
- tidak",tidak
3030,id_hatespeech,id_hatespeech_nusantara_text,52b35d09-ebeb-4764-9060-789bba52d457,hate_or_noHate_zs_opt_kriteria,train,"Berdasarkan kriteria hatespeech yang ada, apakah pesan yang disampaikan dalam teks berikut: Ada yg tahu ga backsound penutup mata najwa ini siapa musisinya dan apa judulnya? #MataNajwaDebatJakarta, dianggap sebagai hatespeech?
- iya
- tidak",tidak
3031,id_hatespeech,id_hatespeech_nusantara_text,52b35d09-ebeb-4764-9060-789bba52d457,hate_or_noHate_zs_opt_kriteria,train,"Berdasarkan kriteria hatespeech yang ada, apakah pesan yang disampaikan dalam teks berikut: #MataNajwaDebatJakarta p ahok apapun hanya Utk rakyat, p anies tkt dicurangi... Ngerti bedanya.., dianggap sebagai hatespeech?
- iya
- tidak",tidak
3032,id_hatespeech,id_hatespeech_nusantara_text,52b35d09-ebeb-4764-9060-789bba52d457,hate_or_noHate_zs_opt_kriteria,train,"Berdasarkan kriteria hatespeech yang ada, apakah pesan yang disampaikan dalam teks berikut: @MataNajwa mantapppp Mata Najwa diskusi lebih hidup dan mendidik,,, jauh berkualitas di banding debat yg selenggarakan KPU, dianggap sebagai hatespeech?
- iya
- tidak",tidak
3033,id_hatespeech,id_hatespeech_nusantara_text,52b35d09-ebeb-4764-9060-789bba52d457,hate_or_noHate_zs_opt_kriteria,train,"Berdasarkan kriteria hatespeech yang ada, apakah pesan yang disampaikan dalam teks berikut: @MataNajwa mbak najwa..ayo ""ketengah"" lagi sedikit..jgn terlihat ke kiri, dgn meminta terus pak anies cpt2 menyelesaikan kalimat2nya.., dianggap sebagai hatespeech?
- iya
- tidak",tidak
3034,id_hatespeech,id_hatespeech_nusantara_text,52b35d09-ebeb-4764-9060-789bba52d457,hate_or_noHate_zs_opt_kriteria,train,"Berdasarkan kriteria hatespeech yang ada, apakah pesan yang disampaikan dalam teks berikut: Dan soal soal ribut-ribut pribumi vs non pribumi yang ramai di beranda saya itu, sebenarnya maksudnya apa? ikut..., dianggap sebagai hatespeech?
- iya
- tidak",tidak
3035,id_hatespeech,id_hatespeech_nusantara_text,52b35d09-ebeb-4764-9060-789bba52d457,hate_or_noHate_zs_opt_kriteria,train,"Berdasarkan kriteria hatespeech yang ada, apakah pesan yang disampaikan dalam teks berikut: Sedih liat pak anies saat ini, tokoh yang dulu saya kagumi kenapa jadi seperti ini ;') #MataNajwaDebatJakarta, dianggap sebagai hatespeech?
- iya
- tidak",tidak
3036,id_hatespeech,id_hatespeech_nusantara_text,52b35d09-ebeb-4764-9060-789bba52d457,hate_or_noHate_zs_opt_kriteria,train,"Berdasarkan kriteria hatespeech yang ada, apakah pesan yang disampaikan dalam teks berikut: Awal sp akhir @aniesbaswedan bisanya cm serang pribadi @basuki_btp gak ada program yg perlu dibanggakan #MataNajwaDebatJakarta, dianggap sebagai hatespeech?
- iya
- tidak",tidak
3037,id_hatespeech,id_hatespeech_nusantara_text,52b35d09-ebeb-4764-9060-789bba52d457,hate_or_noHate_zs_opt_kriteria,train,"Berdasarkan kriteria hatespeech yang ada, apakah pesan yang disampaikan dalam teks berikut: Gimana nih om @pandji pasti ikut gedeg juga kan dengerin retorika ga ada wawasan. Tapi gimana udah terlanjur ya. #matanajwadebatjakarta, dianggap sebagai hatespeech?
- iya
- tidak",tidak
3038,id_hatespeech,id_hatespeech_nusantara_text,52b35d09-ebeb-4764-9060-789bba52d457,hate_or_noHate_zs_opt_kriteria,train,"Berdasarkan kriteria hatespeech yang ada, apakah pesan yang disampaikan dalam teks berikut: Haduhhhh Pak Anies.. Terus pendukung anda yang didatengin ke Jakarta itu dari mana pak? Dari luar jakarta kan #MataNajwaDebatJakarta, dianggap sebagai hatespeech?
- iya
- tidak",tidak
3039,id_hatespeech,id_hatespeech_nusantara_text,52b35d09-ebeb-4764-9060-789bba52d457,hate_or_noHate_zs_opt_kriteria,train,"Berdasarkan kriteria hatespeech yang ada, apakah pesan yang disampaikan dalam teks berikut: Haha anies pendemo2 dr jawa barat kok ga ngomen. Takut kalah ya haha #MataNajwaDebatJakarta, dianggap sebagai hatespeech?
- iya
- tidak",tidak
3040,id_hatespeech,id_hatespeech_nusantara_text,52b35d09-ebeb-4764-9060-789bba52d457,hate_or_noHate_zs_opt_kriteria,train,"Berdasarkan kriteria hatespeech yang ada, apakah pesan yang disampaikan dalam teks berikut: #MataNajwaDebatJakarta pak uno habis 62M istrinya ga marah ya pak? Saya mo beli sepatu 300rb aja istri saya marah2 pak, dianggap sebagai hatespeech?
- iya
- tidak",tidak
3041,id_hatespeech,id_hatespeech_nusantara_text,52b35d09-ebeb-4764-9060-789bba52d457,hate_or_noHate_zs_opt_kriteria,train,"Berdasarkan kriteria hatespeech yang ada, apakah pesan yang disampaikan dalam teks berikut: #MataNajwaDebatJakarta jangan suka menyerang, ini bukan perang,. mengapa ingin ibadah harus menyerang orang.., dianggap sebagai hatespeech?
- iya
- tidak",tidak
3042,id_hatespeech,id_hatespeech_nusantara_text,52b35d09-ebeb-4764-9060-789bba52d457,hate_or_noHate_zs_opt_kriteria,train,"Berdasarkan kriteria hatespeech yang ada, apakah pesan yang disampaikan dalam teks berikut: #MataNajwaDebatJakarta Paslon 3 serang terus dengan membawa2 hal2 yg biasa menyerang, tp Paslon 2 tenang menjawabnya, dianggap sebagai hatespeech?
- iya
- tidak",tidak
3043,id_hatespeech,id_hatespeech_nusantara_text,52b35d09-ebeb-4764-9060-789bba52d457,hate_or_noHate_zs_opt_kriteria,train,"Berdasarkan kriteria hatespeech yang ada, apakah pesan yang disampaikan dalam teks berikut: Aahhh akuh sedih, akuh org depok ternyata ngga boleh ke jakarta pak mANIES jahattttt #MataNajwaDebatJakarta, dianggap sebagai hatespeech?
- iya
- tidak",tidak
3044,id_hatespeech,id_hatespeech_nusantara_text,52b35d09-ebeb-4764-9060-789bba52d457,hate_or_noHate_zs_opt_kriteria,train,"Berdasarkan kriteria hatespeech yang ada, apakah pesan yang disampaikan dalam teks berikut: #MataNajwaDebatJakarta saludd utk mata najwa, berbobot sekali perdebatan malam ini.., dianggap sebagai hatespeech?
- iya
- tidak",tidak
3045,id_hatespeech,id_hatespeech_nusantara_text,52b35d09-ebeb-4764-9060-789bba52d457,hate_or_noHate_zs_opt_kriteria,train,"Berdasarkan kriteria hatespeech yang ada, apakah pesan yang disampaikan dalam teks berikut: Jadilah orang yang bertanggung jawab atas segala tindakan anda. dengan demikian anda akan menuai hal yang positif. #SidangAhok, dianggap sebagai hatespeech?
- iya
- tidak",tidak
3046,id_hatespeech,id_hatespeech_nusantara_text,52b35d09-ebeb-4764-9060-789bba52d457,hate_or_noHate_zs_opt_kriteria,train,"Berdasarkan kriteria hatespeech yang ada, apakah pesan yang disampaikan dalam teks berikut: Menurut Anda, apakah #SidangAhok Dugaan Penistaan Agama dgn Terdakwa @basuki_btp murni isyu Pilkada DKI Jakarta atau murni demi Islam???, dianggap sebagai hatespeech?
- iya
- tidak",tidak
3047,id_hatespeech,id_hatespeech_nusantara_text,52b35d09-ebeb-4764-9060-789bba52d457,hate_or_noHate_zs_opt_kriteria,train,"Berdasarkan kriteria hatespeech yang ada, apakah pesan yang disampaikan dalam teks berikut: Semua kejujuran akan mendapatkan pahala dari surga. Sabar ya Pak Basuki #FreeAhok https://t.co/NlgbEcj4Jc, dianggap sebagai hatespeech?
- iya
- tidak",tidak
3048,id_hatespeech,id_hatespeech_nusantara_text,52b35d09-ebeb-4764-9060-789bba52d457,hate_or_noHate_zs_opt_kriteria,train,"Berdasarkan kriteria hatespeech yang ada, apakah pesan yang disampaikan dalam teks berikut: Jadilah orang yang bertanggung jawab atas segala tindakan anda. dengan demikian anda akan menuai hal yang positif. #SidangAhok, dianggap sebagai hatespeech?
- iya
- tidak",tidak
3049,id_hatespeech,id_hatespeech_nusantara_text,52b35d09-ebeb-4764-9060-789bba52d457,hate_or_noHate_zs_opt_kriteria,train,"Berdasarkan kriteria hatespeech yang ada, apakah pesan yang disampaikan dalam teks berikut: #MataNajwaDebatJakarta terima kasih telah memberikan pendidikan demokrasi pada rakyat Indonesia, khususnya Jakarta., dianggap sebagai hatespeech?
- iya
- tidak",tidak
3050,id_hatespeech,id_hatespeech_nusantara_text,52b35d09-ebeb-4764-9060-789bba52d457,hate_or_noHate_zs_opt_kriteria,train,"Berdasarkan kriteria hatespeech yang ada, apakah pesan yang disampaikan dalam teks berikut: Keberagaman itu datang dr hati terdalam, bukan dr pencitraan #Tetap3 #JKTBeragam, dianggap sebagai hatespeech?
- iya
- tidak",tidak
3051,id_hatespeech,id_hatespeech_nusantara_text,52b35d09-ebeb-4764-9060-789bba52d457,hate_or_noHate_zs_opt_kriteria,train,"Berdasarkan kriteria hatespeech yang ada, apakah pesan yang disampaikan dalam teks berikut: Membangun bangsa dan negara ini engga cukup dengan metoda pencitraan saja ,tanpa teruji lewat rekam jejak dan integritas tokohnya, dianggap sebagai hatespeech?
- iya
- tidak",tidak
3052,id_hatespeech,id_hatespeech_nusantara_text,52b35d09-ebeb-4764-9060-789bba52d457,hate_or_noHate_zs_opt_kriteria,train,"Berdasarkan kriteria hatespeech yang ada, apakah pesan yang disampaikan dalam teks berikut: jangan ada keberpihakan dalam badan hukum karena itu akan merusak demokrasi #important #MataNajwaDebatJakarta, dianggap sebagai hatespeech?
- iya
- tidak",tidak
3053,id_hatespeech,id_hatespeech_nusantara_text,52b35d09-ebeb-4764-9060-789bba52d457,hate_or_noHate_zs_opt_kriteria,train,"Berdasarkan kriteria hatespeech yang ada, apakah pesan yang disampaikan dalam teks berikut: Jika lo bisa menceritakan kembali kalimat2 yg dilontarkan Anies di @MataNajwa dgn bahasa lo sendiri, lo luar biasa. #MataNajwaDebatJakarta, dianggap sebagai hatespeech?
- iya
- tidak",tidak
3054,id_hatespeech,id_hatespeech_nusantara_text,52b35d09-ebeb-4764-9060-789bba52d457,hate_or_noHate_zs_opt_kriteria,train,"Berdasarkan kriteria hatespeech yang ada, apakah pesan yang disampaikan dalam teks berikut: kalau liat sosmed, Pak Ahok menang telak. Namun sayang, hanya kata-kata manis lah yg diserap bbrp warga kecil. #matanajwadebatjakarta, dianggap sebagai hatespeech?
- iya
- tidak",tidak
3055,id_hatespeech,id_hatespeech_nusantara_text,52b35d09-ebeb-4764-9060-789bba52d457,hate_or_noHate_zs_opt_kriteria,train,"Berdasarkan kriteria hatespeech yang ada, apakah pesan yang disampaikan dalam teks berikut: Seharusnya mah basuki sudah bebas ya kan? #FreeAhok https://t.co/Mw3k0vYweF, dianggap sebagai hatespeech?
- iya
- tidak",tidak
3056,id_hatespeech,id_hatespeech_nusantara_text,52b35d09-ebeb-4764-9060-789bba52d457,hate_or_noHate_zs_opt_kriteria,train,"Berdasarkan kriteria hatespeech yang ada, apakah pesan yang disampaikan dalam teks berikut: Kenapa debat @MataNajwa ini, Ahok makin keliatan diatas angin ya. Kliatan dia sangat menguasai problem solusi tata kelola Jakarta., dianggap sebagai hatespeech?
- iya
- tidak",tidak
3057,id_hatespeech,id_hatespeech_nusantara_text,52b35d09-ebeb-4764-9060-789bba52d457,hate_or_noHate_zs_opt_kriteria,train,"Berdasarkan kriteria hatespeech yang ada, apakah pesan yang disampaikan dalam teks berikut: Kalau lihat Ahok itu kayak lihat power rangers merah, dianggap sebagai hatespeech?
- iya
- tidak",tidak
3058,id_hatespeech,id_hatespeech_nusantara_text,52b35d09-ebeb-4764-9060-789bba52d457,hate_or_noHate_zs_opt_kriteria,train,"Berdasarkan kriteria hatespeech yang ada, apakah pesan yang disampaikan dalam teks berikut: Kesimpulan. Ahok spt biasa fokus detail ke program. Anies terlalu fokus menjatuhkan lawan #MataNajwaDebatJakarta, dianggap sebagai hatespeech?
- iya
- tidak",tidak
3059,id_hatespeech,id_hatespeech_nusantara_text,52b35d09-ebeb-4764-9060-789bba52d457,hate_or_noHate_zs_opt_kriteria,train,"Berdasarkan kriteria hatespeech yang ada, apakah pesan yang disampaikan dalam teks berikut: pertunjukan yang sangat membuat saya serius dan gak mau diganggu, selamat untuk pak @aniesbaswedan buat gagasan nya #MataNajwaDebatJakarta, dianggap sebagai hatespeech?
- iya
- tidak",tidak
3060,id_hatespeech,id_hatespeech_nusantara_text,52b35d09-ebeb-4764-9060-789bba52d457,hate_or_noHate_zs_opt_kriteria,train,"Berdasarkan kriteria hatespeech yang ada, apakah pesan yang disampaikan dalam teks berikut: Jangan berpihak...melayani rakyat dengan sepenuh hati..Tuhan yang memberi kekuasaan.. Tuhan yang mengambil..-ahok#MataNajwaDebatJakarta, dianggap sebagai hatespeech?
- iya
- tidak",tidak
3061,id_hatespeech,id_hatespeech_nusantara_text,52b35d09-ebeb-4764-9060-789bba52d457,hate_or_noHate_zs_opt_kriteria,train,"Berdasarkan kriteria hatespeech yang ada, apakah pesan yang disampaikan dalam teks berikut: Pak Ahok jangan blunder dong Pak..dari tadi udah bagus. Pertanyaannya komitmen menerima hasil kontestasi. #MataNajwaDebatJakarta, dianggap sebagai hatespeech?
- iya
- tidak",tidak
3062,id_hatespeech,id_hatespeech_nusantara_text,52b35d09-ebeb-4764-9060-789bba52d457,hate_or_noHate_zs_opt_kriteria,train,"Berdasarkan kriteria hatespeech yang ada, apakah pesan yang disampaikan dalam teks berikut: jangan ada keberpihakan dalam badan hukum karena itu akan merusak demokrasi #important #MataNajwaDebatJakarta, dianggap sebagai hatespeech?
- iya
- tidak",tidak
3063,id_hatespeech,id_hatespeech_nusantara_text,52b35d09-ebeb-4764-9060-789bba52d457,hate_or_noHate_zs_opt_kriteria,train,"Berdasarkan kriteria hatespeech yang ada, apakah pesan yang disampaikan dalam teks berikut: Jika lo bisa menceritakan kembali kalimat2 yg dilontarkan Anies di @MataNajwa dgn bahasa lo sendiri, lo luar biasa. #MataNajwaDebatJakarta, dianggap sebagai hatespeech?
- iya
- tidak",tidak
3064,id_hatespeech,id_hatespeech_nusantara_text,52b35d09-ebeb-4764-9060-789bba52d457,hate_or_noHate_zs_opt_kriteria,train,"Berdasarkan kriteria hatespeech yang ada, apakah pesan yang disampaikan dalam teks berikut: Kenapa debat @MataNajwa ini, Ahok makin keliatan diatas angin ya. Kliatan dia sangat menguasai problem solusi tata kelola Jakarta., dianggap sebagai hatespeech?
- iya
- tidak",tidak
3065,id_hatespeech,id_hatespeech_nusantara_text,52b35d09-ebeb-4764-9060-789bba52d457,hate_or_noHate_zs_opt_kriteria,train,"Berdasarkan kriteria hatespeech yang ada, apakah pesan yang disampaikan dalam teks berikut: Kiranya Jakarta semakin baik. Selamat berjuang buat Pak Ahok dan Pak Anies ! #MataNajwaDebatJakarta, dianggap sebagai hatespeech?
- iya
- tidak",tidak
3066,id_hatespeech,id_hatespeech_nusantara_text,52b35d09-ebeb-4764-9060-789bba52d457,hate_or_noHate_zs_opt_kriteria,train,"Berdasarkan kriteria hatespeech yang ada, apakah pesan yang disampaikan dalam teks berikut: Masihkah Ahoker debat soal program? Jlebb.. KO kena uppercut Anies soal KJP. Pergubnya blm di rubah.. @roemahdjoeang @NetizenTofa @cepot234, dianggap sebagai hatespeech?
- iya
- tidak",tidak
3067,id_hatespeech,id_hatespeech_nusantara_text,52b35d09-ebeb-4764-9060-789bba52d457,hate_or_noHate_zs_opt_kriteria,train,"Berdasarkan kriteria hatespeech yang ada, apakah pesan yang disampaikan dalam teks berikut: RT @alysap_: Semua penganut agama harus dapet hak yang sama - Ahok #MataNajwaDebatJakarta, dianggap sebagai hatespeech?
- iya
- tidak",tidak
3068,id_hatespeech,id_hatespeech_nusantara_text,52b35d09-ebeb-4764-9060-789bba52d457,hate_or_noHate_zs_opt_kriteria,train,"Berdasarkan kriteria hatespeech yang ada, apakah pesan yang disampaikan dalam teks berikut: Aku heran kenapa ilklan kampanye #AhokDjarot yg terbaru itu begitu, ini aku loh yang bingung bkn akuang,asiang, atau aming #IklanAhokJahat, dianggap sebagai hatespeech?
- iya
- tidak",tidak
3069,id_hatespeech,id_hatespeech_nusantara_text,52b35d09-ebeb-4764-9060-789bba52d457,hate_or_noHate_zs_opt_kriteria,train,"Berdasarkan kriteria hatespeech yang ada, apakah pesan yang disampaikan dalam teks berikut: Abis nyoblos streaming video perkembangan Pilkada 2017 pake #SisaKuotaGakHangus dari @IM3Ooredoo kuota ga habis deh, dianggap sebagai hatespeech?
- iya
- tidak",tidak
3070,id_hatespeech,id_hatespeech_nusantara_text,52b35d09-ebeb-4764-9060-789bba52d457,hate_or_noHate_zs_opt_kriteria,train,"Berdasarkan kriteria hatespeech yang ada, apakah pesan yang disampaikan dalam teks berikut: muslim sedang diuji di negara yg mayoritas Islam..semoga kita smua bisa bersabar dan menahan utk tidak berbicara kasar sbg balasan, dianggap sebagai hatespeech?
- iya
- tidak",tidak
3071,id_hatespeech,id_hatespeech_nusantara_text,52b35d09-ebeb-4764-9060-789bba52d457,hate_or_noHate_zs_opt_kriteria,train,"Berdasarkan kriteria hatespeech yang ada, apakah pesan yang disampaikan dalam teks berikut: Kiranya Jakarta semakin baik. Selamat berjuang buat Pak Ahok dan Pak Anies ! #MataNajwaDebatJakarta, dianggap sebagai hatespeech?
- iya
- tidak",tidak
3072,id_hatespeech,id_hatespeech_nusantara_text,52b35d09-ebeb-4764-9060-789bba52d457,hate_or_noHate_zs_opt_kriteria,train,"Berdasarkan kriteria hatespeech yang ada, apakah pesan yang disampaikan dalam teks berikut: RT @grcllafrn: Pak Anies, inget, apa yg kau tabur itu yang akan kau tuai nanti... jadi takut sendiri :"") #MataNajwaDebatJakarta, dianggap sebagai hatespeech?
- iya
- tidak",tidak
3073,id_hatespeech,id_hatespeech_nusantara_text,52b35d09-ebeb-4764-9060-789bba52d457,hate_or_noHate_zs_opt_kriteria,train,"Berdasarkan kriteria hatespeech yang ada, apakah pesan yang disampaikan dalam teks berikut: RT @kompascom: Bagaimana metode penarikan sampel hitung cepat yg dilakukan Litbang Kompas dlm Pilkada DKI Jakarta 2017? Simak disini, dianggap sebagai hatespeech?
- iya
- tidak",tidak
3074,id_hatespeech,id_hatespeech_nusantara_text,52b35d09-ebeb-4764-9060-789bba52d457,hate_or_noHate_zs_opt_kriteria,train,"Berdasarkan kriteria hatespeech yang ada, apakah pesan yang disampaikan dalam teks berikut: mnding diem aja pak @basuki_btp semua pergerakanmu pasti disalahkan, klo wktunya menang ntar jga menang.... #IklanAhokJahat, dianggap sebagai hatespeech?
- iya
- tidak",tidak
3075,id_hatespeech,id_hatespeech_nusantara_text,52b35d09-ebeb-4764-9060-789bba52d457,hate_or_noHate_zs_opt_kriteria,train,"Berdasarkan kriteria hatespeech yang ada, apakah pesan yang disampaikan dalam teks berikut: RT @netmediatama: Perbincangan menarik di Quick Count Pilkada 2017 bersama @irakoesno. #NETPilkada https:\/\/t.co\/odbVw4uWMr, dianggap sebagai hatespeech?
- iya
- tidak",tidak
3076,id_hatespeech,id_hatespeech_nusantara_text,52b35d09-ebeb-4764-9060-789bba52d457,hate_or_noHate_zs_opt_kriteria,train,"Berdasarkan kriteria hatespeech yang ada, apakah pesan yang disampaikan dalam teks berikut: Bersyukur menutup kampanye hari ini dengan berdoa agar PILKADA DKI Jakarta pada 15 Februari 2017 berjalan dengan lancar, dianggap sebagai hatespeech?
- iya
- tidak",tidak
3077,id_hatespeech,id_hatespeech_nusantara_text,52b35d09-ebeb-4764-9060-789bba52d457,hate_or_noHate_zs_opt_kriteria,train,"Berdasarkan kriteria hatespeech yang ada, apakah pesan yang disampaikan dalam teks berikut: Julia Perez Kecewa Gagal Nyoblos Pilkada DKI 2017 di TPS 15 RSCM https:\/\/t.co\/vajPLioiek, dianggap sebagai hatespeech?
- iya
- tidak",tidak
3078,id_hatespeech,id_hatespeech_nusantara_text,52b35d09-ebeb-4764-9060-789bba52d457,hate_or_noHate_zs_opt_kriteria,train,"Berdasarkan kriteria hatespeech yang ada, apakah pesan yang disampaikan dalam teks berikut: Disediakan Ambulans untuk Pasien Mencoblos pada Pilkada DKI 2017, dianggap sebagai hatespeech?
- iya
- tidak",tidak
3079,id_hatespeech,id_hatespeech_nusantara_text,52b35d09-ebeb-4764-9060-789bba52d457,hate_or_noHate_zs_opt_kriteria,train,"Berdasarkan kriteria hatespeech yang ada, apakah pesan yang disampaikan dalam teks berikut: RT @miekarinayam: Saya bertanya apakah saya memang tak boleh ikut Pilkada 2017? Apakah saya kehilangan hak saya yg dijamin konstitusi?, dianggap sebagai hatespeech?
- iya
- tidak",tidak
3080,id_hatespeech,id_hatespeech_nusantara_text,52b35d09-ebeb-4764-9060-789bba52d457,hate_or_noHate_zs_opt_kriteria,train,"Berdasarkan kriteria hatespeech yang ada, apakah pesan yang disampaikan dalam teks berikut: Ya Allah! Anis dan Sandi bakal jadi Gubernur DKI Jakarta terpilih di tahun ini, dianggap sebagai hatespeech?
- iya
- tidak",tidak
3081,id_hatespeech,id_hatespeech_nusantara_text,52b35d09-ebeb-4764-9060-789bba52d457,hate_or_noHate_zs_opt_kriteria,train,"Berdasarkan kriteria hatespeech yang ada, apakah pesan yang disampaikan dalam teks berikut: Domisili gue di Jakpus bela-belain ke TPS yg berlokasi di Jakbar dgn bermodal e-KTP buat ikutan Pilkada 2017., dianggap sebagai hatespeech?
- iya
- tidak",tidak
3082,id_hatespeech,id_hatespeech_nusantara_text,52b35d09-ebeb-4764-9060-789bba52d457,hate_or_noHate_zs_opt_kriteria,train,"Berdasarkan kriteria hatespeech yang ada, apakah pesan yang disampaikan dalam teks berikut: RT @netmediatama: Presiden @jokowi menggunakan hak suaranya untuk Pilkada DKI Jakarta 2017 di TPS 4 Gambir Jakarta Pusat. #NETPilkada, dianggap sebagai hatespeech?
- iya
- tidak",tidak
3083,id_hatespeech,id_hatespeech_nusantara_text,52b35d09-ebeb-4764-9060-789bba52d457,hate_or_noHate_zs_opt_kriteria,train,"Berdasarkan kriteria hatespeech yang ada, apakah pesan yang disampaikan dalam teks berikut: RT @boelatboelat: agree pak @basuki_btp kekuasaan itu Tuhan yang kasih, walau dijatuhkan, Tuhan akan menaikkan :) #MataNajwaDebatJakarta, dianggap sebagai hatespeech?
- iya
- tidak",tidak
3084,id_hatespeech,id_hatespeech_nusantara_text,52b35d09-ebeb-4764-9060-789bba52d457,hate_or_noHate_zs_opt_kriteria,train,"Berdasarkan kriteria hatespeech yang ada, apakah pesan yang disampaikan dalam teks berikut: RT @AzzamBarbarossa: Akibat Nila Setitik Rusak Susu Sebelangga, Akibat Mulut Oknum Tak terdidik Rusak Juga Persatuan Bangsa. #IklanAhokJahat, dianggap sebagai hatespeech?
- iya
- tidak",tidak
3085,id_hatespeech,id_hatespeech_nusantara_text,52b35d09-ebeb-4764-9060-789bba52d457,hate_or_noHate_zs_opt_kriteria,train,"Berdasarkan kriteria hatespeech yang ada, apakah pesan yang disampaikan dalam teks berikut: Mudah-mudahan Novel baswedan tidak alami kebutaan pada matanya. Kalau sampai buta, saya siap mendonorkan mata saya untuk dia., dianggap sebagai hatespeech?
- iya
- tidak",tidak
3086,id_hatespeech,id_hatespeech_nusantara_text,52b35d09-ebeb-4764-9060-789bba52d457,hate_or_noHate_zs_opt_kriteria,train,"Berdasarkan kriteria hatespeech yang ada, apakah pesan yang disampaikan dalam teks berikut: Mengapa mereka melakukan ini, apakah bisa merubah keadaan bagi para pemilih nanti ? #IklanAhokJahat, dianggap sebagai hatespeech?
- iya
- tidak",tidak
3087,id_hatespeech,id_hatespeech_nusantara_text,52b35d09-ebeb-4764-9060-789bba52d457,hate_or_noHate_zs_opt_kriteria,train,"Berdasarkan kriteria hatespeech yang ada, apakah pesan yang disampaikan dalam teks berikut: RT @hariadhi: Siapa yg salah? Ahok? Iklannya? Bukan.. yang perlu diprotes adalah orang yg benar2 pake spanduk itu #IklanAhokJahat https://t, dianggap sebagai hatespeech?
- iya
- tidak",tidak
3088,id_hatespeech,id_hatespeech_nusantara_text,52b35d09-ebeb-4764-9060-789bba52d457,hate_or_noHate_zs_opt_kriteria,train,"Berdasarkan kriteria hatespeech yang ada, apakah pesan yang disampaikan dalam teks berikut: Sampe sekarang gue blm ngerti dp rumah 0% itu gmn skemanya. Trs emg ada ya perbankan yg mau ngasih kredit rumah gak pakai dp? #debatfinalpilkadadki, dianggap sebagai hatespeech?
- iya
- tidak",tidak
3089,id_hatespeech,id_hatespeech_nusantara_text,52b35d09-ebeb-4764-9060-789bba52d457,hate_or_noHate_zs_opt_kriteria,train,"Berdasarkan kriteria hatespeech yang ada, apakah pesan yang disampaikan dalam teks berikut: #debatfinalpilkadadki Bagi Anies gubernur adalah pemimpin, bukan administratur / pelayan masyarkt. Padahal melayani mencerminkan integritas., dianggap sebagai hatespeech?
- iya
- tidak",tidak
3090,id_hatespeech,id_hatespeech_nusantara_text,52b35d09-ebeb-4764-9060-789bba52d457,hate_or_noHate_zs_opt_kriteria,train,"Berdasarkan kriteria hatespeech yang ada, apakah pesan yang disampaikan dalam teks berikut: Kalimat Penutup Anies Ambisius, Ahok Minta Maaf, Karakter Tidak Bisa Bohong. #DebatPilkadaDKI #DebatFinalPilkadaDKI, dianggap sebagai hatespeech?
- iya
- tidak",tidak
3091,id_hatespeech,id_hatespeech_nusantara_text,52b35d09-ebeb-4764-9060-789bba52d457,hate_or_noHate_zs_opt_kriteria,train,"Berdasarkan kriteria hatespeech yang ada, apakah pesan yang disampaikan dalam teks berikut: pertunjukan yang sangat membuat saya serius dan gak mau diganggu, selamat untuk pak @aniesbaswedan buat gagasan nya #MataNajwaDebatJakarta, dianggap sebagai hatespeech?
- iya
- tidak",tidak
3092,id_hatespeech,id_hatespeech_nusantara_text,52b35d09-ebeb-4764-9060-789bba52d457,hate_or_noHate_zs_opt_kriteria,train,"Berdasarkan kriteria hatespeech yang ada, apakah pesan yang disampaikan dalam teks berikut: RT @BelaQuran: Kami tdk akan terprovokasi dgn sentimen dan jualan SARA mu itu, karena kami cinta Indonesia #IklanAhokJahat, dianggap sebagai hatespeech?
- iya
- tidak",tidak
3093,id_hatespeech,id_hatespeech_nusantara_text,52b35d09-ebeb-4764-9060-789bba52d457,hate_or_noHate_zs_opt_kriteria,train,"Berdasarkan kriteria hatespeech yang ada, apakah pesan yang disampaikan dalam teks berikut: Semakin umat di suguhkan #IklanAhokJahat maka akan semakin terlihat siapa yang menebar kebencian terhadap kerukunan antar umat beragama, dianggap sebagai hatespeech?
- iya
- tidak",tidak
3094,id_hatespeech,id_hatespeech_nusantara_text,52b35d09-ebeb-4764-9060-789bba52d457,hate_or_noHate_zs_opt_kriteria,train,"Berdasarkan kriteria hatespeech yang ada, apakah pesan yang disampaikan dalam teks berikut: Hampir semua polling Anies - Sandi yang menang. Semoga hari H nya juga demikian. #AniesSandi, dianggap sebagai hatespeech?
- iya
- tidak",tidak
3095,id_hatespeech,id_hatespeech_nusantara_text,52b35d09-ebeb-4764-9060-789bba52d457,hate_or_noHate_zs_opt_kriteria,train,"Berdasarkan kriteria hatespeech yang ada, apakah pesan yang disampaikan dalam teks berikut: RT @anjisudirman: @fahiraidris Yg iklankan kampanye ahox adalah yg sama sebarin spanduk syariah dan brosur black campaign. #IklanAhokJahat, dianggap sebagai hatespeech?
- iya
- tidak",tidak
3096,id_hatespeech,id_hatespeech_nusantara_text,52b35d09-ebeb-4764-9060-789bba52d457,hate_or_noHate_zs_opt_kriteria,train,"Berdasarkan kriteria hatespeech yang ada, apakah pesan yang disampaikan dalam teks berikut: Oke Oce akan menjadi brand dimana, semuanya menjadi OKe Oce, bahkan nanti ada kampung Oke Oce #debatfinalpilkadadki, dianggap sebagai hatespeech?
- iya
- tidak",tidak
3097,id_hatespeech,id_hatespeech_nusantara_text,52b35d09-ebeb-4764-9060-789bba52d457,hate_or_noHate_zs_opt_kriteria,train,"Berdasarkan kriteria hatespeech yang ada, apakah pesan yang disampaikan dalam teks berikut: RT @BelaQuran: Sungguh sgt mengherankan, mengkampanyekan kebhinekaan tp dengan menyebarkan Islamophobia, kebhinekaan yg mana yg dimaksud?, dianggap sebagai hatespeech?
- iya
- tidak",tidak
3098,id_hatespeech,id_hatespeech_nusantara_text,52b35d09-ebeb-4764-9060-789bba52d457,hate_or_noHate_zs_opt_kriteria,train,"Berdasarkan kriteria hatespeech yang ada, apakah pesan yang disampaikan dalam teks berikut: Debat Final Pilkada DKI Jakarta, Siapa yang Gagap, dan Siapa yang Tepat Menjawab - Adjat Sudradjat, dianggap sebagai hatespeech?
- iya
- tidak",tidak
3099,id_hatespeech,id_hatespeech_nusantara_text,52b35d09-ebeb-4764-9060-789bba52d457,hate_or_noHate_zs_opt_kriteria,train,"Berdasarkan kriteria hatespeech yang ada, apakah pesan yang disampaikan dalam teks berikut: Jika persoalan pemimpin hanya dikaitkan dengan lisan, maka apa bedanya gubernur dengan anak-anak? #MataNajwaDebatJakarta, dianggap sebagai hatespeech?
- iya
- tidak",tidak
3100,id_hatespeech,id_hatespeech_nusantara_text,52b35d09-ebeb-4764-9060-789bba52d457,hate_or_noHate_zs_opt_kriteria,train,"Berdasarkan kriteria hatespeech yang ada, apakah pesan yang disampaikan dalam teks berikut: Cerita Djarot ini diharapkan membuat para pendukung tetap berdamai. #debatfinalpilkadadki #temanahok #AniesSandi, dianggap sebagai hatespeech?
- iya
- tidak",tidak
3101,id_hatespeech,id_hatespeech_nusantara_text,52b35d09-ebeb-4764-9060-789bba52d457,hate_or_noHate_zs_opt_kriteria,train,"Berdasarkan kriteria hatespeech yang ada, apakah pesan yang disampaikan dalam teks berikut: Cuman mau bilang sama yang serius banget ngetweet pakai hastag #IklanAhokJahat ""Gitu aja baper""., dianggap sebagai hatespeech?
- iya
- tidak",tidak
3102,id_hatespeech,id_hatespeech_nusantara_text,52b35d09-ebeb-4764-9060-789bba52d457,hate_or_noHate_zs_opt_kriteria,train,"Berdasarkan kriteria hatespeech yang ada, apakah pesan yang disampaikan dalam teks berikut: Ira Koesno Didekati Anies-Sandi Lalu Marahi Pendukung Paslon Saat Debat Pilkada DKI, dianggap sebagai hatespeech?
- iya
- tidak",tidak
3103,id_hatespeech,id_hatespeech_nusantara_text,52b35d09-ebeb-4764-9060-789bba52d457,hate_or_noHate_zs_opt_kriteria,train,"Berdasarkan kriteria hatespeech yang ada, apakah pesan yang disampaikan dalam teks berikut: Alhamdulillah ya Allah SWT Semoga jakarta punya gubernur baru yg lebih bersahaja, bersahabat utk semuanya #AniesSandi, dianggap sebagai hatespeech?
- iya
- tidak",tidak
3104,id_hatespeech,id_hatespeech_nusantara_text,52b35d09-ebeb-4764-9060-789bba52d457,hate_or_noHate_zs_opt_kriteria,train,"Berdasarkan kriteria hatespeech yang ada, apakah pesan yang disampaikan dalam teks berikut: Jelang larut semalam. Diskusi dengan aktifis Golkar tingkat kelurahan. Siap bergabung dalam pemenangan #AniesSandi, dianggap sebagai hatespeech?
- iya
- tidak",tidak
3105,id_hatespeech,id_hatespeech_nusantara_text,52b35d09-ebeb-4764-9060-789bba52d457,hate_or_noHate_zs_opt_kriteria,train,"Berdasarkan kriteria hatespeech yang ada, apakah pesan yang disampaikan dalam teks berikut: RT @alayyubichoir: Sosok Anies Sandi harus diakui sgt mengayomi. Sangat kompeten utk membangun kerukukan & kebhinekaan di Jakarta, dianggap sebagai hatespeech?
- iya
- tidak",tidak
3106,id_hatespeech,id_hatespeech_nusantara_text,52b35d09-ebeb-4764-9060-789bba52d457,hate_or_noHate_zs_opt_kriteria,train,"Berdasarkan kriteria hatespeech yang ada, apakah pesan yang disampaikan dalam teks berikut: RT @nielchen99: Ngomong manis memang gampang giliran kerja bingung #MataNajwaDebatJakarta, dianggap sebagai hatespeech?
- iya
- tidak",tidak
3107,id_hatespeech,id_hatespeech_nusantara_text,52b35d09-ebeb-4764-9060-789bba52d457,hate_or_noHate_zs_opt_kriteria,train,"Berdasarkan kriteria hatespeech yang ada, apakah pesan yang disampaikan dalam teks berikut: 19 April adalah saat yang penting bagi warga Jakarta untuk menentukan masa depan Ibukota, dianggap sebagai hatespeech?
- iya
- tidak",tidak
3108,id_hatespeech,id_hatespeech_nusantara_text,52b35d09-ebeb-4764-9060-789bba52d457,hate_or_noHate_zs_opt_kriteria,train,"Berdasarkan kriteria hatespeech yang ada, apakah pesan yang disampaikan dalam teks berikut: RT @maharanisinta70: terimakasih Pak Anies pemaparantentang DP 0 ,memberi solusi bagi warga jakarta yang ingin punya rumah dan tidak nyewa terus., dianggap sebagai hatespeech?
- iya
- tidak",tidak
3109,id_hatespeech,id_hatespeech_nusantara_text,52b35d09-ebeb-4764-9060-789bba52d457,hate_or_noHate_zs_opt_kriteria,train,"Berdasarkan kriteria hatespeech yang ada, apakah pesan yang disampaikan dalam teks berikut: Yang aku perhatikan, Tim Mas @aniesbaswedan sibuk ngoceh tentang @basuki_btp dan programnya. Kenapa gak ngurus diri sendiri?, dianggap sebagai hatespeech?
- iya
- tidak",tidak
3110,id_hatespeech,id_hatespeech_nusantara_text,52b35d09-ebeb-4764-9060-789bba52d457,hate_or_noHate_zs_opt_kriteria,train,"Berdasarkan kriteria hatespeech yang ada, apakah pesan yang disampaikan dalam teks berikut: kalo pilih gubernur yg jujur, kerja nyata,anti korupsi,tegas,pinter,mlyani rakyat iklas & peduli pilih ahok djarot,.., dianggap sebagai hatespeech?
- iya
- tidak",tidak
3111,id_hatespeech,id_hatespeech_nusantara_text,52b35d09-ebeb-4764-9060-789bba52d457,hate_or_noHate_zs_opt_kriteria,train,"Berdasarkan kriteria hatespeech yang ada, apakah pesan yang disampaikan dalam teks berikut: RT @anies_sandi: Bisa merangkul dan menegakkan hukum. Kepemimpinan itu hadir dengan memberikan contoh & perbuatan - @aniesbaswedan, dianggap sebagai hatespeech?
- iya
- tidak",tidak
3112,id_hatespeech,id_hatespeech_nusantara_text,52b35d09-ebeb-4764-9060-789bba52d457,hate_or_noHate_zs_opt_kriteria,train,"Berdasarkan kriteria hatespeech yang ada, apakah pesan yang disampaikan dalam teks berikut: Hasil kerja Ahok Djarot sungai di Jakarta kembali normal, bersih dan enak dipandang, dianggap sebagai hatespeech?
- iya
- tidak",tidak
3113,id_hatespeech,id_hatespeech_nusantara_text,52b35d09-ebeb-4764-9060-789bba52d457,hate_or_noHate_zs_opt_kriteria,train,"Berdasarkan kriteria hatespeech yang ada, apakah pesan yang disampaikan dalam teks berikut: Ahok & Anies sama baiknya kok, sama bagusnya, sama okenya. Siapa yg kepilih yg menang tetap rakyat jakarta, dianggap sebagai hatespeech?
- iya
- tidak",tidak
3114,id_hatespeech,id_hatespeech_nusantara_text,52b35d09-ebeb-4764-9060-789bba52d457,hate_or_noHate_zs_opt_kriteria,train,"Berdasarkan kriteria hatespeech yang ada, apakah pesan yang disampaikan dalam teks berikut: Semoga pak basuki bisa jadi presiden,agar Indonesia lebih maju., dianggap sebagai hatespeech?
- iya
- tidak",tidak
3115,id_hatespeech,id_hatespeech_nusantara_text,52b35d09-ebeb-4764-9060-789bba52d457,hate_or_noHate_zs_opt_kriteria,train,"Berdasarkan kriteria hatespeech yang ada, apakah pesan yang disampaikan dalam teks berikut: Allah SWT tdk butuh anda. Tapi Anda yang butuh Allah,Rezeki, hidup matimu. Allah yg tentukan. Mau khianati Allah? yakin gak nyesel? #SidangAhok, dianggap sebagai hatespeech?
- iya
- tidak",tidak
3116,id_hatespeech,id_hatespeech_nusantara_text,52b35d09-ebeb-4764-9060-789bba52d457,hate_or_noHate_zs_opt_kriteria,train,"Berdasarkan kriteria hatespeech yang ada, apakah pesan yang disampaikan dalam teks berikut: #SidangAhok dilanjutkan dengan rekaman yang memuat kampanye Ahok di DPP Nasdem dan juga Pulau Seribu. | @adrieedu https://t.co/8P5P4DUcFG, dianggap sebagai hatespeech?
- iya
- tidak",tidak
3117,id_hatespeech,id_hatespeech_nusantara_text,52b35d09-ebeb-4764-9060-789bba52d457,hate_or_noHate_zs_opt_kriteria,train,"Berdasarkan kriteria hatespeech yang ada, apakah pesan yang disampaikan dalam teks berikut: RT @JanurOmank2626: Ahok harus bebas demi hukum demi keadilan demi kelanjutan perbaikan DKI. Semoga hakim mmpunyai sense of justice, dianggap sebagai hatespeech?
- iya
- tidak",tidak
3118,id_hatespeech,id_hatespeech_nusantara_text,52b35d09-ebeb-4764-9060-789bba52d457,hate_or_noHate_zs_opt_kriteria,train,"Berdasarkan kriteria hatespeech yang ada, apakah pesan yang disampaikan dalam teks berikut: Pembangkit Listrik Tenaga Panas Bumi Terbesar Dunia.. #CitiPeka #SidangAhok #Tebak2anHajiDjarot https://t.co/KtXdXZsh8H, dianggap sebagai hatespeech?
- iya
- tidak",tidak
3119,id_hatespeech,id_hatespeech_nusantara_text,52b35d09-ebeb-4764-9060-789bba52d457,hate_or_noHate_zs_opt_kriteria,train,"Berdasarkan kriteria hatespeech yang ada, apakah pesan yang disampaikan dalam teks berikut: RT @findririn: Dan toleransi itu, ketika muslim bisa menjalankan perintah agamanya, dan non muslim juga bisa menjalankan agamanya., dianggap sebagai hatespeech?
- iya
- tidak",tidak
3120,id_hatespeech,id_hatespeech_nusantara_text,52b35d09-ebeb-4764-9060-789bba52d457,hate_or_noHate_zs_opt_kriteria,train,"Berdasarkan kriteria hatespeech yang ada, apakah pesan yang disampaikan dalam teks berikut: RT @findririn: Walaupun artinya teman setia, seharusnya lebih dihindari kalau jd pemimpin, dianggap sebagai hatespeech?
- iya
- tidak",tidak
3121,id_hatespeech,id_hatespeech_nusantara_text,52b35d09-ebeb-4764-9060-789bba52d457,hate_or_noHate_zs_opt_kriteria,train,"Berdasarkan kriteria hatespeech yang ada, apakah pesan yang disampaikan dalam teks berikut: Semua kejujuran akan mendapatkan pahala dr surga #FreeAhok, dianggap sebagai hatespeech?
- iya
- tidak",tidak
3122,id_hatespeech,id_hatespeech_nusantara_text,52b35d09-ebeb-4764-9060-789bba52d457,hate_or_noHate_zs_opt_kriteria,train,"Berdasarkan kriteria hatespeech yang ada, apakah pesan yang disampaikan dalam teks berikut: Seharusnya mah basuki sudah bebas ya kan? #FreeAhok https://t.co/Mw3k0vYweF, dianggap sebagai hatespeech?
- iya
- tidak",tidak
3123,id_hatespeech,id_hatespeech_nusantara_text,52b35d09-ebeb-4764-9060-789bba52d457,hate_or_noHate_zs_opt_kriteria,train,"Berdasarkan kriteria hatespeech yang ada, apakah pesan yang disampaikan dalam teks berikut: RT @RuridaJihandari: Itu sidang apa drama korea sampe 20kali, lagi menunggu sidang ahok season 2 nih... Kayaknya goblin mah kalah pamornya, dianggap sebagai hatespeech?
- iya
- tidak",tidak
3124,id_hatespeech,id_hatespeech_nusantara_text,52b35d09-ebeb-4764-9060-789bba52d457,hate_or_noHate_zs_opt_kriteria,train,"Berdasarkan kriteria hatespeech yang ada, apakah pesan yang disampaikan dalam teks berikut: Menurut Anda, Transportasi Online manakah dikatakan ""tarif murah, aman & nyaman"" melayani ???, dianggap sebagai hatespeech?
- iya
- tidak",tidak
3125,id_hatespeech,id_hatespeech_nusantara_text,52b35d09-ebeb-4764-9060-789bba52d457,hate_or_noHate_zs_opt_kriteria,train,"Berdasarkan kriteria hatespeech yang ada, apakah pesan yang disampaikan dalam teks berikut: Nelayan Jakarta Sudah Disiapin Pulau Khusus oleh Pemda DKI #LunchBreak #SidangAhok, dianggap sebagai hatespeech?
- iya
- tidak",tidak
3126,id_hatespeech,id_hatespeech_nusantara_text,52b35d09-ebeb-4764-9060-789bba52d457,hate_or_noHate_zs_opt_kriteria,train,"Berdasarkan kriteria hatespeech yang ada, apakah pesan yang disampaikan dalam teks berikut: Adakah Potensi Radikalisme di Pilgub DKI Jakarta? #LunchBreak #SidangAhok, dianggap sebagai hatespeech?
- iya
- tidak",tidak
3127,id_hatespeech,id_hatespeech_nusantara_text,52b35d09-ebeb-4764-9060-789bba52d457,hate_or_noHate_zs_opt_kriteria,train,"Berdasarkan kriteria hatespeech yang ada, apakah pesan yang disampaikan dalam teks berikut: RT @NovenStjK: Siaran ulang #AhokDjarotDiRosi malam ini, saksikan yuk di @KompasTV #AhokDjarot #Temanahok, dianggap sebagai hatespeech?
- iya
- tidak",tidak
3128,id_hatespeech,id_hatespeech_nusantara_text,52b35d09-ebeb-4764-9060-789bba52d457,hate_or_noHate_zs_opt_kriteria,train,"Berdasarkan kriteria hatespeech yang ada, apakah pesan yang disampaikan dalam teks berikut: cuma org"" yg salah saja yg takut dgn doa itu,anda salah?? kenapa takut??? bertobatlah sebelum doa itu dinyatakan,, dianggap sebagai hatespeech?
- iya
- tidak",tidak
3129,id_hatespeech,id_hatespeech_nusantara_text,52b35d09-ebeb-4764-9060-789bba52d457,hate_or_noHate_zs_opt_kriteria,train,"Berdasarkan kriteria hatespeech yang ada, apakah pesan yang disampaikan dalam teks berikut: Selamat Pagi met aktifitas happy weekend Semoga kita jadi orang jujur biar hidup slalu mujur Aamiin #FreeAhok, dianggap sebagai hatespeech?
- iya
- tidak",tidak
3130,id_hatespeech,id_hatespeech_nusantara_text,52b35d09-ebeb-4764-9060-789bba52d457,hate_or_noHate_zs_opt_kriteria,train,"Berdasarkan kriteria hatespeech yang ada, apakah pesan yang disampaikan dalam teks berikut: Ahok dituntut 1 tahun penjara. Kemungkinan akan divonis bebas. Masalahnya, warga DKI terlanjur kehilangan pemimpin terbaik. #FreeAhok, dianggap sebagai hatespeech?
- iya
- tidak",tidak
3131,id_hatespeech,id_hatespeech_nusantara_text,52b35d09-ebeb-4764-9060-789bba52d457,hate_or_noHate_zs_opt_kriteria,train,"Berdasarkan kriteria hatespeech yang ada, apakah pesan yang disampaikan dalam teks berikut: Alhamdulillah tuntutan jaksa hanya 1 tahun masa percobaan 2 tahun yg artinya sbnrnya jaksa mengakui kalo Ahok itu tak bersalah #FreeAhok, dianggap sebagai hatespeech?
- iya
- tidak",tidak
3132,id_hatespeech,id_hatespeech_nusantara_text,52b35d09-ebeb-4764-9060-789bba52d457,hate_or_noHate_zs_opt_kriteria,train,"Berdasarkan kriteria hatespeech yang ada, apakah pesan yang disampaikan dalam teks berikut: Kalah atau menang #tetapahok. Terimakasih krn banyak ngasih pelajaran bagaimana kerja keras utk rakyat dgn bersih., dianggap sebagai hatespeech?
- iya
- tidak",tidak
3133,id_hatespeech,id_hatespeech_nusantara_text,52b35d09-ebeb-4764-9060-789bba52d457,hate_or_noHate_zs_opt_kriteria,train,"Berdasarkan kriteria hatespeech yang ada, apakah pesan yang disampaikan dalam teks berikut: Pilkada Serentak, Megawati Hanya Minta Jangan ada Intimidasi dan Politik Uang https:\/\/t.co\/zHhvJ4qrrY, dianggap sebagai hatespeech?
- iya
- tidak",tidak
3134,id_hatespeech,id_hatespeech_nusantara_text,52b35d09-ebeb-4764-9060-789bba52d457,hate_or_noHate_zs_opt_kriteria,train,"Berdasarkan kriteria hatespeech yang ada, apakah pesan yang disampaikan dalam teks berikut: #thw911 Saat Anies-Sandiaga Minta Doa Ustaz untuk Debat Pilkada https:\/\/t.co\/2odlrYteU1, dianggap sebagai hatespeech?
- iya
- tidak",tidak
3135,id_hatespeech,id_hatespeech_nusantara_text,52b35d09-ebeb-4764-9060-789bba52d457,hate_or_noHate_zs_opt_kriteria,train,"Berdasarkan kriteria hatespeech yang ada, apakah pesan yang disampaikan dalam teks berikut: Jangan pernah lelah mengabdi untuk Indonesia Pak @basuki_btp. #TetapAhok!, dianggap sebagai hatespeech?
- iya
- tidak",tidak
3136,id_hatespeech,id_hatespeech_nusantara_text,52b35d09-ebeb-4764-9060-789bba52d457,hate_or_noHate_zs_opt_kriteria,train,"Berdasarkan kriteria hatespeech yang ada, apakah pesan yang disampaikan dalam teks berikut: @LaitsSaja Jika Menang, Anies Siap Rangkul Paslon Lain Jika menang dalam kontestasi Pilkada https:\/\/t.co\/KG40YTelWX, dianggap sebagai hatespeech?
- iya
- tidak",tidak
3137,id_hatespeech,id_hatespeech_nusantara_text,52b35d09-ebeb-4764-9060-789bba52d457,hate_or_noHate_zs_opt_kriteria,train,"Berdasarkan kriteria hatespeech yang ada, apakah pesan yang disampaikan dalam teks berikut: @LaitsSaja TNI-Polri Bersinergi Jaga Keamanan Jelang Pilkada DKI TNI dan Polri terus bersin https:\/\/t.co\/HP77I9lffG, dianggap sebagai hatespeech?
- iya
- tidak",tidak
3138,id_hatespeech,id_hatespeech_nusantara_text,52b35d09-ebeb-4764-9060-789bba52d457,hate_or_noHate_zs_opt_kriteria,train,"Berdasarkan kriteria hatespeech yang ada, apakah pesan yang disampaikan dalam teks berikut: @novie_wednes72r Bismillah Inshaa ALLAH Agus Sylvi menang Pilkada DKI 1putaran dan jadi pemimpin yg amanah dan mencintai rakyat jakarta., dianggap sebagai hatespeech?
- iya
- tidak",tidak
3139,id_hatespeech,id_hatespeech_nusantara_text,52b35d09-ebeb-4764-9060-789bba52d457,hate_or_noHate_zs_opt_kriteria,train,"Berdasarkan kriteria hatespeech yang ada, apakah pesan yang disampaikan dalam teks berikut: Trima kasih pak uda bikin jakarta lebih baik selama bapak menjabat...., dianggap sebagai hatespeech?
- iya
- tidak",tidak
3140,id_hatespeech,id_hatespeech_nusantara_text,52b35d09-ebeb-4764-9060-789bba52d457,hate_or_noHate_zs_opt_kriteria,train,"Berdasarkan kriteria hatespeech yang ada, apakah pesan yang disampaikan dalam teks berikut: @nu_online sikap yang jelas dan tegas demi ketertiban dan keamanan ibu kota negara menjelang pilkada dki jakarta, dianggap sebagai hatespeech?
- iya
- tidak",tidak
3141,id_hatespeech,id_hatespeech_nusantara_text,52b35d09-ebeb-4764-9060-789bba52d457,hate_or_noHate_zs_opt_kriteria,train,"Berdasarkan kriteria hatespeech yang ada, apakah pesan yang disampaikan dalam teks berikut: Rencana Tuhan lebih baik dari rencana manusia. Mungkin Ahok bs bekerja kebih baik di posisi lain, dianggap sebagai hatespeech?
- iya
- tidak",tidak
3142,id_hatespeech,id_hatespeech_nusantara_text,52b35d09-ebeb-4764-9060-789bba52d457,hate_or_noHate_zs_opt_kriteria,train,"Berdasarkan kriteria hatespeech yang ada, apakah pesan yang disampaikan dalam teks berikut: walau kalah tp aku tetap merasa terhormat mendukung BADJA #TerimakasihAhok, dianggap sebagai hatespeech?
- iya
- tidak",tidak
3143,id_hatespeech,id_hatespeech_nusantara_text,52b35d09-ebeb-4764-9060-789bba52d457,hate_or_noHate_zs_opt_kriteria,train,"Berdasarkan kriteria hatespeech yang ada, apakah pesan yang disampaikan dalam teks berikut: Basuki TP Ahok Wawancara informal dengan wartawan Balaikota: https:\/\/t.co\/g7iB5H5RUL, dianggap sebagai hatespeech?
- iya
- tidak",tidak
3144,id_hatespeech,id_hatespeech_nusantara_text,52b35d09-ebeb-4764-9060-789bba52d457,hate_or_noHate_zs_opt_kriteria,train,"Berdasarkan kriteria hatespeech yang ada, apakah pesan yang disampaikan dalam teks berikut: Terimakasih Pak Ahok @basuki_btp #tetapahok karena kita memang siap kalah, dan selamat buat Gubernur baru, dianggap sebagai hatespeech?
- iya
- tidak",tidak
3145,id_hatespeech,id_hatespeech_nusantara_text,52b35d09-ebeb-4764-9060-789bba52d457,hate_or_noHate_zs_opt_kriteria,train,"Berdasarkan kriteria hatespeech yang ada, apakah pesan yang disampaikan dalam teks berikut: LUCU !! Yuk Melihat AHOK Promosikan Musik Dangdut Kepada Tamu Mancanegara, dianggap sebagai hatespeech?
- iya
- tidak",tidak
3146,id_hatespeech,id_hatespeech_nusantara_text,52b35d09-ebeb-4764-9060-789bba52d457,hate_or_noHate_zs_opt_kriteria,train,"Berdasarkan kriteria hatespeech yang ada, apakah pesan yang disampaikan dalam teks berikut: Minggu Tenang Pilkada, Ahok Fokus Kerja di Balai Kota: Peresmian-peresmian RPTRA CSR ditunda., dianggap sebagai hatespeech?
- iya
- tidak",tidak
3147,id_hatespeech,id_hatespeech_nusantara_text,52b35d09-ebeb-4764-9060-789bba52d457,hate_or_noHate_zs_opt_kriteria,train,"Berdasarkan kriteria hatespeech yang ada, apakah pesan yang disampaikan dalam teks berikut: MANTAB !! AHOK dan Pemprov DKI Jakarta Terjunkan Alat Berat Untuk Keruk Sampah di Waduk Pluit, dianggap sebagai hatespeech?
- iya
- tidak",tidak
3148,id_hatespeech,id_hatespeech_nusantara_text,52b35d09-ebeb-4764-9060-789bba52d457,hate_or_noHate_zs_opt_kriteria,train,"Berdasarkan kriteria hatespeech yang ada, apakah pesan yang disampaikan dalam teks berikut: Pagi Ini Polrestro Bekasi Gelar Pasukan Pilkada https:\/\/t.co\/ypRv5nNjSb, dianggap sebagai hatespeech?
- iya
- tidak",tidak
3149,id_hatespeech,id_hatespeech_nusantara_text,52b35d09-ebeb-4764-9060-789bba52d457,hate_or_noHate_zs_opt_kriteria,train,"Berdasarkan kriteria hatespeech yang ada, apakah pesan yang disampaikan dalam teks berikut: Pak @basuki_btp saya hanya bantu menyampaikan. Sbg orang2 di sekitar Pak Ahok bisa menyampaikan ke beliau. @kurawa. #BlusukanAhok #Gue2, dianggap sebagai hatespeech?
- iya
- tidak",tidak
3150,id_hatespeech,id_hatespeech_nusantara_text,52b35d09-ebeb-4764-9060-789bba52d457,hate_or_noHate_zs_opt_kriteria,train,"Berdasarkan kriteria hatespeech yang ada, apakah pesan yang disampaikan dalam teks berikut: pak ahok kalau anda jadi gubernur jangan lupa anda harus bangun provinsi Jambi buat lahan petani semua, dan jln kreta api jambi, riau, lampung, dianggap sebagai hatespeech?
- iya
- tidak",tidak
3151,id_hatespeech,id_hatespeech_nusantara_text,52b35d09-ebeb-4764-9060-789bba52d457,hate_or_noHate_zs_opt_kriteria,train,"Berdasarkan kriteria hatespeech yang ada, apakah pesan yang disampaikan dalam teks berikut: Partai Nasdem Optimis Menang di Pilkada Serentak 2017 https:\/\/t.co\/EOAzcxai94, dianggap sebagai hatespeech?
- iya
- tidak",tidak
3152,id_hatespeech,id_hatespeech_nusantara_text,52b35d09-ebeb-4764-9060-789bba52d457,hate_or_noHate_zs_opt_kriteria,train,"Berdasarkan kriteria hatespeech yang ada, apakah pesan yang disampaikan dalam teks berikut: biar kalah, tetap bangga. Sabar n iklas menerima nya. Masih bnyak jabatan lain untuk pak ahok. #TetapAhok, dianggap sebagai hatespeech?
- iya
- tidak",tidak
3153,id_hatespeech,id_hatespeech_nusantara_text,52b35d09-ebeb-4764-9060-789bba52d457,hate_or_noHate_zs_opt_kriteria,train,"Berdasarkan kriteria hatespeech yang ada, apakah pesan yang disampaikan dalam teks berikut: Sabar n iklas ya pak. Apa pun hasil nya. Kita tetap dukung. Di mna pun/jabatn apa pun yg bpk emban nanti. #TetapAhok, dianggap sebagai hatespeech?
- iya
- tidak",tidak
3154,id_hatespeech,id_hatespeech_nusantara_text,52b35d09-ebeb-4764-9060-789bba52d457,hate_or_noHate_zs_opt_kriteria,train,"Berdasarkan kriteria hatespeech yang ada, apakah pesan yang disampaikan dalam teks berikut: Wlaupun kita tak kenal,saya yakini slama ini kamu tlah bkerja kras tuk sebuah nilai yg diperjuangkan., dianggap sebagai hatespeech?
- iya
- tidak",tidak
3155,id_hatespeech,id_hatespeech_nusantara_text,52b35d09-ebeb-4764-9060-789bba52d457,hate_or_noHate_zs_opt_kriteria,train,"Berdasarkan kriteria hatespeech yang ada, apakah pesan yang disampaikan dalam teks berikut: RT @ahokdijegal: Kita mgk bs mendukung dia dlm hal kejujuran dan niat baik utk melayani warga, tapi gantiin dia dlm hal pekerjaan, dianggap sebagai hatespeech?
- iya
- tidak",tidak
3156,id_hatespeech,id_hatespeech_nusantara_text,52b35d09-ebeb-4764-9060-789bba52d457,hate_or_noHate_zs_opt_kriteria,train,"Berdasarkan kriteria hatespeech yang ada, apakah pesan yang disampaikan dalam teks berikut: Puluhan Personel Brimob Nunukan Diberangkatkan, Amankan Pilkada di Dua Provinsi, dianggap sebagai hatespeech?
- iya
- tidak",tidak
3157,id_hatespeech,id_hatespeech_nusantara_text,52b35d09-ebeb-4764-9060-789bba52d457,hate_or_noHate_zs_opt_kriteria,train,"Berdasarkan kriteria hatespeech yang ada, apakah pesan yang disampaikan dalam teks berikut: @basuki_btp sing sabar pak.. Simpen energi bapak untuk bagian lain Indonesia... Gusti Allah mboten sare pak..., dianggap sebagai hatespeech?
- iya
- tidak",tidak
3158,id_hatespeech,id_hatespeech_nusantara_text,52b35d09-ebeb-4764-9060-789bba52d457,hate_or_noHate_zs_opt_kriteria,train,"Berdasarkan kriteria hatespeech yang ada, apakah pesan yang disampaikan dalam teks berikut: Karena saya memilih dengan sehat maka saya kompensasikan dengan sarapan pagi yang, uhm, secara umum gak sehat. IMPAS, dianggap sebagai hatespeech?
- iya
- tidak",tidak
3159,id_hatespeech,id_hatespeech_nusantara_text,52b35d09-ebeb-4764-9060-789bba52d457,hate_or_noHate_zs_opt_kriteria,train,"Berdasarkan kriteria hatespeech yang ada, apakah pesan yang disampaikan dalam teks berikut: RT @Aktualco: Mahfud MD Heran, UU Pemda Sangat Jelas Tapi Mendagri Keukeuh Pertahankan Ahok, dianggap sebagai hatespeech?
- iya
- tidak",tidak
3160,id_hatespeech,id_hatespeech_nusantara_text,52b35d09-ebeb-4764-9060-789bba52d457,hate_or_noHate_zs_opt_kriteria,train,"Berdasarkan kriteria hatespeech yang ada, apakah pesan yang disampaikan dalam teks berikut: RT @AlissaWahid: Tuips, Ibu Sinta Nuriyah tidak pernah mengeluarkan pernyataan terkait pilkada DKI, dianggap sebagai hatespeech?
- iya
- tidak",tidak
3161,id_hatespeech,id_hatespeech_nusantara_text,52b35d09-ebeb-4764-9060-789bba52d457,hate_or_noHate_zs_opt_kriteria,train,"Berdasarkan kriteria hatespeech yang ada, apakah pesan yang disampaikan dalam teks berikut: RT @AmaliaAmelCute2: Lebih tambah jatuh hati deh jadinya Tak bisa berpaling ke pilihan yg lain Tetap ke pak ahok -Djarotlah yg terbaik, dianggap sebagai hatespeech?
- iya
- tidak",tidak
3162,id_hatespeech,id_hatespeech_nusantara_text,52b35d09-ebeb-4764-9060-789bba52d457,hate_or_noHate_zs_opt_kriteria,train,"Berdasarkan kriteria hatespeech yang ada, apakah pesan yang disampaikan dalam teks berikut: RT @AnakBaranusa: Yoi... Yang Jelas Pemenagnya itu hanya satu pasang calon, buka dua apa lagi tiga. 1, 2 dan 3 memiliki Peluang yg sama, dianggap sebagai hatespeech?
- iya
- tidak",tidak
3163,id_hatespeech,id_hatespeech_nusantara_text,52b35d09-ebeb-4764-9060-789bba52d457,hate_or_noHate_zs_opt_kriteria,train,"Berdasarkan kriteria hatespeech yang ada, apakah pesan yang disampaikan dalam teks berikut: RT @AT_AbdillahToha: Aksi 112 tampaknya akan diubah jadi zikir pilkada. Sejauh yg saya tahu, zikir adalah ibadah dekatkan diri ke Allah., dianggap sebagai hatespeech?
- iya
- tidak",tidak
3164,id_hatespeech,id_hatespeech_nusantara_text,52b35d09-ebeb-4764-9060-789bba52d457,hate_or_noHate_zs_opt_kriteria,train,"Berdasarkan kriteria hatespeech yang ada, apakah pesan yang disampaikan dalam teks berikut: RT @blogdokter: Janganlah karena pilkada dan kepentingan politik sesaat, persahabatan dan persaudaraan kita terputus | Kita adalah saudara., dianggap sebagai hatespeech?
- iya
- tidak",tidak
3165,id_hatespeech,id_hatespeech_nusantara_text,52b35d09-ebeb-4764-9060-789bba52d457,hate_or_noHate_zs_opt_kriteria,train,"Berdasarkan kriteria hatespeech yang ada, apakah pesan yang disampaikan dalam teks berikut: RT @Brani2000: Pilkada di Beltim di kampung sendiri ahok hanya 33% suara. Di Babel kalah telak. Pilkada di DKI? paling cuma 3% suara, dianggap sebagai hatespeech?
- iya
- tidak",tidak
3166,id_hatespeech,id_hatespeech_nusantara_text,52b35d09-ebeb-4764-9060-789bba52d457,hate_or_noHate_zs_opt_kriteria,train,"Berdasarkan kriteria hatespeech yang ada, apakah pesan yang disampaikan dalam teks berikut: RT @digembok: Ya allah... Beneran... Pak ahok akhirnya samperin si emak..., dianggap sebagai hatespeech?
- iya
- tidak",tidak
3167,id_hatespeech,id_hatespeech_nusantara_text,52b35d09-ebeb-4764-9060-789bba52d457,hate_or_noHate_zs_opt_kriteria,train,"Berdasarkan kriteria hatespeech yang ada, apakah pesan yang disampaikan dalam teks berikut: Terimakasih Pak @basukibtp untuk 5 tahunnya, 3 tahun sbg wakil gubernur & 2 tahun sbg gubernur!, dianggap sebagai hatespeech?
- iya
- tidak",tidak
3168,id_hatespeech,id_hatespeech_nusantara_text,52b35d09-ebeb-4764-9060-789bba52d457,hate_or_noHate_zs_opt_kriteria,train,"Berdasarkan kriteria hatespeech yang ada, apakah pesan yang disampaikan dalam teks berikut: RT @eliya_mkom: kesimpulannya tuips, mari kita menangkan Agus Sylvi SATU Putaran, gak perlu pakai 2 putaran segala, cuma habiskan waktu, dianggap sebagai hatespeech?
- iya
- tidak",tidak
3169,id_hatespeech,id_hatespeech_nusantara_text,52b35d09-ebeb-4764-9060-789bba52d457,hate_or_noHate_zs_opt_kriteria,train,"Berdasarkan kriteria hatespeech yang ada, apakah pesan yang disampaikan dalam teks berikut: Dan selamat atas kemenangannya untuk bapak Anies & Sandi. Semoga Jakarta bisa bersatu lagi, dianggap sebagai hatespeech?
- iya
- tidak",tidak
3170,id_hatespeech,id_hatespeech_nusantara_text,52b35d09-ebeb-4764-9060-789bba52d457,hate_or_noHate_zs_opt_kriteria,train,"Berdasarkan kriteria hatespeech yang ada, apakah pesan yang disampaikan dalam teks berikut: Bangga masih memiliki putra bangsa seperti pak Basuki dan pak Jarot., dianggap sebagai hatespeech?
- iya
- tidak",tidak
3171,id_hatespeech,id_hatespeech_nusantara_text,52b35d09-ebeb-4764-9060-789bba52d457,hate_or_noHate_zs_opt_kriteria,train,"Berdasarkan kriteria hatespeech yang ada, apakah pesan yang disampaikan dalam teks berikut: Temen-temen, apapun pilihannya, masih ada kehidupan setelah pilkada. Mari saling merangkul & saatnya Jakarta maju dan bahagia bersama., dianggap sebagai hatespeech?
- iya
- tidak",tidak
3172,id_hatespeech,id_hatespeech_nusantara_text,52b35d09-ebeb-4764-9060-789bba52d457,hate_or_noHate_zs_opt_kriteria,train,"Berdasarkan kriteria hatespeech yang ada, apakah pesan yang disampaikan dalam teks berikut: Selamat atas status barunya pak #Aniessandi, semangat ya pak, semoga semua sesuai dengan janjinya, dianggap sebagai hatespeech?
- iya
- tidak",tidak
3173,id_hatespeech,id_hatespeech_nusantara_text,52b35d09-ebeb-4764-9060-789bba52d457,hate_or_noHate_zs_opt_kriteria,train,"Berdasarkan kriteria hatespeech yang ada, apakah pesan yang disampaikan dalam teks berikut: Pak ahok @basukibtp tetep semangat yaaa, saya akan selalu menghargai kerja keras bapak dan saya ucapkan selamat atas kemenangan paslon nomor 3 yaitu #AniesSandi!, dianggap sebagai hatespeech?
- iya
- tidak",tidak
3174,id_hatespeech,id_hatespeech_nusantara_text,52b35d09-ebeb-4764-9060-789bba52d457,hate_or_noHate_zs_opt_kriteria,train,"Berdasarkan kriteria hatespeech yang ada, apakah pesan yang disampaikan dalam teks berikut: Terima kasih pak ahok pak djarot kami bangga perna di pimpin sama bapak berdua...tetap semangat...sukses terus pak, dianggap sebagai hatespeech?
- iya
- tidak",tidak
3175,id_hatespeech,id_hatespeech_nusantara_text,52b35d09-ebeb-4764-9060-789bba52d457,hate_or_noHate_zs_opt_kriteria,train,"Berdasarkan kriteria hatespeech yang ada, apakah pesan yang disampaikan dalam teks berikut: Terima kasih Pak Ahok-Djarot telah bersama kami beberapa tahun ini, dianggap sebagai hatespeech?
- iya
- tidak",tidak
3176,id_hatespeech,id_hatespeech_nusantara_text,52b35d09-ebeb-4764-9060-789bba52d457,hate_or_noHate_zs_opt_kriteria,train,"Berdasarkan kriteria hatespeech yang ada, apakah pesan yang disampaikan dalam teks berikut: RT @FerpuAdvocates: Sumarsono: Gaya Pak Ahok yg Kerja Keras Patut Dicontoh dan itu Bagus!!!, dianggap sebagai hatespeech?
- iya
- tidak",tidak
3177,id_hatespeech,id_hatespeech_nusantara_text,52b35d09-ebeb-4764-9060-789bba52d457,hate_or_noHate_zs_opt_kriteria,train,"Berdasarkan kriteria hatespeech yang ada, apakah pesan yang disampaikan dalam teks berikut: RT @Franstone888: Klo semua mau jujur dan pake hati nurani, Ahok adlh yg terbaik buat Jakarta. Gubernur yg jujur dan benar2 perhatian pd warga, dianggap sebagai hatespeech?
- iya
- tidak",tidak
3178,id_hatespeech,id_hatespeech_nusantara_text,52b35d09-ebeb-4764-9060-789bba52d457,hate_or_noHate_zs_opt_kriteria,train,"Berdasarkan kriteria hatespeech yang ada, apakah pesan yang disampaikan dalam teks berikut: Pak Ahok the best aku salut sama pak orang nya sabar dengan cobaan dari tuhan Pak Ahok is the best, dianggap sebagai hatespeech?
- iya
- tidak",tidak
3179,id_hatespeech,id_hatespeech_nusantara_text,52b35d09-ebeb-4764-9060-789bba52d457,hate_or_noHate_zs_opt_kriteria,train,"Berdasarkan kriteria hatespeech yang ada, apakah pesan yang disampaikan dalam teks berikut: RT @hariadhi: Makasih Pak Ahok, sudah ajarkan kami makna peduli sama rakyat. Andai di masa depan saya dpt kesempatan, dianggap sebagai hatespeech?
- iya
- tidak",tidak
3180,id_hatespeech,id_hatespeech_nusantara_text,52b35d09-ebeb-4764-9060-789bba52d457,hate_or_noHate_zs_opt_kriteria,train,"Berdasarkan kriteria hatespeech yang ada, apakah pesan yang disampaikan dalam teks berikut: RT @IpungLombok: Hadeuuuh.. Kenapa jadi gaduh gini Pilkada DKI ya... Padahal Pilkada serentak 2015 lalu aman aman saja?, dianggap sebagai hatespeech?
- iya
- tidak",tidak
3181,id_hatespeech,id_hatespeech_nusantara_text,52b35d09-ebeb-4764-9060-789bba52d457,hate_or_noHate_zs_opt_kriteria,train,"Berdasarkan kriteria hatespeech yang ada, apakah pesan yang disampaikan dalam teks berikut: RT @MbakNevi: Masyarakat Transportasi Jakarta dukung Ahok-Djarot, https:\/\/t.co\/7fdwk8XvCB, dianggap sebagai hatespeech?
- iya
- tidak",tidak
3182,id_hatespeech,id_hatespeech_nusantara_text,52b35d09-ebeb-4764-9060-789bba52d457,hate_or_noHate_zs_opt_kriteria,train,"Berdasarkan kriteria hatespeech yang ada, apakah pesan yang disampaikan dalam teks berikut: Saya sudah tidak tertarik melihat Debat Pilkada DKI, namun ada yang menarik. Salah satu Cagub sering mengepalkan tangan pada saat menjelas, dianggap sebagai hatespeech?
- iya
- tidak",tidak
3183,id_hatespeech,id_hatespeech_nusantara_text,52b35d09-ebeb-4764-9060-789bba52d457,hate_or_noHate_zs_opt_kriteria,train,"Berdasarkan kriteria hatespeech yang ada, apakah pesan yang disampaikan dalam teks berikut: Semangat terus. Maju terus di dalam TUHAN. God Bless you more and forever bpk ahok dan family, dianggap sebagai hatespeech?
- iya
- tidak",tidak
3184,id_hatespeech,id_hatespeech_nusantara_text,52b35d09-ebeb-4764-9060-789bba52d457,hate_or_noHate_zs_opt_kriteria,train,"Berdasarkan kriteria hatespeech yang ada, apakah pesan yang disampaikan dalam teks berikut: Selamat bertugas pak Anis, semoga Jakarta menjadi lebih baik lagi!, dianggap sebagai hatespeech?
- iya
- tidak",tidak
3185,id_hatespeech,id_hatespeech_nusantara_text,52b35d09-ebeb-4764-9060-789bba52d457,hate_or_noHate_zs_opt_kriteria,train,"Berdasarkan kriteria hatespeech yang ada, apakah pesan yang disampaikan dalam teks berikut: @aniesbaswedan @sandiuno selamat ya pak, kami tunggu program terealisasi. Jangan kecewakan Jakarta, dianggap sebagai hatespeech?
- iya
- tidak",tidak
3186,id_hatespeech,id_hatespeech_nusantara_text,52b35d09-ebeb-4764-9060-789bba52d457,hate_or_noHate_zs_opt_kriteria,train,"Berdasarkan kriteria hatespeech yang ada, apakah pesan yang disampaikan dalam teks berikut: Saya selalu mendoakan yg terbaik untk bapak dan bapak juga mendapatkan banyak ucapan dari saudara di gaza palestina, dianggap sebagai hatespeech?
- iya
- tidak",tidak
3187,id_hatespeech,id_hatespeech_nusantara_text,52b35d09-ebeb-4764-9060-789bba52d457,hate_or_noHate_zs_opt_kriteria,train,"Berdasarkan kriteria hatespeech yang ada, apakah pesan yang disampaikan dalam teks berikut: Selamat untk bpk @aniesbaswedan & @sandiagauno atas kemenangannya. Semoga allah memberkahi disetiap langkah yg bapak ambil aminnn salam3jari, dianggap sebagai hatespeech?
- iya
- tidak",tidak
3188,id_hatespeech,id_hatespeech_nusantara_text,52b35d09-ebeb-4764-9060-789bba52d457,hate_or_noHate_zs_opt_kriteria,train,"Berdasarkan kriteria hatespeech yang ada, apakah pesan yang disampaikan dalam teks berikut: RT @netmediatama: Mereka telah siap berikan yang terbaik di ajang debat terbuka!, dianggap sebagai hatespeech?
- iya
- tidak",tidak
3189,id_hatespeech,id_hatespeech_nusantara_text,52b35d09-ebeb-4764-9060-789bba52d457,hate_or_noHate_zs_opt_kriteria,train,"Berdasarkan kriteria hatespeech yang ada, apakah pesan yang disampaikan dalam teks berikut: Pak anies dan pak @sandiuno selamat ya sudah terpilih jd gubernur dan wagub Jakarta., dianggap sebagai hatespeech?
- iya
- tidak",tidak
3190,id_hatespeech,id_hatespeech_nusantara_text,52b35d09-ebeb-4764-9060-789bba52d457,hate_or_noHate_zs_opt_kriteria,train,"Berdasarkan kriteria hatespeech yang ada, apakah pesan yang disampaikan dalam teks berikut: RT @PartaiSocmed: Kejahatan perbankan yg di spin oleh tim AHY untuk kepentingan pilkada, dianggap sebagai hatespeech?
- iya
- tidak",tidak
3191,id_hatespeech,id_hatespeech_nusantara_text,52b35d09-ebeb-4764-9060-789bba52d457,hate_or_noHate_zs_opt_kriteria,train,"Berdasarkan kriteria hatespeech yang ada, apakah pesan yang disampaikan dalam teks berikut: RT @swamediumcom: Agus-Sylvi Diprediksi Maju di Putaran Kedua Pilkada DKI versi Survey GRP, dianggap sebagai hatespeech?
- iya
- tidak",tidak
3192,id_hatespeech,id_hatespeech_nusantara_text,52b35d09-ebeb-4764-9060-789bba52d457,hate_or_noHate_zs_opt_kriteria,train,"Berdasarkan kriteria hatespeech yang ada, apakah pesan yang disampaikan dalam teks berikut: RT @temanAhok: Alhamdulillah sambutan antusias warga di tiap blusukan pak Ahok selalu real. Ngga ada settingan., dianggap sebagai hatespeech?
- iya
- tidak",tidak
3193,id_hatespeech,id_hatespeech_nusantara_text,52b35d09-ebeb-4764-9060-789bba52d457,hate_or_noHate_zs_opt_kriteria,train,"Berdasarkan kriteria hatespeech yang ada, apakah pesan yang disampaikan dalam teks berikut: Sampai detik ini pak ahok masih harapan terbesar saya #prayforjakarta, dianggap sebagai hatespeech?
- iya
- tidak",tidak
3194,id_hatespeech,id_hatespeech_nusantara_text,52b35d09-ebeb-4764-9060-789bba52d457,hate_or_noHate_zs_opt_kriteria,train,"Berdasarkan kriteria hatespeech yang ada, apakah pesan yang disampaikan dalam teks berikut: Tuhan punya rencana yg indah buat Pak Ahok dan Pak Djarot, dianggap sebagai hatespeech?
- iya
- tidak",tidak
3195,id_hatespeech,id_hatespeech_nusantara_text,52b35d09-ebeb-4764-9060-789bba52d457,hate_or_noHate_zs_opt_kriteria,train,"Berdasarkan kriteria hatespeech yang ada, apakah pesan yang disampaikan dalam teks berikut: Selamat dan terima kasih banyak untuk pak Ahok dan pak Djarot yg sudah menunjukan bahwa negara ini masih punya orang2 baik, dianggap sebagai hatespeech?
- iya
- tidak",tidak
3196,id_hatespeech,id_hatespeech_nusantara_text,52b35d09-ebeb-4764-9060-789bba52d457,hate_or_noHate_zs_opt_kriteria,train,"Berdasarkan kriteria hatespeech yang ada, apakah pesan yang disampaikan dalam teks berikut: Terima kasih pak atas segala kebaikan untuk jakarta yang sudah kalian tancapkan di hati warga jakarta, dianggap sebagai hatespeech?
- iya
- tidak",tidak
3197,id_hatespeech,id_hatespeech_nusantara_text,52b35d09-ebeb-4764-9060-789bba52d457,hate_or_noHate_zs_opt_kriteria,train,"Berdasarkan kriteria hatespeech yang ada, apakah pesan yang disampaikan dalam teks berikut: Pasti bapak anies sandi kemungkinan besar menang, dianggap sebagai hatespeech?
- iya
- tidak",tidak
3198,id_hatespeech,id_hatespeech_nusantara_text,52b35d09-ebeb-4764-9060-789bba52d457,hate_or_noHate_zs_opt_kriteria,train,"Berdasarkan kriteria hatespeech yang ada, apakah pesan yang disampaikan dalam teks berikut: Terima kasih. Kepada pendukung kami, percayalah... Tuhan tahu yang terbaik. #JakartaPunyaSemua, dianggap sebagai hatespeech?
- iya
- tidak",tidak
3199,id_hatespeech,id_hatespeech_nusantara_text,52b35d09-ebeb-4764-9060-789bba52d457,hate_or_noHate_zs_opt_kriteria,train,"Berdasarkan kriteria hatespeech yang ada, apakah pesan yang disampaikan dalam teks berikut: Gubernur dan wakil gubernur terbaik yang pernah jakarta miliki., dianggap sebagai hatespeech?
- iya
- tidak",tidak
3200,id_hatespeech,id_hatespeech_nusantara_text,52b35d09-ebeb-4764-9060-789bba52d457,hate_or_noHate_zs_opt_kriteria,train,"Berdasarkan kriteria hatespeech yang ada, apakah pesan yang disampaikan dalam teks berikut: RT @triwul82: Jelang Akhir Masa Tugas, Plt Gubernur DKI Akui Kinerja Ahok https:\/\/t.co\/04ihgI5cwZ, dianggap sebagai hatespeech?
- iya
- tidak",tidak
3201,id_hatespeech,id_hatespeech_nusantara_text,52b35d09-ebeb-4764-9060-789bba52d457,hate_or_noHate_zs_opt_kriteria,train,"Berdasarkan kriteria hatespeech yang ada, apakah pesan yang disampaikan dalam teks berikut: RT @Wolfcrime: Pendukung yang Telah Dibaiat tapi Tak Pilih Agus-Sylvi Akan Terima Risikonya, dianggap sebagai hatespeech?
- iya
- tidak",tidak
3202,id_hatespeech,id_hatespeech_nusantara_text,52b35d09-ebeb-4764-9060-789bba52d457,hate_or_noHate_zs_opt_kriteria,train,"Berdasarkan kriteria hatespeech yang ada, apakah pesan yang disampaikan dalam teks berikut: Mutiara tetap mutiara Pak Ahok Djarot. Tuhan pny rencana yg lebih dahsyat utk Bapak ber2 utk Indonesia. Maju terus., dianggap sebagai hatespeech?
- iya
- tidak",tidak
3203,id_hatespeech,id_hatespeech_nusantara_text,52b35d09-ebeb-4764-9060-789bba52d457,hate_or_noHate_zs_opt_kriteria,train,"Berdasarkan kriteria hatespeech yang ada, apakah pesan yang disampaikan dalam teks berikut: Tuhan percayakan hal yang lebih Besar lagi kepada Pak Ahok selain hanya menjadi Gubernur Dki jakarta., dianggap sebagai hatespeech?
- iya
- tidak",tidak
3204,id_hatespeech,id_hatespeech_nusantara_text,52b35d09-ebeb-4764-9060-789bba52d457,hate_or_noHate_zs_opt_kriteria,train,"Berdasarkan kriteria hatespeech yang ada, apakah pesan yang disampaikan dalam teks berikut: I LOVE YOU PAK AHOK.AKU HANYA BISA BERDOA SEMOGA TUHAN MEMBERKATI. SALAM 2 JARI UNTUK PA AHOK I LOVE YOU, dianggap sebagai hatespeech?
- iya
- tidak",tidak
3205,id_hatespeech,id_hatespeech_nusantara_text,52b35d09-ebeb-4764-9060-789bba52d457,hate_or_noHate_zs_opt_kriteria,train,"Berdasarkan kriteria hatespeech yang ada, apakah pesan yang disampaikan dalam teks berikut: Survei Terbaru: Anies-Sandi Melejit Jauh Tinggalkan Ahok-Djarot https:\/\/t.co\/2IHhuzPsbF, dianggap sebagai hatespeech?
- iya
- tidak",tidak
3206,id_hatespeech,id_hatespeech_nusantara_text,52b35d09-ebeb-4764-9060-789bba52d457,hate_or_noHate_zs_opt_kriteria,train,"Berdasarkan kriteria hatespeech yang ada, apakah pesan yang disampaikan dalam teks berikut: Aku akui pak ahok itu tangguh sekali dan apa adanya, dianggap sebagai hatespeech?
- iya
- tidak",tidak
3207,id_hatespeech,id_hatespeech_nusantara_text,52b35d09-ebeb-4764-9060-789bba52d457,hate_or_noHate_zs_opt_kriteria,train,"Berdasarkan kriteria hatespeech yang ada, apakah pesan yang disampaikan dalam teks berikut: saya selalu mendukung dan berdoa untukmu ahokdjarot terimakasih, dianggap sebagai hatespeech?
- iya
- tidak",tidak
3208,id_hatespeech,id_hatespeech_nusantara_text,52b35d09-ebeb-4764-9060-789bba52d457,hate_or_noHate_zs_opt_kriteria,train,"Berdasarkan kriteria hatespeech yang ada, apakah pesan yang disampaikan dalam teks berikut: Meski Badj tak lagi menjadi pelayan rakyat...kami selalu berdoa terbaik buat Badja. Kami bangga pernah memiliki kalian., dianggap sebagai hatespeech?
- iya
- tidak",tidak
3209,id_hatespeech,id_hatespeech_nusantara_text,52b35d09-ebeb-4764-9060-789bba52d457,hate_or_noHate_zs_opt_kriteria,train,"Berdasarkan kriteria hatespeech yang ada, apakah pesan yang disampaikan dalam teks berikut: Mudah2han pak ahok jadi nomor satu di Indonesia, dianggap sebagai hatespeech?
- iya
- tidak",tidak
3210,id_hatespeech,id_hatespeech_nusantara_text,52b35d09-ebeb-4764-9060-789bba52d457,hate_or_noHate_zs_opt_kriteria,train,"Berdasarkan kriteria hatespeech yang ada, apakah pesan yang disampaikan dalam teks berikut: TPS Paslon Pilkada DKI Akan Dijaga Ketat, dianggap sebagai hatespeech?
- iya
- tidak",tidak
3211,id_hatespeech,id_hatespeech_nusantara_text,52b35d09-ebeb-4764-9060-789bba52d457,hate_or_noHate_zs_opt_kriteria,train,"Berdasarkan kriteria hatespeech yang ada, apakah pesan yang disampaikan dalam teks berikut: saya bukan penduduk jakarta. tapi saya kagum pada sosok ahok dan jarot.allah memang punya rencana lain.selamat pada beliau, dianggap sebagai hatespeech?
- iya
- tidak",tidak
3212,id_hatespeech,id_hatespeech_nusantara_text,52b35d09-ebeb-4764-9060-789bba52d457,hate_or_noHate_zs_opt_kriteria,train,"Berdasarkan kriteria hatespeech yang ada, apakah pesan yang disampaikan dalam teks berikut: Pak anies tolong bongkar lagi masjid yg di bangun pak ahok di daan mogot, dianggap sebagai hatespeech?
- iya
- tidak",tidak
3213,id_hatespeech,id_hatespeech_nusantara_text,52b35d09-ebeb-4764-9060-789bba52d457,hate_or_noHate_zs_opt_kriteria,train,"Berdasarkan kriteria hatespeech yang ada, apakah pesan yang disampaikan dalam teks berikut: Yang blm pada move on mending bsk piknik aja mumpung long weekend hehehe, dianggap sebagai hatespeech?
- iya
- tidak",tidak
3214,id_hatespeech,id_hatespeech_nusantara_text,52b35d09-ebeb-4764-9060-789bba52d457,hate_or_noHate_zs_opt_kriteria,train,"Berdasarkan kriteria hatespeech yang ada, apakah pesan yang disampaikan dalam teks berikut: Semoga bapak bisa meneladani sosok bang yos gubernur jakarta yang sangat cinta @persijajkt, dianggap sebagai hatespeech?
- iya
- tidak",tidak
3215,id_hatespeech,id_hatespeech_nusantara_text,52b35d09-ebeb-4764-9060-789bba52d457,hate_or_noHate_zs_opt_kriteria,train,"Berdasarkan kriteria hatespeech yang ada, apakah pesan yang disampaikan dalam teks berikut: Pemimpin yg baik pemimpin yg mengerti akan jiwa pemuda, lanjutkan pak @aniesbaswedan, dianggap sebagai hatespeech?
- iya
- tidak",tidak
3216,id_hatespeech,id_hatespeech_nusantara_text,52b35d09-ebeb-4764-9060-789bba52d457,hate_or_noHate_zs_opt_kriteria,train,"Berdasarkan kriteria hatespeech yang ada, apakah pesan yang disampaikan dalam teks berikut: kami disini mendulungmu untuk jakarta yg maju bukan hanya ekonomi nya tapi juga prestasi sepakbola nya, dianggap sebagai hatespeech?
- iya
- tidak",tidak
3217,id_hatespeech,id_hatespeech_nusantara_text,52b35d09-ebeb-4764-9060-789bba52d457,hate_or_noHate_zs_opt_kriteria,train,"Berdasarkan kriteria hatespeech yang ada, apakah pesan yang disampaikan dalam teks berikut: Negara kita negara BHINEKA TUNGGAL IKA. jadi ga liat pemimpin dengan agama ,ras ,budaya, dianggap sebagai hatespeech?
- iya
- tidak",tidak
3218,id_hatespeech,id_hatespeech_nusantara_text,52b35d09-ebeb-4764-9060-789bba52d457,hate_or_noHate_zs_opt_kriteria,train,"Berdasarkan kriteria hatespeech yang ada, apakah pesan yang disampaikan dalam teks berikut: pak @aniesbaswedan kami disini mendulungmu untuk jakarta yg maju bukan hanya ekonomi nya tapi juga prestasi sepakbola nya, dianggap sebagai hatespeech?
- iya
- tidak",tidak
3219,id_hatespeech,id_hatespeech_nusantara_text,52b35d09-ebeb-4764-9060-789bba52d457,hate_or_noHate_zs_opt_kriteria,train,"Berdasarkan kriteria hatespeech yang ada, apakah pesan yang disampaikan dalam teks berikut: Gw yakin suatu saat pasti Pak @basuki_btp akan ada patungnya sebagai tanda jasa entah itu di indo atau di madame tussaud., dianggap sebagai hatespeech?
- iya
- tidak",tidak
3220,id_hatespeech,id_hatespeech_nusantara_text,52b35d09-ebeb-4764-9060-789bba52d457,hate_or_noHate_zs_opt_kriteria,train,"Berdasarkan kriteria hatespeech yang ada, apakah pesan yang disampaikan dalam teks berikut: Doa itu sebaiknya yg baik2. Karena Tuhan juga baik. Klo doa jelek jahat, akan berbalik ke diri yg mendoakan loh, dianggap sebagai hatespeech?
- iya
- tidak",tidak
3221,id_hatespeech,id_hatespeech_nusantara_text,52b35d09-ebeb-4764-9060-789bba52d457,hate_or_noHate_zs_opt_kriteria,train,"Berdasarkan kriteria hatespeech yang ada, apakah pesan yang disampaikan dalam teks berikut: #badja Jakarta tidak butuh kalian lagi, tapi Indonesia menunggu untuk pengabdian kalian., dianggap sebagai hatespeech?
- iya
- tidak",tidak
3222,id_hatespeech,id_hatespeech_nusantara_text,52b35d09-ebeb-4764-9060-789bba52d457,hate_or_noHate_zs_opt_kriteria,train,"Berdasarkan kriteria hatespeech yang ada, apakah pesan yang disampaikan dalam teks berikut: Artikel saya untuk Mas @pandji. Dari reklamasi, penggusuran, DP 0 Rupiah, OKE OCE, hingga ""figur pemersatu""., dianggap sebagai hatespeech?
- iya
- tidak",tidak
3223,id_hatespeech,id_hatespeech_nusantara_text,52b35d09-ebeb-4764-9060-789bba52d457,hate_or_noHate_zs_opt_kriteria,train,"Berdasarkan kriteria hatespeech yang ada, apakah pesan yang disampaikan dalam teks berikut: #BesokGueAhok Karena Terbukti Dan Teruji Dari Segi Kerjanya,Ahok Untuk DKI Jakarta Lebih Baik Kemudian #TetapAhok, dianggap sebagai hatespeech?
- iya
- tidak",tidak
3224,id_hatespeech,id_hatespeech_nusantara_text,52b35d09-ebeb-4764-9060-789bba52d457,hate_or_noHate_zs_opt_kriteria,train,"Berdasarkan kriteria hatespeech yang ada, apakah pesan yang disampaikan dalam teks berikut: ga tinggal di Jakarta sih, tp 1 rumah ngotot banget dukung Pak @basuki_btp!, dianggap sebagai hatespeech?
- iya
- tidak",tidak
3225,id_hatespeech,id_hatespeech_nusantara_text,52b35d09-ebeb-4764-9060-789bba52d457,hate_or_noHate_zs_opt_kriteria,train,"Berdasarkan kriteria hatespeech yang ada, apakah pesan yang disampaikan dalam teks berikut: Semangat Pilkada! Untukmu pilihanmu dan untukku pilihanku #tetapahok, dianggap sebagai hatespeech?
- iya
- tidak",tidak
3226,id_hatespeech,id_hatespeech_nusantara_text,52b35d09-ebeb-4764-9060-789bba52d457,hate_or_noHate_zs_opt_kriteria,train,"Berdasarkan kriteria hatespeech yang ada, apakah pesan yang disampaikan dalam teks berikut: Tapi perbedaan vital di reklamasi sama perumahan, justru gak bisa berkutik sama sekali., dianggap sebagai hatespeech?
- iya
- tidak",tidak
3227,id_hatespeech,id_hatespeech_nusantara_text,52b35d09-ebeb-4764-9060-789bba52d457,hate_or_noHate_zs_opt_kriteria,train,"Berdasarkan kriteria hatespeech yang ada, apakah pesan yang disampaikan dalam teks berikut: Sabar dulu jgn tergesa2 nagih, beliau belum dilantik baru bulan Oktober nanti., dianggap sebagai hatespeech?
- iya
- tidak",tidak
3228,id_hatespeech,id_hatespeech_nusantara_text,52b35d09-ebeb-4764-9060-789bba52d457,hate_or_noHate_zs_opt_kriteria,train,"Berdasarkan kriteria hatespeech yang ada, apakah pesan yang disampaikan dalam teks berikut: Pak @aniesbaswedan knpa ngga mampir dulu ke tempat saya. Orangtua saya ngefans bgt, dianggap sebagai hatespeech?
- iya
- tidak",tidak
3229,id_hatespeech,id_hatespeech_nusantara_text,52b35d09-ebeb-4764-9060-789bba52d457,hate_or_noHate_zs_opt_kriteria,train,"Berdasarkan kriteria hatespeech yang ada, apakah pesan yang disampaikan dalam teks berikut: Semoga @persijajkt lebih maju dengan adanya gubernur era baru., dianggap sebagai hatespeech?
- iya
- tidak",tidak
3230,id_hatespeech,id_hatespeech_nusantara_text,52b35d09-ebeb-4764-9060-789bba52d457,hate_or_noHate_zs_opt_kriteria,train,"Berdasarkan kriteria hatespeech yang ada, apakah pesan yang disampaikan dalam teks berikut: Tetap di masyarakat jakarta dan selalu membuat jakarta lebih baik.Dan hasilnya pun sudah terbukti, dianggap sebagai hatespeech?
- iya
- tidak",tidak
3231,id_hatespeech,id_hatespeech_nusantara_text,52b35d09-ebeb-4764-9060-789bba52d457,hate_or_noHate_zs_opt_kriteria,train,"Berdasarkan kriteria hatespeech yang ada, apakah pesan yang disampaikan dalam teks berikut: saya sebagai masyarakat jakarta salut terhadap kepemimpinan pak ahok., dianggap sebagai hatespeech?
- iya
- tidak",tidak
3232,id_hatespeech,id_hatespeech_nusantara_text,52b35d09-ebeb-4764-9060-789bba52d457,hate_or_noHate_zs_opt_kriteria,train,"Berdasarkan kriteria hatespeech yang ada, apakah pesan yang disampaikan dalam teks berikut: Semua sayang ahok. Saya berharap ahok bisa jadi presiden selanjutnya bersama pak jokowi., dianggap sebagai hatespeech?
- iya
- tidak",tidak
3233,id_hatespeech,id_hatespeech_nusantara_text,52b35d09-ebeb-4764-9060-789bba52d457,hate_or_noHate_zs_opt_kriteria,train,"Berdasarkan kriteria hatespeech yang ada, apakah pesan yang disampaikan dalam teks berikut: Bukan lagi milik jakarta lagi ahok tapi milik kita untuk membangun jakarta lebih baik, dianggap sebagai hatespeech?
- iya
- tidak",tidak
3234,id_hatespeech,id_hatespeech_nusantara_text,52b35d09-ebeb-4764-9060-789bba52d457,hate_or_noHate_zs_opt_kriteria,train,"Berdasarkan kriteria hatespeech yang ada, apakah pesan yang disampaikan dalam teks berikut: Pak Ahok, jadi cagub di Bekasi aja ya pak... Bekasi mau dipimpin orang seperti bapak, biar ada perubahan lebih baik @basukibtp, dianggap sebagai hatespeech?
- iya
- tidak",tidak
3235,id_hatespeech,id_hatespeech_nusantara_text,52b35d09-ebeb-4764-9060-789bba52d457,hate_or_noHate_zs_opt_kriteria,train,"Berdasarkan kriteria hatespeech yang ada, apakah pesan yang disampaikan dalam teks berikut: Kekalahan Ahok adalah kemunduran peradaban di Indonesia. Selamat datang radikalisme. Akal sehat sudah tidak ada dinegara ini., dianggap sebagai hatespeech?
- iya
- tidak",tidak
3236,id_hatespeech,id_hatespeech_nusantara_text,52b35d09-ebeb-4764-9060-789bba52d457,hate_or_noHate_zs_opt_kriteria,train,"Berdasarkan kriteria hatespeech yang ada, apakah pesan yang disampaikan dalam teks berikut: Semangat pak ahok , bapak sudah berjuang sekuat tenaga dan sudah berusaha melakukan yang terbaik, terima kasih pak, dianggap sebagai hatespeech?
- iya
- tidak",tidak
3237,id_hatespeech,id_hatespeech_nusantara_text,52b35d09-ebeb-4764-9060-789bba52d457,hate_or_noHate_zs_opt_kriteria,train,"Berdasarkan kriteria hatespeech yang ada, apakah pesan yang disampaikan dalam teks berikut: Terima Kasih pak sudah mengabdi dijakarta dengan segudang permintaan warga., dianggap sebagai hatespeech?
- iya
- tidak",tidak
3238,id_hatespeech,id_hatespeech_nusantara_text,52b35d09-ebeb-4764-9060-789bba52d457,hate_or_noHate_zs_opt_kriteria,train,"Berdasarkan kriteria hatespeech yang ada, apakah pesan yang disampaikan dalam teks berikut: Mungkin ada kata kata yang menyakitkan ya pak, tapi semoga itu menjadi semangat untuk bapak kedepannya., dianggap sebagai hatespeech?
- iya
- tidak",tidak
3239,id_hatespeech,id_hatespeech_nusantara_text,52b35d09-ebeb-4764-9060-789bba52d457,hate_or_noHate_zs_opt_kriteria,train,"Berdasarkan kriteria hatespeech yang ada, apakah pesan yang disampaikan dalam teks berikut: Walaupun bapak tidak menang. Tapi saya menikmati kerja keras bapak selama menjabat. Terima kasih untuk bapak ahok., dianggap sebagai hatespeech?
- iya
- tidak",tidak
3240,id_hatespeech,id_hatespeech_nusantara_text,52b35d09-ebeb-4764-9060-789bba52d457,hate_or_noHate_zs_opt_kriteria,train,"Berdasarkan kriteria hatespeech yang ada, apakah pesan yang disampaikan dalam teks berikut: miris ya pak ahok...sukses slalu buat my idola pak ahok, dianggap sebagai hatespeech?
- iya
- tidak",tidak
3241,id_hatespeech,id_hatespeech_nusantara_text,52b35d09-ebeb-4764-9060-789bba52d457,hate_or_noHate_zs_opt_kriteria,train,"Berdasarkan kriteria hatespeech yang ada, apakah pesan yang disampaikan dalam teks berikut: Gue lebih suka Ahok bantuin Jokowi ngurusin Indonesia agar lebih cepet maju, bukan hanya Jakarta., dianggap sebagai hatespeech?
- iya
- tidak",tidak
3242,id_hatespeech,id_hatespeech_nusantara_text,52b35d09-ebeb-4764-9060-789bba52d457,hate_or_noHate_zs_opt_kriteria,train,"Berdasarkan kriteria hatespeech yang ada, apakah pesan yang disampaikan dalam teks berikut: Pak kok saya pngn peluk bapak sambil bilang "" pak tetap semangat ya, saya selalu mendoakan yg terbaik untuk bapak"", dianggap sebagai hatespeech?
- iya
- tidak",tidak
3243,id_hatespeech,id_hatespeech_nusantara_text,52b35d09-ebeb-4764-9060-789bba52d457,hate_or_noHate_zs_opt_kriteria,train,"Berdasarkan kriteria hatespeech yang ada, apakah pesan yang disampaikan dalam teks berikut: aya bukan warga jakarta tp saya sering ke jakarta.....saya bangga jakarta pernah di pegang bapak. Jadi rapih pak sekarang....., dianggap sebagai hatespeech?
- iya
- tidak",tidak
3244,id_hatespeech,id_hatespeech_nusantara_text,52b35d09-ebeb-4764-9060-789bba52d457,hate_or_noHate_zs_opt_kriteria,train,"Berdasarkan kriteria hatespeech yang ada, apakah pesan yang disampaikan dalam teks berikut: Maka seyogyanya pilihanku #TetapAhok karna terlihat pencerahan pd sistem birokrasi., dianggap sebagai hatespeech?
- iya
- tidak",tidak
3245,id_hatespeech,id_hatespeech_nusantara_text,52b35d09-ebeb-4764-9060-789bba52d457,hate_or_noHate_zs_opt_kriteria,train,"Berdasarkan kriteria hatespeech yang ada, apakah pesan yang disampaikan dalam teks berikut: Pak ahok tetap menjadi gubenur dihatiku ...., dianggap sebagai hatespeech?
- iya
- tidak",tidak
3246,id_hatespeech,id_hatespeech_nusantara_text,52b35d09-ebeb-4764-9060-789bba52d457,hate_or_noHate_zs_opt_kriteria,train,"Berdasarkan kriteria hatespeech yang ada, apakah pesan yang disampaikan dalam teks berikut: Dari lahir di Jakarta sampe detik ini baru gue liat kali & pintu air Manggarai bersih dari sampah ya pas jaman Jokowi sampe Ahok. #TetapAhok, dianggap sebagai hatespeech?
- iya
- tidak",tidak
3247,id_hatespeech,id_hatespeech_nusantara_text,52b35d09-ebeb-4764-9060-789bba52d457,hate_or_noHate_zs_opt_kriteria,train,"Berdasarkan kriteria hatespeech yang ada, apakah pesan yang disampaikan dalam teks berikut: Gpp kalah. mungkin belom rejekinya ya pak. Bagi kami bapak tetap pemimpin yang jujur. Tetap berkarya nyata, dianggap sebagai hatespeech?
- iya
- tidak",tidak
3248,id_hatespeech,id_hatespeech_nusantara_text,52b35d09-ebeb-4764-9060-789bba52d457,hate_or_noHate_zs_opt_kriteria,train,"Berdasarkan kriteria hatespeech yang ada, apakah pesan yang disampaikan dalam teks berikut: Selama 20 tahun tinggal di Jakarta, baru 5 tahun terakhir benar-benar terasa perubahan dan sadar kalau itu akitbat gubernurnya., dianggap sebagai hatespeech?
- iya
- tidak",tidak
3249,id_hatespeech,id_hatespeech_nusantara_text,52b35d09-ebeb-4764-9060-789bba52d457,hate_or_noHate_zs_opt_kriteria,train,"Berdasarkan kriteria hatespeech yang ada, apakah pesan yang disampaikan dalam teks berikut: Aku cinta Pak Ahok. Terimakasih ya Pak atas jasa-jasa dan kerja nyatanya selama 5 tahun terakhir., dianggap sebagai hatespeech?
- iya
- tidak",tidak
3250,id_hatespeech,id_hatespeech_nusantara_text,52b35d09-ebeb-4764-9060-789bba52d457,hate_or_noHate_zs_opt_kriteria,train,"Berdasarkan kriteria hatespeech yang ada, apakah pesan yang disampaikan dalam teks berikut: Tetap semangat pak ahok.... terimakasih atas semua yg anda berikan untuk jakarta. sukses selalu buat pak ahok., dianggap sebagai hatespeech?
- iya
- tidak",tidak
3251,id_hatespeech,id_hatespeech_nusantara_text,52b35d09-ebeb-4764-9060-789bba52d457,hate_or_noHate_zs_opt_kriteria,train,"Berdasarkan kriteria hatespeech yang ada, apakah pesan yang disampaikan dalam teks berikut: Pak ahok kita tetap mendukung apapun yang terjadi, dianggap sebagai hatespeech?
- iya
- tidak",tidak
3252,id_hatespeech,id_hatespeech_nusantara_text,52b35d09-ebeb-4764-9060-789bba52d457,hate_or_noHate_zs_opt_kriteria,train,"Berdasarkan kriteria hatespeech yang ada, apakah pesan yang disampaikan dalam teks berikut: Terima kasih banyak buat kinerja keras dari Pak Ahok dan team selama memimpin DKI Jakarta. Tetap semangat selalu Pak. God Bless Bapak & Family., dianggap sebagai hatespeech?
- iya
- tidak",tidak
3253,id_hatespeech,id_hatespeech_nusantara_text,52b35d09-ebeb-4764-9060-789bba52d457,hate_or_noHate_zs_opt_kriteria,train,"Berdasarkan kriteria hatespeech yang ada, apakah pesan yang disampaikan dalam teks berikut: Bapak ahok sosok yang saya banggakan, terimakasih pak sudah merubah jakarta., dianggap sebagai hatespeech?
- iya
- tidak",tidak
3254,id_hatespeech,id_hatespeech_nusantara_text,52b35d09-ebeb-4764-9060-789bba52d457,hate_or_noHate_zs_opt_kriteria,train,"Berdasarkan kriteria hatespeech yang ada, apakah pesan yang disampaikan dalam teks berikut: semoga pak ahok selalu dlm lindungan tuhan, saya sayang sama pak ahok, pak ahok orang baik., dianggap sebagai hatespeech?
- iya
- tidak",tidak
3255,id_hatespeech,id_hatespeech_nusantara_text,52b35d09-ebeb-4764-9060-789bba52d457,hate_or_noHate_zs_opt_kriteria,train,"Berdasarkan kriteria hatespeech yang ada, apakah pesan yang disampaikan dalam teks berikut: Terima kasih pak Basuki. Sampai kapan pun sejarah akan mencatat bapak membawa perubahan bagi kami warga jakarta, dianggap sebagai hatespeech?
- iya
- tidak",tidak
3256,id_hatespeech,id_hatespeech_nusantara_text,52b35d09-ebeb-4764-9060-789bba52d457,hate_or_noHate_zs_opt_kriteria,train,"Berdasarkan kriteria hatespeech yang ada, apakah pesan yang disampaikan dalam teks berikut: Lanjutkan perjuangan Pak, Bapak orang baik pasti ditempatkan di tempat yg lebih baik juga., dianggap sebagai hatespeech?
- iya
- tidak",tidak
3257,id_hatespeech,id_hatespeech_nusantara_text,52b35d09-ebeb-4764-9060-789bba52d457,hate_or_noHate_zs_opt_kriteria,train,"Berdasarkan kriteria hatespeech yang ada, apakah pesan yang disampaikan dalam teks berikut: Kau lah yang terhebat.. Karna kau lah kami mendapat inspirasi dan pengalaman yang sangat berharga., dianggap sebagai hatespeech?
- iya
- tidak",tidak
3258,id_hatespeech,id_hatespeech_nusantara_text,52b35d09-ebeb-4764-9060-789bba52d457,hate_or_noHate_zs_opt_kriteria,train,"Berdasarkan kriteria hatespeech yang ada, apakah pesan yang disampaikan dalam teks berikut: Buat Pak Ahok tetap berkarya pak. Masih ada kesempatan lebih baik di 2019, dianggap sebagai hatespeech?
- iya
- tidak",tidak
3259,id_hatespeech,id_hatespeech_nusantara_text,52b35d09-ebeb-4764-9060-789bba52d457,hate_or_noHate_zs_opt_kriteria,train,"Berdasarkan kriteria hatespeech yang ada, apakah pesan yang disampaikan dalam teks berikut: Pak saya setuju kalo pak jadi gubenur karena kerja pak sangat bagus kerena kerja pak basuki tegas keluarga kami mendukung pak basuki, dianggap sebagai hatespeech?
- iya
- tidak",tidak
3260,id_hatespeech,id_hatespeech_nusantara_text,52b35d09-ebeb-4764-9060-789bba52d457,hate_or_noHate_zs_opt_kriteria,train,"Berdasarkan kriteria hatespeech yang ada, apakah pesan yang disampaikan dalam teks berikut: Bapak tetap yg terbaik untuk jakarta..terima kasih pak untuk semua yg bapak kerjakan selama ini semoga Allah selalu meridhoi bapak dalam setiap langkah bapak.., dianggap sebagai hatespeech?
- iya
- tidak",tidak
3261,id_hatespeech,id_hatespeech_nusantara_text,52b35d09-ebeb-4764-9060-789bba52d457,hate_or_noHate_zs_opt_kriteria,train,"Berdasarkan kriteria hatespeech yang ada, apakah pesan yang disampaikan dalam teks berikut: jabatan bukan hal penting yg terpenting bapak tetap orang terhebat di jakarta tentang kerja keras Pak Ahok..sekali lagi terima kasih Pak Ahok, dianggap sebagai hatespeech?
- iya
- tidak",tidak
3262,id_hatespeech,id_hatespeech_nusantara_text,52b35d09-ebeb-4764-9060-789bba52d457,hate_or_noHate_zs_opt_kriteria,train,"Berdasarkan kriteria hatespeech yang ada, apakah pesan yang disampaikan dalam teks berikut: Pak Ahok....walau saya bukan warga DKI....saya sangat sedih bapak tidak terpilih lg jd Gubenur DKI....., dianggap sebagai hatespeech?
- iya
- tidak",tidak
3263,id_hatespeech,id_hatespeech_nusantara_text,52b35d09-ebeb-4764-9060-789bba52d457,hate_or_noHate_zs_opt_kriteria,train,"Berdasarkan kriteria hatespeech yang ada, apakah pesan yang disampaikan dalam teks berikut: Hanya bpk lah gubernur satu satunya yg bisa membawa perubahan di Jakarta...semangat pak..., dianggap sebagai hatespeech?
- iya
- tidak",tidak
3264,id_hatespeech,id_hatespeech_nusantara_text,52b35d09-ebeb-4764-9060-789bba52d457,hate_or_noHate_zs_opt_kriteria,train,"Berdasarkan kriteria hatespeech yang ada, apakah pesan yang disampaikan dalam teks berikut: Pak ahok, saya mempunyai ibu, ibu saya selalu mendoakan pak ahok setiap waktu dan setiap pagi jam 3 ibu saya sebenarnya kecewa dengan hasil pilkada, dianggap sebagai hatespeech?
- iya
- tidak",tidak
3265,id_hatespeech,id_hatespeech_nusantara_text,52b35d09-ebeb-4764-9060-789bba52d457,hate_or_noHate_zs_opt_kriteria,train,"Berdasarkan kriteria hatespeech yang ada, apakah pesan yang disampaikan dalam teks berikut: tapi kalah menang itu biasa. kekuasaan ada di tangan tuhan, asal bapak ahok tidak menjual iman pak ahok dengan jabatan, dianggap sebagai hatespeech?
- iya
- tidak",tidak
3266,id_hatespeech,id_hatespeech_nusantara_text,52b35d09-ebeb-4764-9060-789bba52d457,hate_or_noHate_zs_opt_kriteria,train,"Berdasarkan kriteria hatespeech yang ada, apakah pesan yang disampaikan dalam teks berikut: Terimakasih banyak pak ahok dan djarot untuk kerja tulus dan kerasnya untuk Jakarta.., dianggap sebagai hatespeech?
- iya
- tidak",tidak
3267,id_hatespeech,id_hatespeech_nusantara_text,52b35d09-ebeb-4764-9060-789bba52d457,hate_or_noHate_zs_opt_kriteria,train,"Berdasarkan kriteria hatespeech yang ada, apakah pesan yang disampaikan dalam teks berikut: Media Asing Menyorot Hasil Pilkada Jakarta, dianggap sebagai hatespeech?
- iya
- tidak",tidak
3268,id_hatespeech,id_hatespeech_nusantara_text,52b35d09-ebeb-4764-9060-789bba52d457,hate_or_noHate_zs_opt_kriteria,train,"Berdasarkan kriteria hatespeech yang ada, apakah pesan yang disampaikan dalam teks berikut: Ahok Banyak Belajar di Pilkada DKI, dianggap sebagai hatespeech?
- iya
- tidak",tidak
3269,id_hatespeech,id_hatespeech_nusantara_text,52b35d09-ebeb-4764-9060-789bba52d457,hate_or_noHate_zs_opt_kriteria,train,"Berdasarkan kriteria hatespeech yang ada, apakah pesan yang disampaikan dalam teks berikut: Ini Pelajaran yang Dipetik Ahok dari Pilkada DKI, dianggap sebagai hatespeech?
- iya
- tidak",tidak
3270,id_hatespeech,id_hatespeech_nusantara_text,52b35d09-ebeb-4764-9060-789bba52d457,hate_or_noHate_zs_opt_kriteria,train,"Berdasarkan kriteria hatespeech yang ada, apakah pesan yang disampaikan dalam teks berikut: Ahok: Lupakan Semua Masalah Kampanye dan Pilkada, dianggap sebagai hatespeech?
- iya
- tidak",tidak
3271,id_hatespeech,id_hatespeech_nusantara_text,52b35d09-ebeb-4764-9060-789bba52d457,hate_or_noHate_zs_opt_kriteria,train,"Berdasarkan kriteria hatespeech yang ada, apakah pesan yang disampaikan dalam teks berikut: Presiden Percaya Pilkada DKI Hasilkan Pemimpin Terbaik, dianggap sebagai hatespeech?
- iya
- tidak",tidak
3272,id_hatespeech,id_hatespeech_nusantara_text,52b35d09-ebeb-4764-9060-789bba52d457,hate_or_noHate_zs_opt_kriteria,train,"Berdasarkan kriteria hatespeech yang ada, apakah pesan yang disampaikan dalam teks berikut: Kapolri Pastikan Pilkada DKI Berjalan Lancar dan Sejuk, dianggap sebagai hatespeech?
- iya
- tidak",tidak
3273,id_hatespeech,id_hatespeech_nusantara_text,52b35d09-ebeb-4764-9060-789bba52d457,hate_or_noHate_zs_opt_kriteria,train,"Berdasarkan kriteria hatespeech yang ada, apakah pesan yang disampaikan dalam teks berikut: Pengamat: Pilkada DKI Panas Karena Parpol Sulit Disiplinkan Massa, dianggap sebagai hatespeech?
- iya
- tidak",tidak
3274,id_hatespeech,id_hatespeech_nusantara_text,52b35d09-ebeb-4764-9060-789bba52d457,hate_or_noHate_zs_opt_kriteria,train,"Berdasarkan kriteria hatespeech yang ada, apakah pesan yang disampaikan dalam teks berikut: Parpol Pendukung Ahok-Djarot Komitmen Jaga Pilkada Damai, dianggap sebagai hatespeech?
- iya
- tidak",tidak
3275,id_hatespeech,id_hatespeech_nusantara_text,52b35d09-ebeb-4764-9060-789bba52d457,hate_or_noHate_zs_opt_kriteria,train,"Berdasarkan kriteria hatespeech yang ada, apakah pesan yang disampaikan dalam teks berikut: Amankan Pilkada DKI, Polisi Terapkan Dua Sistem Pengamanan, dianggap sebagai hatespeech?
- iya
- tidak",tidak
3276,id_hatespeech,id_hatespeech_nusantara_text,52b35d09-ebeb-4764-9060-789bba52d457,hate_or_noHate_zs_opt_kriteria,train,"Berdasarkan kriteria hatespeech yang ada, apakah pesan yang disampaikan dalam teks berikut: Tiga Instansi Keluarkan Maklumat Larangan Mobilisasi Massa di Pilkada DKI, dianggap sebagai hatespeech?
- iya
- tidak",tidak
3277,id_hatespeech,id_hatespeech_nusantara_text,52b35d09-ebeb-4764-9060-789bba52d457,hate_or_noHate_zs_opt_kriteria,train,"Berdasarkan kriteria hatespeech yang ada, apakah pesan yang disampaikan dalam teks berikut: TERNYATA BAJU YANG DIPAKAI AHOK DI DEBAT PILKADA YG SAYA TONTON MELALUI METRO TV SAMA DENGAN YANG DI TV ONE. BARUSAN SAYA CEK, dianggap sebagai hatespeech?
- iya
- tidak",tidak
3278,id_hatespeech,id_hatespeech_nusantara_text,52b35d09-ebeb-4764-9060-789bba52d457,hate_or_noHate_zs_opt_kriteria,train,"Berdasarkan kriteria hatespeech yang ada, apakah pesan yang disampaikan dalam teks berikut: Sebagai warga negara yang baik, lo wajib ikut mensukseskan Pilkada Jakarta 2017. Temukan performa berbeda Debat Pilkada pukul 7, dianggap sebagai hatespeech?
- iya
- tidak",tidak
3279,id_hatespeech,id_hatespeech_nusantara_text,52b35d09-ebeb-4764-9060-789bba52d457,hate_or_noHate_zs_opt_kriteria,train,"Berdasarkan kriteria hatespeech yang ada, apakah pesan yang disampaikan dalam teks berikut: Debat Terakhir Menentukan Elektabilitas di Pilkada DKI Putaran Kedua, dianggap sebagai hatespeech?
- iya
- tidak",tidak
3280,id_hatespeech,id_hatespeech_nusantara_text,52b35d09-ebeb-4764-9060-789bba52d457,hate_or_noHate_zs_opt_kriteria,train,"Berdasarkan kriteria hatespeech yang ada, apakah pesan yang disampaikan dalam teks berikut: Terima kasih bapak ahok dengan jasa2 bapak selalu membangun jakarta lebih baik lagi, dianggap sebagai hatespeech?
- iya
- tidak",tidak
3281,id_hatespeech,id_hatespeech_nusantara_text,52b35d09-ebeb-4764-9060-789bba52d457,hate_or_noHate_zs_opt_kriteria,train,"Berdasarkan kriteria hatespeech yang ada, apakah pesan yang disampaikan dalam teks berikut: Salut banget sm pak ahok.. benar2 berjiwa kesatria.. langsung mengucapkan selamat ke pasangan anis dan sandi.., dianggap sebagai hatespeech?
- iya
- tidak",tidak
3282,id_hatespeech,id_hatespeech_nusantara_text,52b35d09-ebeb-4764-9060-789bba52d457,hate_or_noHate_zs_opt_kriteria,train,"Berdasarkan kriteria hatespeech yang ada, apakah pesan yang disampaikan dalam teks berikut: keluarga sudah ke menggunakan hak pilihnya pagi ini. Jangan lupa bagi warga Jakarta untuk datang ke TPS sebelum jam 1 siang!, dianggap sebagai hatespeech?
- iya
- tidak",tidak
3283,id_hatespeech,id_hatespeech_nusantara_text,52b35d09-ebeb-4764-9060-789bba52d457,hate_or_noHate_zs_opt_kriteria,train,"Berdasarkan kriteria hatespeech yang ada, apakah pesan yang disampaikan dalam teks berikut: Terima kasih telah membuat Jakarta menjadi lebih baik pak... Tetap semangat!, dianggap sebagai hatespeech?
- iya
- tidak",tidak
3284,id_hatespeech,id_hatespeech_nusantara_text,52b35d09-ebeb-4764-9060-789bba52d457,hate_or_noHate_zs_opt_kriteria,train,"Berdasarkan kriteria hatespeech yang ada, apakah pesan yang disampaikan dalam teks berikut: Pada akhirnya, orang jahat akan jatuh, dan orang baik, akan dibangkitkan!, dianggap sebagai hatespeech?
- iya
- tidak",tidak
3285,id_hatespeech,id_hatespeech_nusantara_text,52b35d09-ebeb-4764-9060-789bba52d457,hate_or_noHate_zs_opt_kriteria,train,"Berdasarkan kriteria hatespeech yang ada, apakah pesan yang disampaikan dalam teks berikut: Meski dijatuhkan berkali2, Tuhan akan selalu mengangkat yg benar, dianggap sebagai hatespeech?
- iya
- tidak",tidak
3286,id_hatespeech,id_hatespeech_nusantara_text,52b35d09-ebeb-4764-9060-789bba52d457,hate_or_noHate_zs_opt_kriteria,train,"Berdasarkan kriteria hatespeech yang ada, apakah pesan yang disampaikan dalam teks berikut: Rencana Bapak yang di surga itu lebih indah yangg kita inginkan bapak ahok tetap semangat ya pak, dianggap sebagai hatespeech?
- iya
- tidak",tidak
3287,id_hatespeech,id_hatespeech_nusantara_text,52b35d09-ebeb-4764-9060-789bba52d457,hate_or_noHate_zs_opt_kriteria,train,"Berdasarkan kriteria hatespeech yang ada, apakah pesan yang disampaikan dalam teks berikut: Pak Basuki dan Pak Djarot tetap kuat didalam iman dan pengharapan..., dianggap sebagai hatespeech?
- iya
- tidak",tidak
3288,id_hatespeech,id_hatespeech_nusantara_text,52b35d09-ebeb-4764-9060-789bba52d457,hate_or_noHate_zs_opt_kriteria,train,"Berdasarkan kriteria hatespeech yang ada, apakah pesan yang disampaikan dalam teks berikut: Yakin bahwa ini bukan jalan yang terbaik untuk anda dari hanya sekedar Gubernur dan Wakil gubernur DKI.., dianggap sebagai hatespeech?
- iya
- tidak",tidak
3289,id_hatespeech,id_hatespeech_nusantara_text,52b35d09-ebeb-4764-9060-789bba52d457,hate_or_noHate_zs_opt_kriteria,train,"Berdasarkan kriteria hatespeech yang ada, apakah pesan yang disampaikan dalam teks berikut: Masyarakat Indonesia khusus DKI melihat pemimpin itu bukan dilihat hasil kerjanya, dianggap sebagai hatespeech?
- iya
- tidak",tidak
3290,id_hatespeech,id_hatespeech_nusantara_text,52b35d09-ebeb-4764-9060-789bba52d457,hate_or_noHate_zs_opt_kriteria,train,"Berdasarkan kriteria hatespeech yang ada, apakah pesan yang disampaikan dalam teks berikut: Kami sebagai rakyat indonesia yang bukan berasal dari DKI turut mendoakan semoga pak Basuki dan pak Djarot tidak pernah lelah melayani kami dan tetap terus semangat, dianggap sebagai hatespeech?
- iya
- tidak",tidak
3291,id_hatespeech,id_hatespeech_nusantara_text,52b35d09-ebeb-4764-9060-789bba52d457,hate_or_noHate_zs_opt_kriteria,train,"Berdasarkan kriteria hatespeech yang ada, apakah pesan yang disampaikan dalam teks berikut: jangan padam untuk kemanusiaan ya pak, saya mengenang semua hal manis yg telah bapak perjuangkan, dianggap sebagai hatespeech?
- iya
- tidak",tidak
3292,id_hatespeech,id_hatespeech_nusantara_text,52b35d09-ebeb-4764-9060-789bba52d457,hate_or_noHate_zs_opt_kriteria,train,"Berdasarkan kriteria hatespeech yang ada, apakah pesan yang disampaikan dalam teks berikut: Saya doakan pak ahok dan tamengnya tidak kejang2, dianggap sebagai hatespeech?
- iya
- tidak",tidak
3293,id_hatespeech,id_hatespeech_nusantara_text,52b35d09-ebeb-4764-9060-789bba52d457,hate_or_noHate_zs_opt_kriteria,train,"Berdasarkan kriteria hatespeech yang ada, apakah pesan yang disampaikan dalam teks berikut: Tetap semangat pak. Ahok.. Aku selalu dukung pak ahok djarot., dianggap sebagai hatespeech?
- iya
- tidak",tidak
3294,id_hatespeech,id_hatespeech_nusantara_text,52b35d09-ebeb-4764-9060-789bba52d457,hate_or_noHate_zs_opt_kriteria,train,"Berdasarkan kriteria hatespeech yang ada, apakah pesan yang disampaikan dalam teks berikut: Pemenang Debat Pilkada DKI malam ini adalah...... IRA KOESNO!!!, dianggap sebagai hatespeech?
- iya
- tidak",tidak
3295,id_hatespeech,id_hatespeech_nusantara_text,52b35d09-ebeb-4764-9060-789bba52d457,hate_or_noHate_zs_opt_kriteria,train,"Berdasarkan kriteria hatespeech yang ada, apakah pesan yang disampaikan dalam teks berikut: Selamat buat pasangan no 3, Anies-Sandi pemenang versi Quick Count... Terima kasih buat Ahok-Djarot atas kerja luar biasa untuk Jakarta..., dianggap sebagai hatespeech?
- iya
- tidak",tidak
3296,id_hatespeech,id_hatespeech_nusantara_text,52b35d09-ebeb-4764-9060-789bba52d457,hate_or_noHate_zs_opt_kriteria,train,"Berdasarkan kriteria hatespeech yang ada, apakah pesan yang disampaikan dalam teks berikut: Semangat pak ahok walaupun saya warga bandung tapi saya yakin pak ahok yg jadi juara..., dianggap sebagai hatespeech?
- iya
- tidak",tidak
3297,id_hatespeech,id_hatespeech_nusantara_text,52b35d09-ebeb-4764-9060-789bba52d457,hate_or_noHate_zs_opt_kriteria,train,"Berdasarkan kriteria hatespeech yang ada, apakah pesan yang disampaikan dalam teks berikut: yg jelas, kerja keras, pasti, dan jujur tetap pak ahok., dianggap sebagai hatespeech?
- iya
- tidak",tidak
3298,id_hatespeech,id_hatespeech_nusantara_text,52b35d09-ebeb-4764-9060-789bba52d457,hate_or_noHate_zs_opt_kriteria,train,"Berdasarkan kriteria hatespeech yang ada, apakah pesan yang disampaikan dalam teks berikut: Maaf pak saya tidak bisa ikutan nyoblos, KTP saya jakarta, tapi saya skrg tinggal bandung, saya hanya bisa berdoa, dianggap sebagai hatespeech?
- iya
- tidak",tidak
3299,id_hatespeech,id_hatespeech_nusantara_text,52b35d09-ebeb-4764-9060-789bba52d457,hate_or_noHate_zs_opt_kriteria,train,"Berdasarkan kriteria hatespeech yang ada, apakah pesan yang disampaikan dalam teks berikut: semoga ahokdjarot bisa terus melanjutkan visi misi nya untuk membangun kota Jakarta, agar lebih rapih bersih dan nyaman, dianggap sebagai hatespeech?
- iya
- tidak",tidak
3300,id_hatespeech,id_hatespeech_nusantara_text,52b35d09-ebeb-4764-9060-789bba52d457,hate_or_noHate_zs_opt_kriteria,train,"Berdasarkan kriteria hatespeech yang ada, apakah pesan yang disampaikan dalam teks berikut: Dalam nama Tuhan Untuk jakarta yg lebih baik, dianggap sebagai hatespeech?
- iya
- tidak",tidak
3301,id_hatespeech,id_hatespeech_nusantara_text,52b35d09-ebeb-4764-9060-789bba52d457,hate_or_noHate_zs_opt_kriteria,train,"Berdasarkan kriteria hatespeech yang ada, apakah pesan yang disampaikan dalam teks berikut: semagat buat pak Anies semoga selalu dalam rahmat tuhan YME, dianggap sebagai hatespeech?
- iya
- tidak",tidak
3302,id_hatespeech,id_hatespeech_nusantara_text,52b35d09-ebeb-4764-9060-789bba52d457,hate_or_noHate_zs_opt_kriteria,train,"Berdasarkan kriteria hatespeech yang ada, apakah pesan yang disampaikan dalam teks berikut: semua warga DKI gunakan hak pilihmu....jangan takut kita smua warga yg punya hak dan sehat lahir batin, dianggap sebagai hatespeech?
- iya
- tidak",tidak
3303,id_hatespeech,id_hatespeech_nusantara_text,52b35d09-ebeb-4764-9060-789bba52d457,hate_or_noHate_zs_opt_kriteria,train,"Berdasarkan kriteria hatespeech yang ada, apakah pesan yang disampaikan dalam teks berikut: semoga Tuhan memberikan seluruh masyarakat DKI jakarta keadilan sesuai pemimpin yg benar2 demi rakyat Amin., dianggap sebagai hatespeech?
- iya
- tidak",tidak
3304,id_hatespeech,id_hatespeech_nusantara_text,52b35d09-ebeb-4764-9060-789bba52d457,hate_or_noHate_zs_opt_kriteria,train,"Berdasarkan kriteria hatespeech yang ada, apakah pesan yang disampaikan dalam teks berikut: Eks Pendukung Agus-Sylvi di Jakarta Timur Deklarasikan Dukungan Untuk Ahok-Djarot, dianggap sebagai hatespeech?
- iya
- tidak",tidak
3305,id_hatespeech,id_hatespeech_nusantara_text,52b35d09-ebeb-4764-9060-789bba52d457,hate_or_noHate_zs_opt_kriteria,train,"Berdasarkan kriteria hatespeech yang ada, apakah pesan yang disampaikan dalam teks berikut: Ini pasti salah Jokowi, Ahok dan kafir-kafir ateis. https:\/\/t.co\/v2GRcUeStI, dianggap sebagai hatespeech?
- iya
- tidak",iya
3306,id_hatespeech,id_hatespeech_nusantara_text,52b35d09-ebeb-4764-9060-789bba52d457,hate_or_noHate_zs_opt_kriteria,train,"Berdasarkan kriteria hatespeech yang ada, apakah pesan yang disampaikan dalam teks berikut: @fahmiabuazzam1 biar aja biar tai nya kena bapak lo itu ya. Loh tuh kan gak suka sm ahok jadi biar loh sm bpk loh sm ibu loh kena tai nya., dianggap sebagai hatespeech?
- iya
- tidak",iya
3307,id_hatespeech,id_hatespeech_nusantara_text,52b35d09-ebeb-4764-9060-789bba52d457,hate_or_noHate_zs_opt_kriteria,train,"Berdasarkan kriteria hatespeech yang ada, apakah pesan yang disampaikan dalam teks berikut: RT @BungWinar: Angin memporakporandakan basis pemenangan Si Penista Agama...Cililitan.\nYa Alloh Ampuni Kami\n#JakartaBanjir, dianggap sebagai hatespeech?
- iya
- tidak",iya
3308,id_hatespeech,id_hatespeech_nusantara_text,52b35d09-ebeb-4764-9060-789bba52d457,hate_or_noHate_zs_opt_kriteria,train,"Berdasarkan kriteria hatespeech yang ada, apakah pesan yang disampaikan dalam teks berikut: RT @Lupuz0503: Prestasi Ahok, \nSelain mjadi mafia koruptor n penista agama, dirinya bhasil tenggelamkan JKT MELALUI congoran CEBON, dianggap sebagai hatespeech?
- iya
- tidak",iya
3309,id_hatespeech,id_hatespeech_nusantara_text,52b35d09-ebeb-4764-9060-789bba52d457,hate_or_noHate_zs_opt_kriteria,train,"Berdasarkan kriteria hatespeech yang ada, apakah pesan yang disampaikan dalam teks berikut: Ulama Kompak Nyatakan #HaramPemimpinKafir Pilih Ahok = Murtad!, dianggap sebagai hatespeech?
- iya
- tidak",iya
3310,id_hatespeech,id_hatespeech_nusantara_text,52b35d09-ebeb-4764-9060-789bba52d457,hate_or_noHate_zs_opt_kriteria,train,"Berdasarkan kriteria hatespeech yang ada, apakah pesan yang disampaikan dalam teks berikut: KAU PENDIKAN TINGGI TAPI BODOH....GK ADA LARANG BAWA AGAMA..BIAR ORANG ISLAM YG DI BAYAR AHOK SADAR GK JADI MILIH AHOK GLA, dianggap sebagai hatespeech?
- iya
- tidak",iya
3311,id_hatespeech,id_hatespeech_nusantara_text,52b35d09-ebeb-4764-9060-789bba52d457,hate_or_noHate_zs_opt_kriteria,train,"Berdasarkan kriteria hatespeech yang ada, apakah pesan yang disampaikan dalam teks berikut: @indopoints di tanah abang cina udah mulai resah dan stres gara2 si penista agama dan pilkada pasar jd sepi. Sepi sampai 2 minggu lg ha. ha, dianggap sebagai hatespeech?
- iya
- tidak",iya
3312,id_hatespeech,id_hatespeech_nusantara_text,52b35d09-ebeb-4764-9060-789bba52d457,hate_or_noHate_zs_opt_kriteria,train,"Berdasarkan kriteria hatespeech yang ada, apakah pesan yang disampaikan dalam teks berikut: @investigator_RI betul dan semua pihak yg menentang si cina kafir ahok akan di kriminalisasi oleh polisi dgn smua rekayasa hukum nya, dianggap sebagai hatespeech?
- iya
- tidak",iya
3313,id_hatespeech,id_hatespeech_nusantara_text,52b35d09-ebeb-4764-9060-789bba52d457,hate_or_noHate_zs_opt_kriteria,train,"Berdasarkan kriteria hatespeech yang ada, apakah pesan yang disampaikan dalam teks berikut: @YohanesTarigan9 saya ga habis pikir kenapa fanboy ahok bego bego ya pada ga ngerti sejarah. Gampang kejebak iklan. Maaf ya., dianggap sebagai hatespeech?
- iya
- tidak",iya
3314,id_hatespeech,id_hatespeech_nusantara_text,52b35d09-ebeb-4764-9060-789bba52d457,hate_or_noHate_zs_opt_kriteria,train,"Berdasarkan kriteria hatespeech yang ada, apakah pesan yang disampaikan dalam teks berikut: @Zufrianto3 lebih baik pilih ahok drpd pilih yg se iman tp koruptor dn munafik !! Bodoh kau, dianggap sebagai hatespeech?
- iya
- tidak",iya
3315,id_hatespeech,id_hatespeech_nusantara_text,52b35d09-ebeb-4764-9060-789bba52d457,hate_or_noHate_zs_opt_kriteria,train,"Berdasarkan kriteria hatespeech yang ada, apakah pesan yang disampaikan dalam teks berikut: Ahok si penghina Al - Qur'an dan Ulama ini selalu bersikap menjijikkan yaitu sok suci dan merasa paling benar https:\/\/t.co\/bTkCeTNk0g, dianggap sebagai hatespeech?
- iya
- tidak",iya
3316,id_hatespeech,id_hatespeech_nusantara_text,52b35d09-ebeb-4764-9060-789bba52d457,hate_or_noHate_zs_opt_kriteria,train,"Berdasarkan kriteria hatespeech yang ada, apakah pesan yang disampaikan dalam teks berikut: Ayo umat Islam yg pinter, jgn percaya klo aksi 112 tdk ada hubungannya dgn pilkada, pihak AHY yg bayar anies yg untung \ud83d\ude01, dianggap sebagai hatespeech?
- iya
- tidak",iya
3317,id_hatespeech,id_hatespeech_nusantara_text,52b35d09-ebeb-4764-9060-789bba52d457,hate_or_noHate_zs_opt_kriteria,train,"Berdasarkan kriteria hatespeech yang ada, apakah pesan yang disampaikan dalam teks berikut: #DebatFinalPilkadaJKT mampuuuusssssss mpoK Silvy!!!!, dianggap sebagai hatespeech?
- iya
- tidak",iya
3318,id_hatespeech,id_hatespeech_nusantara_text,52b35d09-ebeb-4764-9060-789bba52d457,hate_or_noHate_zs_opt_kriteria,train,"Berdasarkan kriteria hatespeech yang ada, apakah pesan yang disampaikan dalam teks berikut: Hidup china komunis ! https:\/\/t.co\/b1RheVKrXl, dianggap sebagai hatespeech?
- iya
- tidak",iya
3319,id_hatespeech,id_hatespeech_nusantara_text,52b35d09-ebeb-4764-9060-789bba52d457,hate_or_noHate_zs_opt_kriteria,train,"Berdasarkan kriteria hatespeech yang ada, apakah pesan yang disampaikan dalam teks berikut: Ini tuh kesalahan Jokowi dan Ahok si babi ateis. https:\/\/t.co\/v2GRcUeStI, dianggap sebagai hatespeech?
- iya
- tidak",iya
3320,id_hatespeech,id_hatespeech_nusantara_text,52b35d09-ebeb-4764-9060-789bba52d457,hate_or_noHate_zs_opt_kriteria,train,"Berdasarkan kriteria hatespeech yang ada, apakah pesan yang disampaikan dalam teks berikut: Kalo ahok menang pilkada bikin video sex bareng anaknya dong tan.? https:\/\/t.co\/7msmThwwLK, dianggap sebagai hatespeech?
- iya
- tidak",iya
3321,id_hatespeech,id_hatespeech_nusantara_text,52b35d09-ebeb-4764-9060-789bba52d457,hate_or_noHate_zs_opt_kriteria,train,"Berdasarkan kriteria hatespeech yang ada, apakah pesan yang disampaikan dalam teks berikut: Keluarga Besar Kami Yang Berdomisili di Jakarta TIDAK PILIH AHOK!! https:\/\/t.co\/GZKZFTpvCw Suara Ulama Bulat! #HaramPilihAhok #JanganGolput, dianggap sebagai hatespeech?
- iya
- tidak",iya
3322,id_hatespeech,id_hatespeech_nusantara_text,52b35d09-ebeb-4764-9060-789bba52d457,hate_or_noHate_zs_opt_kriteria,train,"Berdasarkan kriteria hatespeech yang ada, apakah pesan yang disampaikan dalam teks berikut: ketutunan cina dari luar kota dan pulau mulai kejakarta mau coblos ahok dengan KTP aspal dari kamboja, dianggap sebagai hatespeech?
- iya
- tidak",iya
3323,id_hatespeech,id_hatespeech_nusantara_text,52b35d09-ebeb-4764-9060-789bba52d457,hate_or_noHate_zs_opt_kriteria,train,"Berdasarkan kriteria hatespeech yang ada, apakah pesan yang disampaikan dalam teks berikut: RT @indopoints: china babi... china maling...\n#UsirChina https:\/\/t.co\/9y4HIWHJp2, dianggap sebagai hatespeech?
- iya
- tidak",iya
3324,id_hatespeech,id_hatespeech_nusantara_text,52b35d09-ebeb-4764-9060-789bba52d457,hate_or_noHate_zs_opt_kriteria,train,"Berdasarkan kriteria hatespeech yang ada, apakah pesan yang disampaikan dalam teks berikut: RT @mosangada72: Masih mau memilih Agus-Sylvi???\nAnaknya SBY dan Keluarga Koruptor\n#BlusukanAhok\n#BerjamaahCoblosPecinya\u2026, dianggap sebagai hatespeech?
- iya
- tidak",iya
3325,id_hatespeech,id_hatespeech_nusantara_text,52b35d09-ebeb-4764-9060-789bba52d457,hate_or_noHate_zs_opt_kriteria,train,"Berdasarkan kriteria hatespeech yang ada, apakah pesan yang disampaikan dalam teks berikut: tangkap ahok dan klompok nya yg melakukan pemalsuan e KTP karna merupakan penghiyanat bagi bangsa dan negara, dianggap sebagai hatespeech?
- iya
- tidak",iya
3326,id_hatespeech,id_hatespeech_nusantara_text,52b35d09-ebeb-4764-9060-789bba52d457,hate_or_noHate_zs_opt_kriteria,train,"Berdasarkan kriteria hatespeech yang ada, apakah pesan yang disampaikan dalam teks berikut: Tangkap Ahok Sekarang Juga, Share Jika Setuju !!!, dianggap sebagai hatespeech?
- iya
- tidak",iya
3327,id_hatespeech,id_hatespeech_nusantara_text,52b35d09-ebeb-4764-9060-789bba52d457,hate_or_noHate_zs_opt_kriteria,train,"Berdasarkan kriteria hatespeech yang ada, apakah pesan yang disampaikan dalam teks berikut: Sayang sekali Bangsa ini Paling jago kalau merasa-rasa. Yg mendukung Pak Ahok merasa paling benar, yg mendukung Mas Anies merasa paling suci, dianggap sebagai hatespeech?
- iya
- tidak",iya
3328,id_hatespeech,id_hatespeech_nusantara_text,52b35d09-ebeb-4764-9060-789bba52d457,hate_or_noHate_zs_opt_kriteria,train,"Berdasarkan kriteria hatespeech yang ada, apakah pesan yang disampaikan dalam teks berikut: Video Ahok Menghina Agama Kristen Agama Konyol #AhokPecahBelahBangsa, dianggap sebagai hatespeech?
- iya
- tidak",iya
3329,id_hatespeech,id_hatespeech_nusantara_text,52b35d09-ebeb-4764-9060-789bba52d457,hate_or_noHate_zs_opt_kriteria,train,"Berdasarkan kriteria hatespeech yang ada, apakah pesan yang disampaikan dalam teks berikut: Bukan Hanya Penista Agama, Bagi JPU Ahok Pemecah Belah Bangsa https:\/\/t.co\/6qkIFCjqhq, dianggap sebagai hatespeech?
- iya
- tidak",iya
3330,id_hatespeech,id_hatespeech_nusantara_text,52b35d09-ebeb-4764-9060-789bba52d457,hate_or_noHate_zs_opt_kriteria,train,"Berdasarkan kriteria hatespeech yang ada, apakah pesan yang disampaikan dalam teks berikut: Mbak Sylviana please Anda sehat? #DebatFinalPilkadaJKT #perjuanganbelumselesai, dianggap sebagai hatespeech?
- iya
- tidak",iya
3331,id_hatespeech,id_hatespeech_nusantara_text,52b35d09-ebeb-4764-9060-789bba52d457,hate_or_noHate_zs_opt_kriteria,train,"Berdasarkan kriteria hatespeech yang ada, apakah pesan yang disampaikan dalam teks berikut: Nomor 1 sok tau lagi lansung di skak wkwkwk #DebatFinalPilkadaJKT, dianggap sebagai hatespeech?
- iya
- tidak",iya
3332,id_hatespeech,id_hatespeech_nusantara_text,52b35d09-ebeb-4764-9060-789bba52d457,hate_or_noHate_zs_opt_kriteria,train,"Berdasarkan kriteria hatespeech yang ada, apakah pesan yang disampaikan dalam teks berikut: RT @Gemacan70: Ayoo jaga keutuhan NKRI!!! Tangkap Penista Agama!!! #StopKriminalisasiUlama https:\/\/t.co\/dxIDQ4ZQHV, dianggap sebagai hatespeech?
- iya
- tidak",iya
3333,id_hatespeech,id_hatespeech_nusantara_text,52b35d09-ebeb-4764-9060-789bba52d457,hate_or_noHate_zs_opt_kriteria,train,"Berdasarkan kriteria hatespeech yang ada, apakah pesan yang disampaikan dalam teks berikut: @Lupuz0503: Terlihat salah satu pendukung mafia koruptor dan penista agama, para gerombolan BANCI TITOT lakukan bidikan ke arah, dianggap sebagai hatespeech?
- iya
- tidak",iya
3334,id_hatespeech,id_hatespeech_nusantara_text,52b35d09-ebeb-4764-9060-789bba52d457,hate_or_noHate_zs_opt_kriteria,train,"Berdasarkan kriteria hatespeech yang ada, apakah pesan yang disampaikan dalam teks berikut: tobat yuk sebelum terlambat. biar gerombolan JIL aja yg kita doakan konsisten bela kekafiran hingga akhir hayat https:\/\/t.co\/979uJ6ItrM, dianggap sebagai hatespeech?
- iya
- tidak",iya
3335,id_hatespeech,id_hatespeech_nusantara_text,52b35d09-ebeb-4764-9060-789bba52d457,hate_or_noHate_zs_opt_kriteria,train,"Berdasarkan kriteria hatespeech yang ada, apakah pesan yang disampaikan dalam teks berikut: RT @UstadTengku: Ya Allah Jika Mereka Menempuh Cara2 Curang utk Memenangkan Si Penista Agama, Engkau Kirimkanlah MALAIKAT MAUT Utk menyeles\u2026, dianggap sebagai hatespeech?
- iya
- tidak",iya
3336,id_hatespeech,id_hatespeech_nusantara_text,52b35d09-ebeb-4764-9060-789bba52d457,hate_or_noHate_zs_opt_kriteria,train,"Berdasarkan kriteria hatespeech yang ada, apakah pesan yang disampaikan dalam teks berikut: ;Kebanyakan fitnah nih mpok silvy #DebatFinalPilkadaJKT #Gue2, dianggap sebagai hatespeech?
- iya
- tidak",iya
3337,id_hatespeech,id_hatespeech_nusantara_text,52b35d09-ebeb-4764-9060-789bba52d457,hate_or_noHate_zs_opt_kriteria,train,"Berdasarkan kriteria hatespeech yang ada, apakah pesan yang disampaikan dalam teks berikut: FPI: Pendukung Ahok kalah jumlah, dengan izin Allah kita gusur Gubernur koruptor dan penista agama https:\/\/t.co\/Jp7pGLRGiE, dianggap sebagai hatespeech?
- iya
- tidak",iya
3338,id_hatespeech,id_hatespeech_nusantara_text,52b35d09-ebeb-4764-9060-789bba52d457,hate_or_noHate_zs_opt_kriteria,train,"Berdasarkan kriteria hatespeech yang ada, apakah pesan yang disampaikan dalam teks berikut: #JakartaBanjir Pemimpinnya gak punya akhlak yg baik... PENISTA AGAMA. https:\/\/t.co\/PNEGDJMPCH, dianggap sebagai hatespeech?
- iya
- tidak",iya
3339,id_hatespeech,id_hatespeech_nusantara_text,52b35d09-ebeb-4764-9060-789bba52d457,hate_or_noHate_zs_opt_kriteria,train,"Berdasarkan kriteria hatespeech yang ada, apakah pesan yang disampaikan dalam teks berikut: RT @felixsiauw: tapi twit begini asik lo, kita jadi tau yang mana akun-akun pro-penista agama, akun-akun buzzer yang kerjanya menghujat :), dianggap sebagai hatespeech?
- iya
- tidak",iya
3340,id_hatespeech,id_hatespeech_nusantara_text,52b35d09-ebeb-4764-9060-789bba52d457,hate_or_noHate_zs_opt_kriteria,train,"Berdasarkan kriteria hatespeech yang ada, apakah pesan yang disampaikan dalam teks berikut: @DivHumasHansip: ahoker siap bela penista agama https:\/\/t.co\/HxuU4rUDFX\, dianggap sebagai hatespeech?
- iya
- tidak",iya
3341,id_hatespeech,id_hatespeech_nusantara_text,52b35d09-ebeb-4764-9060-789bba52d457,hate_or_noHate_zs_opt_kriteria,train,"Berdasarkan kriteria hatespeech yang ada, apakah pesan yang disampaikan dalam teks berikut: RT @alwinazar24: sepertinya CUCUnya DAJJAL telah hadir, dianggap sebagai hatespeech?
- iya
- tidak",iya
3342,id_hatespeech,id_hatespeech_nusantara_text,52b35d09-ebeb-4764-9060-789bba52d457,hate_or_noHate_zs_opt_kriteria,train,"Berdasarkan kriteria hatespeech yang ada, apakah pesan yang disampaikan dalam teks berikut: Mereka Siang MALAM Maki2 Ulama Kita, Nongkrongi Medsos Ulama2\nBela PENISTA Agama yg SOMBONGNYA Minta AMPUN., dianggap sebagai hatespeech?
- iya
- tidak",iya
3343,id_hatespeech,id_hatespeech_nusantara_text,52b35d09-ebeb-4764-9060-789bba52d457,hate_or_noHate_zs_opt_kriteria,train,"Berdasarkan kriteria hatespeech yang ada, apakah pesan yang disampaikan dalam teks berikut: RT @Jhonkosmik: Ada apa dengan mayoritas etnis China di DKI?\nMengapa begitu solid mendukung penista agama Islam?\n\nDendam?\nTidak nasionalis?, dianggap sebagai hatespeech?
- iya
- tidak",iya
3344,id_hatespeech,id_hatespeech_nusantara_text,52b35d09-ebeb-4764-9060-789bba52d457,hate_or_noHate_zs_opt_kriteria,train,"Berdasarkan kriteria hatespeech yang ada, apakah pesan yang disampaikan dalam teks berikut: Mukanya mpo Silvy Asem bangett ngakak kena deh abis jahat sih #DebatFinalPilkadaJKT, dianggap sebagai hatespeech?
- iya
- tidak",iya
3345,id_hatespeech,id_hatespeech_nusantara_text,52b35d09-ebeb-4764-9060-789bba52d457,hate_or_noHate_zs_opt_kriteria,train,"Berdasarkan kriteria hatespeech yang ada, apakah pesan yang disampaikan dalam teks berikut: RT @GodinJ760478: @tempodotco gara2 belain terdakwa penista agama jadi remek semua. Sukurin, dianggap sebagai hatespeech?
- iya
- tidak",iya
3346,id_hatespeech,id_hatespeech_nusantara_text,52b35d09-ebeb-4764-9060-789bba52d457,hate_or_noHate_zs_opt_kriteria,train,"Berdasarkan kriteria hatespeech yang ada, apakah pesan yang disampaikan dalam teks berikut: RT @Chaeruddin_B: Sekumpulan Teman Penista Agama\nTdk ada empati buat korban banjir, hanya koar2 memuji junjunganya https:\/\/t.co\/XQFktDG74x, dianggap sebagai hatespeech?
- iya
- tidak",iya
3347,id_hatespeech,id_hatespeech_nusantara_text,52b35d09-ebeb-4764-9060-789bba52d457,hate_or_noHate_zs_opt_kriteria,train,"Berdasarkan kriteria hatespeech yang ada, apakah pesan yang disampaikan dalam teks berikut: RT @TerorisSocmed: PENJARAKAN PENISTA AGAMA !!! ATAU @jokowi TURUN !!! https:\/\/t.co\/vqH0TNXaRz, dianggap sebagai hatespeech?
- iya
- tidak",iya
3348,id_hatespeech,id_hatespeech_nusantara_text,52b35d09-ebeb-4764-9060-789bba52d457,hate_or_noHate_zs_opt_kriteria,train,"Berdasarkan kriteria hatespeech yang ada, apakah pesan yang disampaikan dalam teks berikut: Si penista agama, Jaga mulut aja gabisa apalagi jaga jkt?, dianggap sebagai hatespeech?
- iya
- tidak",iya
3349,id_hatespeech,id_hatespeech_nusantara_text,52b35d09-ebeb-4764-9060-789bba52d457,hate_or_noHate_zs_opt_kriteria,train,"Berdasarkan kriteria hatespeech yang ada, apakah pesan yang disampaikan dalam teks berikut: Ahok : program paslon no. 1 ini programnya ngambang | yaiyalah pakkk gak ada program diaa cma ada celaan #DebatFinalPilkadaJKT, dianggap sebagai hatespeech?
- iya
- tidak",iya
3350,id_hatespeech,id_hatespeech_nusantara_text,52b35d09-ebeb-4764-9060-789bba52d457,hate_or_noHate_zs_opt_kriteria,train,"Berdasarkan kriteria hatespeech yang ada, apakah pesan yang disampaikan dalam teks berikut: Akui saja Ahok dan Djarot kalian gagal atasi banjir.Orang kena banjir anda sibuk sidang kasus penista agama, dianggap sebagai hatespeech?
- iya
- tidak",iya
3351,id_hatespeech,id_hatespeech_nusantara_text,52b35d09-ebeb-4764-9060-789bba52d457,hate_or_noHate_zs_opt_kriteria,train,"Berdasarkan kriteria hatespeech yang ada, apakah pesan yang disampaikan dalam teks berikut: RT @87_julay: Iyaa... Ahog Ngak pantes jadi pemimpin.. Pantesnya penista agama dipenjarakan!!! https:\/\/t.co\/YhhO40QWXS, dianggap sebagai hatespeech?
- iya
- tidak",iya
3352,id_hatespeech,id_hatespeech_nusantara_text,52b35d09-ebeb-4764-9060-789bba52d457,hate_or_noHate_zs_opt_kriteria,train,"Berdasarkan kriteria hatespeech yang ada, apakah pesan yang disampaikan dalam teks berikut: RT @wongawas: Overdosis @Metro_TV membela penista agama. https:\/\/t.co\/i84RARpy5w, dianggap sebagai hatespeech?
- iya
- tidak",iya
3353,id_hatespeech,id_hatespeech_nusantara_text,52b35d09-ebeb-4764-9060-789bba52d457,hate_or_noHate_zs_opt_kriteria,train,"Berdasarkan kriteria hatespeech yang ada, apakah pesan yang disampaikan dalam teks berikut: Kaga masuk diakal kite kalo suara seorang penista agama yg dah dikutuk ame umat islam suara nye bisa tinggi, emang sengaja ditinggiin tuh, dianggap sebagai hatespeech?
- iya
- tidak",iya
3354,id_hatespeech,id_hatespeech_nusantara_text,52b35d09-ebeb-4764-9060-789bba52d457,hate_or_noHate_zs_opt_kriteria,train,"Berdasarkan kriteria hatespeech yang ada, apakah pesan yang disampaikan dalam teks berikut: RT @andreobz: Pantasan di pecat dr menteri...data2 aj ngawur dan memkasakan betul..hahaha #AhokPastiTumbang #paslon3 #pilgubdki, dianggap sebagai hatespeech?
- iya
- tidak",iya
3355,id_hatespeech,id_hatespeech_nusantara_text,52b35d09-ebeb-4764-9060-789bba52d457,hate_or_noHate_zs_opt_kriteria,train,"Berdasarkan kriteria hatespeech yang ada, apakah pesan yang disampaikan dalam teks berikut: RT @BangsaPenguasa: Penjarakan ahoax penista agama atau jokowi turun.#KonsolidasiDewanPKB https:\/\/t.co\/XoW5eakIsk, dianggap sebagai hatespeech?
- iya
- tidak",iya
3356,id_hatespeech,id_hatespeech_nusantara_text,52b35d09-ebeb-4764-9060-789bba52d457,hate_or_noHate_zs_opt_kriteria,train,"Berdasarkan kriteria hatespeech yang ada, apakah pesan yang disampaikan dalam teks berikut: Napa dibiarin tim si penista agama maen curang maren, emang sengaja dibiarin biar ntar digaplok umat islam rame2 se jakarta tuh penista, dianggap sebagai hatespeech?
- iya
- tidak",iya
3357,id_hatespeech,id_hatespeech_nusantara_text,52b35d09-ebeb-4764-9060-789bba52d457,hate_or_noHate_zs_opt_kriteria,train,"Berdasarkan kriteria hatespeech yang ada, apakah pesan yang disampaikan dalam teks berikut: Hahahahhahaa silvy ohh silvy cacingan amat loe ahhh wkwkwkwkwkk #DebatFinalPilkadaJKT, dianggap sebagai hatespeech?
- iya
- tidak",iya
3358,id_hatespeech,id_hatespeech_nusantara_text,52b35d09-ebeb-4764-9060-789bba52d457,hate_or_noHate_zs_opt_kriteria,train,"Berdasarkan kriteria hatespeech yang ada, apakah pesan yang disampaikan dalam teks berikut: RT @Rakyat_Angin: Ahok Taik. \""MENFITNAH\"". Emang lu tukang caci maki perempuannn!! Asuuu #AhokPastiTumbang #DebatFinalPilkadaJKT, dianggap sebagai hatespeech?
- iya
- tidak",iya
3359,id_hatespeech,id_hatespeech_nusantara_text,52b35d09-ebeb-4764-9060-789bba52d457,hate_or_noHate_zs_opt_kriteria,train,"Berdasarkan kriteria hatespeech yang ada, apakah pesan yang disampaikan dalam teks berikut: RT @HasanArisandi: #AhokPastiTumbang fakta di bilang fitnah\n#DebatFinalPilkadaJKT, dianggap sebagai hatespeech?
- iya
- tidak",iya
3360,id_hatespeech,id_hatespeech_nusantara_text,52b35d09-ebeb-4764-9060-789bba52d457,hate_or_noHate_zs_opt_kriteria,train,"Berdasarkan kriteria hatespeech yang ada, apakah pesan yang disampaikan dalam teks berikut: Shame on you silvy !! Ga malu fitnah?? Tuh rasain pak ahok panas, skak mat #DebatFinalPilkadaJKT, dianggap sebagai hatespeech?
- iya
- tidak",iya
3361,id_hatespeech,id_hatespeech_nusantara_text,52b35d09-ebeb-4764-9060-789bba52d457,hate_or_noHate_zs_opt_kriteria,train,"Berdasarkan kriteria hatespeech yang ada, apakah pesan yang disampaikan dalam teks berikut: Bu silvi anti pns level rendah katanya #DebatFinalPilkadaJKT, dianggap sebagai hatespeech?
- iya
- tidak",iya
3362,id_hatespeech,id_hatespeech_nusantara_text,52b35d09-ebeb-4764-9060-789bba52d457,hate_or_noHate_zs_opt_kriteria,train,"Berdasarkan kriteria hatespeech yang ada, apakah pesan yang disampaikan dalam teks berikut: RT @AnnisaFYtr: Hanya Orang Islam Yang Bodoh dan Goblok Yang Memilik Ahok! #DebatFinalPilkadaJKT, dianggap sebagai hatespeech?
- iya
- tidak",iya
3363,id_hatespeech,id_hatespeech_nusantara_text,52b35d09-ebeb-4764-9060-789bba52d457,hate_or_noHate_zs_opt_kriteria,train,"Berdasarkan kriteria hatespeech yang ada, apakah pesan yang disampaikan dalam teks berikut: @DivHumasHansip: fitnah FPI pecah adalah ulah ahoker yg melihat elektabilitas ahok tinggal 10%,mereka kelojotan melihat MUI+NU+Muhammadi, dianggap sebagai hatespeech?
- iya
- tidak",iya
3364,id_hatespeech,id_hatespeech_nusantara_text,52b35d09-ebeb-4764-9060-789bba52d457,hate_or_noHate_zs_opt_kriteria,train,"Berdasarkan kriteria hatespeech yang ada, apakah pesan yang disampaikan dalam teks berikut: Norak banget iklan mantan mendikbud @aniesbaswedan ini. Tambah gak respech.. inilah tenun kebangsaan yg dia maksud.\u2026 https:\/\/t.co\/Ux7HEYkBLG, dianggap sebagai hatespeech?
- iya
- tidak",iya
3365,id_hatespeech,id_hatespeech_nusantara_text,52b35d09-ebeb-4764-9060-789bba52d457,hate_or_noHate_zs_opt_kriteria,train,"Berdasarkan kriteria hatespeech yang ada, apakah pesan yang disampaikan dalam teks berikut: RT @DivHumasHansip: yg nebar kebencian itu ahok mbak,masa mbak gak tau sih sampai dia jadi terdakwa loh @AnizzahGedrun, dianggap sebagai hatespeech?
- iya
- tidak",iya
3366,id_hatespeech,id_hatespeech_nusantara_text,52b35d09-ebeb-4764-9060-789bba52d457,hate_or_noHate_zs_opt_kriteria,train,"Berdasarkan kriteria hatespeech yang ada, apakah pesan yang disampaikan dalam teks berikut: pertanyaan dari Bu Sylvi gak mutu amat. #DebatFinalPilkadaJKT, dianggap sebagai hatespeech?
- iya
- tidak",iya
3367,id_hatespeech,id_hatespeech_nusantara_text,52b35d09-ebeb-4764-9060-789bba52d457,hate_or_noHate_zs_opt_kriteria,train,"Berdasarkan kriteria hatespeech yang ada, apakah pesan yang disampaikan dalam teks berikut: Huuu sylvi tak tahu apa-apa asal ngoceh #NobarAhokDjarot #DebatFinalPilkadaJKT, dianggap sebagai hatespeech?
- iya
- tidak",iya
3368,id_hatespeech,id_hatespeech_nusantara_text,52b35d09-ebeb-4764-9060-789bba52d457,hate_or_noHate_zs_opt_kriteria,train,"Berdasarkan kriteria hatespeech yang ada, apakah pesan yang disampaikan dalam teks berikut: Sylvi keliatan bloonnya #DebatFinalPilkadaJKT, dianggap sebagai hatespeech?
- iya
- tidak",iya
3369,id_hatespeech,id_hatespeech_nusantara_text,52b35d09-ebeb-4764-9060-789bba52d457,hate_or_noHate_zs_opt_kriteria,train,"Berdasarkan kriteria hatespeech yang ada, apakah pesan yang disampaikan dalam teks berikut: RT @WanitaRevolusi: Ahoax penista agama kembali mengolok olok surat AL-MAIDAH 51. Cc @Dahnilanzar, dianggap sebagai hatespeech?
- iya
- tidak",iya
3370,id_hatespeech,id_hatespeech_nusantara_text,52b35d09-ebeb-4764-9060-789bba52d457,hate_or_noHate_zs_opt_kriteria,train,"Berdasarkan kriteria hatespeech yang ada, apakah pesan yang disampaikan dalam teks berikut: #JakartaBanjir Pemimpinnya gak punya akhlak yg baik... PENISTA AGAMA., dianggap sebagai hatespeech?
- iya
- tidak",iya
3371,id_hatespeech,id_hatespeech_nusantara_text,52b35d09-ebeb-4764-9060-789bba52d457,hate_or_noHate_zs_opt_kriteria,train,"Berdasarkan kriteria hatespeech yang ada, apakah pesan yang disampaikan dalam teks berikut: #DebatFinalPilkadaJKT mati kau hok, dianggap sebagai hatespeech?
- iya
- tidak",iya
3372,id_hatespeech,id_hatespeech_nusantara_text,52b35d09-ebeb-4764-9060-789bba52d457,hate_or_noHate_zs_opt_kriteria,train,"Berdasarkan kriteria hatespeech yang ada, apakah pesan yang disampaikan dalam teks berikut: Yg ga punya program bisanya cuma fitnah. Ciri Orang yg demen ngambil kjp kontan #DebatFinalPilkadaJKT, dianggap sebagai hatespeech?
- iya
- tidak",iya
3373,id_hatespeech,id_hatespeech_nusantara_text,52b35d09-ebeb-4764-9060-789bba52d457,hate_or_noHate_zs_opt_kriteria,train,"Berdasarkan kriteria hatespeech yang ada, apakah pesan yang disampaikan dalam teks berikut: Mpok silvi nyinyir melulu pertanyaan nya tapi sayang sesat! Maklum sih dese emakemak! #DebatFinalDKI #DebatFinalPilkadaJKT, dianggap sebagai hatespeech?
- iya
- tidak",iya
3374,id_hatespeech,id_hatespeech_nusantara_text,52b35d09-ebeb-4764-9060-789bba52d457,hate_or_noHate_zs_opt_kriteria,train,"Berdasarkan kriteria hatespeech yang ada, apakah pesan yang disampaikan dalam teks berikut: RT @bajigurceleng: @jpnncom hahaha jelas2 buat pilkada dasar polisi made in cina pelindung penista agama, dianggap sebagai hatespeech?
- iya
- tidak",iya
3375,id_hatespeech,id_hatespeech_nusantara_text,52b35d09-ebeb-4764-9060-789bba52d457,hate_or_noHate_zs_opt_kriteria,train,"Berdasarkan kriteria hatespeech yang ada, apakah pesan yang disampaikan dalam teks berikut: Kurangnya pemberdayaan wanita DKI Jakarta bisa dilihat dari telaknya perbedaan warna muka dan warna tangan mpok sylvi #DebatFinalPilkadaJKT, dianggap sebagai hatespeech?
- iya
- tidak",iya
3376,id_hatespeech,id_hatespeech_nusantara_text,52b35d09-ebeb-4764-9060-789bba52d457,hate_or_noHate_zs_opt_kriteria,train,"Berdasarkan kriteria hatespeech yang ada, apakah pesan yang disampaikan dalam teks berikut: Agus silvy Tukang Fitnah #DebatFinalPilkadaJKT, dianggap sebagai hatespeech?
- iya
- tidak",iya
3377,id_hatespeech,id_hatespeech_nusantara_text,52b35d09-ebeb-4764-9060-789bba52d457,hate_or_noHate_zs_opt_kriteria,train,"Berdasarkan kriteria hatespeech yang ada, apakah pesan yang disampaikan dalam teks berikut: #DebatFinalPilkadaJKT yaudah gus sini kalo ga sakit secara fisik daripada verbal gw gebukin lo rame2, dianggap sebagai hatespeech?
- iya
- tidak",iya
3378,id_hatespeech,id_hatespeech_nusantara_text,52b35d09-ebeb-4764-9060-789bba52d457,hate_or_noHate_zs_opt_kriteria,train,"Berdasarkan kriteria hatespeech yang ada, apakah pesan yang disampaikan dalam teks berikut: Keluarga kita gak ada yg maling coyy gak perlu trauma kaleeeee emang kluarga ente?, dianggap sebagai hatespeech?
- iya
- tidak",iya
3379,id_hatespeech,id_hatespeech_nusantara_text,52b35d09-ebeb-4764-9060-789bba52d457,hate_or_noHate_zs_opt_kriteria,train,"Berdasarkan kriteria hatespeech yang ada, apakah pesan yang disampaikan dalam teks berikut: JG KAITKAN JOKOWI DENGAN AHOK KATA JOHAN BUDI. KATA KAMI. SEBAB JOKOWI ANJING. SEDANGKAN AHOK BABI. YA JELAS BERBEDA. WALAUPUN OTAKNYA SAMA, dianggap sebagai hatespeech?
- iya
- tidak",iya
3380,id_hatespeech,id_hatespeech_nusantara_text,52b35d09-ebeb-4764-9060-789bba52d457,hate_or_noHate_zs_opt_kriteria,train,"Berdasarkan kriteria hatespeech yang ada, apakah pesan yang disampaikan dalam teks berikut: Bajingan lu silvy #DebatFinalPilkadaJKT, dianggap sebagai hatespeech?
- iya
- tidak",iya
3381,id_hatespeech,id_hatespeech_nusantara_text,52b35d09-ebeb-4764-9060-789bba52d457,hate_or_noHate_zs_opt_kriteria,train,"Berdasarkan kriteria hatespeech yang ada, apakah pesan yang disampaikan dalam teks berikut: Hasil Akhir, Menyatakan @jokowi Melindungi Ahok TERDAKWA PENISTA AGAMA !!!, dianggap sebagai hatespeech?
- iya
- tidak",iya
3382,id_hatespeech,id_hatespeech_nusantara_text,52b35d09-ebeb-4764-9060-789bba52d457,hate_or_noHate_zs_opt_kriteria,train,"Berdasarkan kriteria hatespeech yang ada, apakah pesan yang disampaikan dalam teks berikut: RT @SiBonekaKayu: Selepas banjir Jakarta 212 Pendukung Ahok mengganti narasi doa. Semua demi keuntungan Sang Penista Agama, dianggap sebagai hatespeech?
- iya
- tidak",iya
3383,id_hatespeech,id_hatespeech_nusantara_text,52b35d09-ebeb-4764-9060-789bba52d457,hate_or_noHate_zs_opt_kriteria,train,"Berdasarkan kriteria hatespeech yang ada, apakah pesan yang disampaikan dalam teks berikut: Tionghoa katanya kaya? Kok pada putus sekolah? Kebanyakan dugem?, dianggap sebagai hatespeech?
- iya
- tidak",iya
3384,id_hatespeech,id_hatespeech_nusantara_text,52b35d09-ebeb-4764-9060-789bba52d457,hate_or_noHate_zs_opt_kriteria,train,"Berdasarkan kriteria hatespeech yang ada, apakah pesan yang disampaikan dalam teks berikut: Gusur Ahok demi Indonesia. Teladan buruk pembangkangan hukum dan anti kemanusiaan di Jakarta jgn tertular ke daerah. #CoblosPecinya, dianggap sebagai hatespeech?
- iya
- tidak",iya
3385,id_hatespeech,id_hatespeech_nusantara_text,52b35d09-ebeb-4764-9060-789bba52d457,hate_or_noHate_zs_opt_kriteria,train,"Berdasarkan kriteria hatespeech yang ada, apakah pesan yang disampaikan dalam teks berikut: BUAT AHOKER YANG TAKUT MATINYA GG DISHOLATIN , TENANG ADA ABU JANDA UST GADUNGAN YG SIAP SHOLATIN AHOKER & JOKOWER, dianggap sebagai hatespeech?
- iya
- tidak",iya
3386,id_hatespeech,id_hatespeech_nusantara_text,52b35d09-ebeb-4764-9060-789bba52d457,hate_or_noHate_zs_opt_kriteria,train,"Berdasarkan kriteria hatespeech yang ada, apakah pesan yang disampaikan dalam teks berikut: Mampuuss ! Di tembak dalem banget silvyy .. lo urusin tuh dapurr ! Gak punya program demennya nyerang terus !!! #gue2 #DebatFinalPilkadaJKT, dianggap sebagai hatespeech?
- iya
- tidak",iya
3387,id_hatespeech,id_hatespeech_nusantara_text,52b35d09-ebeb-4764-9060-789bba52d457,hate_or_noHate_zs_opt_kriteria,train,"Berdasarkan kriteria hatespeech yang ada, apakah pesan yang disampaikan dalam teks berikut: Anjir baru kali ini lihat orang bego mau debat pilkada. Kerjanya nyerang karakter. Shame on you mpok silvy and agus. #DebatFinalPilkadaJKT, dianggap sebagai hatespeech?
- iya
- tidak",iya
3388,id_hatespeech,id_hatespeech_nusantara_text,52b35d09-ebeb-4764-9060-789bba52d457,hate_or_noHate_zs_opt_kriteria,train,"Berdasarkan kriteria hatespeech yang ada, apakah pesan yang disampaikan dalam teks berikut: Uang Taipan tuh. Nanti dibayar dengan ratusan penggusuran biadab oleh Ahok., dianggap sebagai hatespeech?
- iya
- tidak",iya
3389,id_hatespeech,id_hatespeech_nusantara_text,52b35d09-ebeb-4764-9060-789bba52d457,hate_or_noHate_zs_opt_kriteria,train,"Berdasarkan kriteria hatespeech yang ada, apakah pesan yang disampaikan dalam teks berikut: CINA ASU https:\/\/t.co\/zM1BsjAIHA, dianggap sebagai hatespeech?
- iya
- tidak",iya
3390,id_hatespeech,id_hatespeech_nusantara_text,52b35d09-ebeb-4764-9060-789bba52d457,hate_or_noHate_zs_opt_kriteria,train,"Berdasarkan kriteria hatespeech yang ada, apakah pesan yang disampaikan dalam teks berikut: Ketika ngomong, Sylvi keliatan oke. Tapi begitu didebat Ahok, Sylvi langsung kekuatan goblok., dianggap sebagai hatespeech?
- iya
- tidak",iya
3391,id_hatespeech,id_hatespeech_nusantara_text,52b35d09-ebeb-4764-9060-789bba52d457,hate_or_noHate_zs_opt_kriteria,train,"Berdasarkan kriteria hatespeech yang ada, apakah pesan yang disampaikan dalam teks berikut: Jangankan Banjir, Tuhan aja Dilawan Sama Ahok #JakartaBanjir Tapi Jakarta hari Ini Bukan Banjir, Hanya GENANGAN., dianggap sebagai hatespeech?
- iya
- tidak",iya
3392,id_hatespeech,id_hatespeech_nusantara_text,52b35d09-ebeb-4764-9060-789bba52d457,hate_or_noHate_zs_opt_kriteria,train,"Berdasarkan kriteria hatespeech yang ada, apakah pesan yang disampaikan dalam teks berikut: ADA PEMIMPIM PRIBUMI knp pilih PEMIMPIN IMPOR yg g BERADAB tukang BERBOHONG yuk PRIBUMIKAN DKI milik BANGSA IND @Gemacan70 @TerorisSocmed, dianggap sebagai hatespeech?
- iya
- tidak",iya
3393,id_hatespeech,id_hatespeech_nusantara_text,52b35d09-ebeb-4764-9060-789bba52d457,hate_or_noHate_zs_opt_kriteria,train,"Berdasarkan kriteria hatespeech yang ada, apakah pesan yang disampaikan dalam teks berikut: Karna dia ga punya program hanya modal bacot doang, dianggap sebagai hatespeech?
- iya
- tidak",iya
3394,id_hatespeech,id_hatespeech_nusantara_text,52b35d09-ebeb-4764-9060-789bba52d457,hate_or_noHate_zs_opt_kriteria,train,"Berdasarkan kriteria hatespeech yang ada, apakah pesan yang disampaikan dalam teks berikut: Pendukung berarti dia bagian dr penista agama tersebut!!! Dukung gerakan ini 100%, dianggap sebagai hatespeech?
- iya
- tidak",iya
3395,id_hatespeech,id_hatespeech_nusantara_text,52b35d09-ebeb-4764-9060-789bba52d457,hate_or_noHate_zs_opt_kriteria,train,"Berdasarkan kriteria hatespeech yang ada, apakah pesan yang disampaikan dalam teks berikut: Narkoba yg paling berbahaya adalah ILUSI KESUCIAN AHOK SANG PENISTA., dianggap sebagai hatespeech?
- iya
- tidak",iya
3396,id_hatespeech,id_hatespeech_nusantara_text,52b35d09-ebeb-4764-9060-789bba52d457,hate_or_noHate_zs_opt_kriteria,train,"Berdasarkan kriteria hatespeech yang ada, apakah pesan yang disampaikan dalam teks berikut: @tribunnews emang ahok siapa?? Orang penting?? Dia hanya penista agama!!, dianggap sebagai hatespeech?
- iya
- tidak",iya
3397,id_hatespeech,id_hatespeech_nusantara_text,52b35d09-ebeb-4764-9060-789bba52d457,hate_or_noHate_zs_opt_kriteria,train,"Berdasarkan kriteria hatespeech yang ada, apakah pesan yang disampaikan dalam teks berikut: cina mah duitnya dari hasil maling di Indonesia di balikin lgi berkedok invest plus bawa gembel2 & napi dari Cina negeri nenek moyang ahok, dianggap sebagai hatespeech?
- iya
- tidak",iya
3398,id_hatespeech,id_hatespeech_nusantara_text,52b35d09-ebeb-4764-9060-789bba52d457,hate_or_noHate_zs_opt_kriteria,train,"Berdasarkan kriteria hatespeech yang ada, apakah pesan yang disampaikan dalam teks berikut: Tangkap Ahok @basuki_btp skrng juga, koruptor reklamasi Jakarta dan penista Agama Islam., dianggap sebagai hatespeech?
- iya
- tidak",iya
3399,id_hatespeech,id_hatespeech_nusantara_text,52b35d09-ebeb-4764-9060-789bba52d457,hate_or_noHate_zs_opt_kriteria,train,"Berdasarkan kriteria hatespeech yang ada, apakah pesan yang disampaikan dalam teks berikut: keliatan banget bego nya mpok silvy and agus. #DebatFinalPilkadaJKT, dianggap sebagai hatespeech?
- iya
- tidak",iya
3400,id_hatespeech,id_hatespeech_nusantara_text,52b35d09-ebeb-4764-9060-789bba52d457,hate_or_noHate_zs_opt_kriteria,train,"Berdasarkan kriteria hatespeech yang ada, apakah pesan yang disampaikan dalam teks berikut: Yg Ahokers, Klo gak seneng ama cuitan gw silahkan unfollow krn gw Anti AHOK (Si Penista Agama Islam), dianggap sebagai hatespeech?
- iya
- tidak",iya
3401,id_hatespeech,id_hatespeech_nusantara_text,52b35d09-ebeb-4764-9060-789bba52d457,hate_or_noHate_zs_opt_kriteria,train,"Berdasarkan kriteria hatespeech yang ada, apakah pesan yang disampaikan dalam teks berikut: AGAMA DI NISTAKAN! ULAMA DI LECEHKAN!! Ini Alasannya #HaramPemimpinKafir, dianggap sebagai hatespeech?
- iya
- tidak",iya
3402,id_hatespeech,id_hatespeech_nusantara_text,52b35d09-ebeb-4764-9060-789bba52d457,hate_or_noHate_zs_opt_kriteria,train,"Berdasarkan kriteria hatespeech yang ada, apakah pesan yang disampaikan dalam teks berikut: RT @FredyBastian3: Cara serang Ahok : Kafir galak, dianggap sebagai hatespeech?
- iya
- tidak",iya
3403,id_hatespeech,id_hatespeech_nusantara_text,52b35d09-ebeb-4764-9060-789bba52d457,hate_or_noHate_zs_opt_kriteria,train,"Berdasarkan kriteria hatespeech yang ada, apakah pesan yang disampaikan dalam teks berikut: @umnia77 @ruhutsitompul @sahal_as anjing2 ahok.kaum babi lo bnyk bacot.mnding duel sma gw., dianggap sebagai hatespeech?
- iya
- tidak",iya
3404,id_hatespeech,id_hatespeech_nusantara_text,52b35d09-ebeb-4764-9060-789bba52d457,hate_or_noHate_zs_opt_kriteria,train,"Berdasarkan kriteria hatespeech yang ada, apakah pesan yang disampaikan dalam teks berikut: Ahok memang verbalnya keras. Pelampiasan dan pelarian karena kelelakiannya lunak., dianggap sebagai hatespeech?
- iya
- tidak",iya
3405,id_hatespeech,id_hatespeech_nusantara_text,52b35d09-ebeb-4764-9060-789bba52d457,hate_or_noHate_zs_opt_kriteria,train,"Berdasarkan kriteria hatespeech yang ada, apakah pesan yang disampaikan dalam teks berikut: yg maling itu kan china2 babi BLBI , korupsi nya triliunan , termasuk si AHok korupsi 2 triliun.., dianggap sebagai hatespeech?
- iya
- tidak",iya
3406,id_hatespeech,id_hatespeech_nusantara_text,52b35d09-ebeb-4764-9060-789bba52d457,hate_or_noHate_zs_opt_kriteria,train,"Berdasarkan kriteria hatespeech yang ada, apakah pesan yang disampaikan dalam teks berikut: Mimpi djan farid jakarta lebih islami dari aceh jika ahok terpilih itu ibarat babi merindukan halal, dianggap sebagai hatespeech?
- iya
- tidak",iya
3407,id_hatespeech,id_hatespeech_nusantara_text,52b35d09-ebeb-4764-9060-789bba52d457,hate_or_noHate_zs_opt_kriteria,train,"Berdasarkan kriteria hatespeech yang ada, apakah pesan yang disampaikan dalam teks berikut: @KompasTV @ridwankamil ridwal kamil memang hebat dan top nggak kaya ahok tukang penista agama dan koruptor, dianggap sebagai hatespeech?
- iya
- tidak",iya
3408,id_hatespeech,id_hatespeech_nusantara_text,52b35d09-ebeb-4764-9060-789bba52d457,hate_or_noHate_zs_opt_kriteria,train,"Berdasarkan kriteria hatespeech yang ada, apakah pesan yang disampaikan dalam teks berikut: @TPK_RI ITULAH si ahok kutil babi, dianggap sebagai hatespeech?
- iya
- tidak",iya
3409,id_hatespeech,id_hatespeech_nusantara_text,52b35d09-ebeb-4764-9060-789bba52d457,hate_or_noHate_zs_opt_kriteria,train,"Berdasarkan kriteria hatespeech yang ada, apakah pesan yang disampaikan dalam teks berikut: Dasar si Kutil babi ahok memang Tukang Bohong. selain Bohong ahok jg biasa Menyalahkan yg lain menutupi Kegagalan nya . contoh soal banjir, dianggap sebagai hatespeech?
- iya
- tidak",iya
3410,id_hatespeech,id_hatespeech_nusantara_text,52b35d09-ebeb-4764-9060-789bba52d457,hate_or_noHate_zs_opt_kriteria,train,"Berdasarkan kriteria hatespeech yang ada, apakah pesan yang disampaikan dalam teks berikut: @PonkEcha @Fahrihamzah Si Terdakwa Penista Agama Alias Si Ahok Babi Jamban tuh yang Morfotin Uang Rakyat Jakarta, dianggap sebagai hatespeech?
- iya
- tidak",iya
3411,id_hatespeech,id_hatespeech_nusantara_text,52b35d09-ebeb-4764-9060-789bba52d457,hate_or_noHate_zs_opt_kriteria,train,"Berdasarkan kriteria hatespeech yang ada, apakah pesan yang disampaikan dalam teks berikut: Om...Ahoknya...Mana Om,Katanya Si BABi Ahok Bisa Ngatasi Banjir...Om...BABi Jgn Membual Om...?!!?, dianggap sebagai hatespeech?
- iya
- tidak",iya
3412,id_hatespeech,id_hatespeech_nusantara_text,52b35d09-ebeb-4764-9060-789bba52d457,hate_or_noHate_zs_opt_kriteria,train,"Berdasarkan kriteria hatespeech yang ada, apakah pesan yang disampaikan dalam teks berikut: kenapa anak babi jalan nya nunduk???karena malu liat ulah bapak nya yang ngebelain ahok.., dianggap sebagai hatespeech?
- iya
- tidak",iya
3413,id_hatespeech,id_hatespeech_nusantara_text,52b35d09-ebeb-4764-9060-789bba52d457,hate_or_noHate_zs_opt_kriteria,train,"Berdasarkan kriteria hatespeech yang ada, apakah pesan yang disampaikan dalam teks berikut: Perilaku Si BABI @jokoanwar ini memang benci dgn hal berbau Islam. Cocok dgn Ahok. @SiBonekaKayu, dianggap sebagai hatespeech?
- iya
- tidak",iya
3414,id_hatespeech,id_hatespeech_nusantara_text,52b35d09-ebeb-4764-9060-789bba52d457,hate_or_noHate_zs_opt_kriteria,train,"Berdasarkan kriteria hatespeech yang ada, apakah pesan yang disampaikan dalam teks berikut: @budimandjatmiko ahok si kutil babi kembali ke rumah lembang kenapa jakarta jadi banjir bud?, dianggap sebagai hatespeech?
- iya
- tidak",iya
3415,id_hatespeech,id_hatespeech_nusantara_text,52b35d09-ebeb-4764-9060-789bba52d457,hate_or_noHate_zs_opt_kriteria,train,"Berdasarkan kriteria hatespeech yang ada, apakah pesan yang disampaikan dalam teks berikut: #jujur orang cerdas dan pintar pilih orang imam dan mampu memimpin ..bisa sholat...bisa ngaji..santun, sopan..tidak seperti babi kafir ahok, dianggap sebagai hatespeech?
- iya
- tidak",iya
3416,id_hatespeech,id_hatespeech_nusantara_text,52b35d09-ebeb-4764-9060-789bba52d457,hate_or_noHate_zs_opt_kriteria,train,"Berdasarkan kriteria hatespeech yang ada, apakah pesan yang disampaikan dalam teks berikut: Teman Ahok emank TAI. apalagi pemimpinnya kek BABI! @temanahok, dianggap sebagai hatespeech?
- iya
- tidak",iya
3417,id_hatespeech,id_hatespeech_nusantara_text,52b35d09-ebeb-4764-9060-789bba52d457,hate_or_noHate_zs_opt_kriteria,train,"Berdasarkan kriteria hatespeech yang ada, apakah pesan yang disampaikan dalam teks berikut: Mana para babi ahok yg ngejek onta, biar di injek2 ama onta, dianggap sebagai hatespeech?
- iya
- tidak",iya
3418,id_hatespeech,id_hatespeech_nusantara_text,52b35d09-ebeb-4764-9060-789bba52d457,hate_or_noHate_zs_opt_kriteria,train,"Berdasarkan kriteria hatespeech yang ada, apakah pesan yang disampaikan dalam teks berikut: @gotcancer2 bukannya stigma babi itu milik tuhan elu si ahok kafir, dianggap sebagai hatespeech?
- iya
- tidak",iya
3419,id_hatespeech,id_hatespeech_nusantara_text,52b35d09-ebeb-4764-9060-789bba52d457,hate_or_noHate_zs_opt_kriteria,train,"Berdasarkan kriteria hatespeech yang ada, apakah pesan yang disampaikan dalam teks berikut: Kampungan ya pendukung AHY https:\/\/t.co\/GmezpOYLsY, dianggap sebagai hatespeech?
- iya
- tidak",iya
3420,id_hatespeech,id_hatespeech_nusantara_text,52b35d09-ebeb-4764-9060-789bba52d457,hate_or_noHate_zs_opt_kriteria,train,"Berdasarkan kriteria hatespeech yang ada, apakah pesan yang disampaikan dalam teks berikut: @Ananda_harahaP udah lu jgn panik gitu. ahok si kutil babi bakal tumbang kok di putaran kedua. teruskan cuapcuap mu di sosmed, gak ngaruh., dianggap sebagai hatespeech?
- iya
- tidak",iya
3421,id_hatespeech,id_hatespeech_nusantara_text,52b35d09-ebeb-4764-9060-789bba52d457,hate_or_noHate_zs_opt_kriteria,train,"Berdasarkan kriteria hatespeech yang ada, apakah pesan yang disampaikan dalam teks berikut: ahok tidak layak seperti manusia, dia lebih tepat seperti babi yg tidak punya akal pikiran dan jiwa manusiawi, dianggap sebagai hatespeech?
- iya
- tidak",iya
3422,id_hatespeech,id_hatespeech_nusantara_text,52b35d09-ebeb-4764-9060-789bba52d457,hate_or_noHate_zs_opt_kriteria,train,"Berdasarkan kriteria hatespeech yang ada, apakah pesan yang disampaikan dalam teks berikut: @haloJakarta Ahok (BTP) Basuki Tai Babi, dianggap sebagai hatespeech?
- iya
- tidak",iya
3423,id_hatespeech,id_hatespeech_nusantara_text,52b35d09-ebeb-4764-9060-789bba52d457,hate_or_noHate_zs_opt_kriteria,train,"Berdasarkan kriteria hatespeech yang ada, apakah pesan yang disampaikan dalam teks berikut: RT @diyahaudya: @yusuf_dumdum Yg ada, cacimaki penista agama tapi ternyata ketauan poligami ngumpet2. Apa mau digituin? Saya sih ogah., dianggap sebagai hatespeech?
- iya
- tidak",iya
3424,id_hatespeech,id_hatespeech_nusantara_text,52b35d09-ebeb-4764-9060-789bba52d457,hate_or_noHate_zs_opt_kriteria,train,"Berdasarkan kriteria hatespeech yang ada, apakah pesan yang disampaikan dalam teks berikut: @adichandramang2 @CummaRachel @korban_gusur iya , trump memang penista agama atau anti islam emang hubungannya dgn anis apa?, dianggap sebagai hatespeech?
- iya
- tidak",iya
3425,id_hatespeech,id_hatespeech_nusantara_text,52b35d09-ebeb-4764-9060-789bba52d457,hate_or_noHate_zs_opt_kriteria,train,"Berdasarkan kriteria hatespeech yang ada, apakah pesan yang disampaikan dalam teks berikut: @adichandramang2\nAda aseng KOPLO pembela si PENISTA AGAMA yg durjana nyuruh org lain ngaji!, dianggap sebagai hatespeech?
- iya
- tidak",iya
3426,id_hatespeech,id_hatespeech_nusantara_text,52b35d09-ebeb-4764-9060-789bba52d457,hate_or_noHate_zs_opt_kriteria,train,"Berdasarkan kriteria hatespeech yang ada, apakah pesan yang disampaikan dalam teks berikut: @bayprio Itulah kebodohan para penista agama, sudah saatnya pilih pemimpin yg mengerjakan shalat 5 waktu, dianggap sebagai hatespeech?
- iya
- tidak",iya
3427,id_hatespeech,id_hatespeech_nusantara_text,52b35d09-ebeb-4764-9060-789bba52d457,hate_or_noHate_zs_opt_kriteria,train,"Berdasarkan kriteria hatespeech yang ada, apakah pesan yang disampaikan dalam teks berikut: @iwanfals pilih Anis sandi doong..jgn pilih si penista agama pemecah NKRI, dianggap sebagai hatespeech?
- iya
- tidak",iya
3428,id_hatespeech,id_hatespeech_nusantara_text,52b35d09-ebeb-4764-9060-789bba52d457,hate_or_noHate_zs_opt_kriteria,train,"Berdasarkan kriteria hatespeech yang ada, apakah pesan yang disampaikan dalam teks berikut: @posmetroinfo Emang terdakwa penista agama, salahnya dimana coba, kl yg biasa bikin hoax metrotipu aman2 aja tuh dewan peres, dianggap sebagai hatespeech?
- iya
- tidak",iya
3429,id_hatespeech,id_hatespeech_nusantara_text,52b35d09-ebeb-4764-9060-789bba52d457,hate_or_noHate_zs_opt_kriteria,train,"Berdasarkan kriteria hatespeech yang ada, apakah pesan yang disampaikan dalam teks berikut: @RamadanMalka Pamor RK jadi seakan tak ada artinya jika parpol pengusungnya pendukung penista agama..., dianggap sebagai hatespeech?
- iya
- tidak",iya
3430,id_hatespeech,id_hatespeech_nusantara_text,52b35d09-ebeb-4764-9060-789bba52d457,hate_or_noHate_zs_opt_kriteria,train,"Berdasarkan kriteria hatespeech yang ada, apakah pesan yang disampaikan dalam teks berikut: @RestySeterah si ahok pantasnya dinobatkan sbgai Babi ngepret, dianggap sebagai hatespeech?
- iya
- tidak",iya
3431,id_hatespeech,id_hatespeech_nusantara_text,52b35d09-ebeb-4764-9060-789bba52d457,hate_or_noHate_zs_opt_kriteria,train,"Berdasarkan kriteria hatespeech yang ada, apakah pesan yang disampaikan dalam teks berikut: @roninpribumi @dewanpers yg salah itu mereka menulis TERDAKWA PENISTA AGAMA,coba klo ditulis BAGINDA YANG MULIA pasti ga masalah..cuih.., dianggap sebagai hatespeech?
- iya
- tidak",iya
3432,id_hatespeech,id_hatespeech_nusantara_text,52b35d09-ebeb-4764-9060-789bba52d457,hate_or_noHate_zs_opt_kriteria,train,"Berdasarkan kriteria hatespeech yang ada, apakah pesan yang disampaikan dalam teks berikut: Faktanya Cina2 parasit tuh ngotot belain si penista Agama @PradanaBhakti @IrianaPasirua @PutraSumedang18 @khoirulilham12 @ronavioleta, dianggap sebagai hatespeech?
- iya
- tidak",iya
3433,id_hatespeech,id_hatespeech_nusantara_text,52b35d09-ebeb-4764-9060-789bba52d457,hate_or_noHate_zs_opt_kriteria,train,"Berdasarkan kriteria hatespeech yang ada, apakah pesan yang disampaikan dalam teks berikut: jokowi ratu adil apaan..??? dia ga ada keturunan darah biruadanya DARAH KOTOR cina babi..!!! https://t.co/JtwFRRdLF4, dianggap sebagai hatespeech?
- iya
- tidak",iya
3434,id_hatespeech,id_hatespeech_nusantara_text,52b35d09-ebeb-4764-9060-789bba52d457,hate_or_noHate_zs_opt_kriteria,train,"Berdasarkan kriteria hatespeech yang ada, apakah pesan yang disampaikan dalam teks berikut: RT @RestySeterah: Keren nih apps kawal TPS .. Yuk gabung buat pastikan cagub terdakwa penista Agama lebih cepat diantar kehabitatnya, dianggap sebagai hatespeech?
- iya
- tidak",iya
3435,id_hatespeech,id_hatespeech_nusantara_text,52b35d09-ebeb-4764-9060-789bba52d457,hate_or_noHate_zs_opt_kriteria,train,"Berdasarkan kriteria hatespeech yang ada, apakah pesan yang disampaikan dalam teks berikut: Kalau lo gak tau apa-apa ya jangan berkoar sembarangan dong, keliatan banget kalau lo itu beneran bego :)) #FuckYou, dianggap sebagai hatespeech?
- iya
- tidak",iya
3436,id_hatespeech,id_hatespeech_nusantara_text,52b35d09-ebeb-4764-9060-789bba52d457,hate_or_noHate_zs_opt_kriteria,train,"Berdasarkan kriteria hatespeech yang ada, apakah pesan yang disampaikan dalam teks berikut: @AHMADDHANIPRAST ahmad dhani yang terhormat paling babi paling anjing aing kontol paling lonte tungu saat nya karier mu akan habis!!!!, dianggap sebagai hatespeech?
- iya
- tidak",iya
3437,id_hatespeech,id_hatespeech_nusantara_text,52b35d09-ebeb-4764-9060-789bba52d457,hate_or_noHate_zs_opt_kriteria,train,"Berdasarkan kriteria hatespeech yang ada, apakah pesan yang disampaikan dalam teks berikut: Kang @ridwankamil ,fakta hari ini,partai pendukung si penista agama sangat dibenci rakyat,termasuk rakyat Jabar. https://t.co/b2WetyvrbZ, dianggap sebagai hatespeech?
- iya
- tidak",iya
3438,id_hatespeech,id_hatespeech_nusantara_text,52b35d09-ebeb-4764-9060-789bba52d457,hate_or_noHate_zs_opt_kriteria,train,"Berdasarkan kriteria hatespeech yang ada, apakah pesan yang disampaikan dalam teks berikut: plis jangan sok kecantikan selalu pacarin artis2 yang lagi meletek, jijik gw liatnya, dianggap sebagai hatespeech?
- iya
- tidak",iya
3439,id_hatespeech,id_hatespeech_nusantara_text,52b35d09-ebeb-4764-9060-789bba52d457,hate_or_noHate_zs_opt_kriteria,train,"Berdasarkan kriteria hatespeech yang ada, apakah pesan yang disampaikan dalam teks berikut: paling mau muntah liat lagak nya @AHMADDHANIPRAST, jadi orang sok iye banget hoek, dianggap sebagai hatespeech?
- iya
- tidak",iya
3440,id_hatespeech,id_hatespeech_nusantara_text,52b35d09-ebeb-4764-9060-789bba52d457,hate_or_noHate_zs_opt_kriteria,train,"Berdasarkan kriteria hatespeech yang ada, apakah pesan yang disampaikan dalam teks berikut: @Metro_TV kalau boleh saya ngomong ingin saya katakan ahmad dhani monyet babi anjing. tapi itu tidak boleh, dianggap sebagai hatespeech?
- iya
- tidak",iya
3441,id_hatespeech,id_hatespeech_nusantara_text,52b35d09-ebeb-4764-9060-789bba52d457,hate_or_noHate_zs_opt_kriteria,train,"Berdasarkan kriteria hatespeech yang ada, apakah pesan yang disampaikan dalam teks berikut: perempuan kaya lo mending mati aja deh, jelek aja, gausa sok jadi make up artist!, dianggap sebagai hatespeech?
- iya
- tidak",iya
3442,id_hatespeech,id_hatespeech_nusantara_text,52b35d09-ebeb-4764-9060-789bba52d457,hate_or_noHate_zs_opt_kriteria,train,"Berdasarkan kriteria hatespeech yang ada, apakah pesan yang disampaikan dalam teks berikut: ahmad dhani itu borok, sampah, babi, anjing. Saya adalah orang pertama yg sangat muak liat muka dhani dan saya berbangga., dianggap sebagai hatespeech?
- iya
- tidak",iya
3443,id_hatespeech,id_hatespeech_nusantara_text,52b35d09-ebeb-4764-9060-789bba52d457,hate_or_noHate_zs_opt_kriteria,train,"Berdasarkan kriteria hatespeech yang ada, apakah pesan yang disampaikan dalam teks berikut: Lah emang sdh jelas2 si ahok terdakwa penista agama. Malu woy! https://t.co/2K0HlMpR9t, dianggap sebagai hatespeech?
- iya
- tidak",iya
3444,id_hatespeech,id_hatespeech_nusantara_text,52b35d09-ebeb-4764-9060-789bba52d457,hate_or_noHate_zs_opt_kriteria,train,"Berdasarkan kriteria hatespeech yang ada, apakah pesan yang disampaikan dalam teks berikut: Keputusan ERKA hari ini harus kita HORMATI, begitupun sebaliknya KAMI tidak akan memilih partai pendukung PENISTA AGAMA., dianggap sebagai hatespeech?
- iya
- tidak",iya
3445,id_hatespeech,id_hatespeech_nusantara_text,52b35d09-ebeb-4764-9060-789bba52d457,hate_or_noHate_zs_opt_kriteria,train,"Berdasarkan kriteria hatespeech yang ada, apakah pesan yang disampaikan dalam teks berikut: Lupakan @ridwankamil biarkan karam dg kapal munafiknya. kita bangun jabar dg kapal yg bersih. Delete partai pendukung penista agama dari hati, dianggap sebagai hatespeech?
- iya
- tidak",iya
3446,id_hatespeech,id_hatespeech_nusantara_text,52b35d09-ebeb-4764-9060-789bba52d457,hate_or_noHate_zs_opt_kriteria,train,"Berdasarkan kriteria hatespeech yang ada, apakah pesan yang disampaikan dalam teks berikut: Masalah dunia dan masalah nafsu ya kang @ridwankamil . Kata2 kok bersayap kayak burung hantu. https://t.co/mwClbkU4sT, dianggap sebagai hatespeech?
- iya
- tidak",iya
3447,id_hatespeech,id_hatespeech_nusantara_text,52b35d09-ebeb-4764-9060-789bba52d457,hate_or_noHate_zs_opt_kriteria,train,"Berdasarkan kriteria hatespeech yang ada, apakah pesan yang disampaikan dalam teks berikut: Penista Agama menjadi Santri Kehormatan.Yang kasih ini ke ahok otaknya perlu direparasi.Demi Pulkada nama Santri yg baik kailan jual belikan, dianggap sebagai hatespeech?
- iya
- tidak",iya
3448,id_hatespeech,id_hatespeech_nusantara_text,52b35d09-ebeb-4764-9060-789bba52d457,hate_or_noHate_zs_opt_kriteria,train,"Berdasarkan kriteria hatespeech yang ada, apakah pesan yang disampaikan dalam teks berikut: Payah banget @ridwankamil maju Jabar1 pakai partai Nasdem pendukung penista agama, ente lagi butuh uang ya kang? Payah loe!!, dianggap sebagai hatespeech?
- iya
- tidak",iya
3449,id_hatespeech,id_hatespeech_nusantara_text,52b35d09-ebeb-4764-9060-789bba52d457,hate_or_noHate_zs_opt_kriteria,train,"Berdasarkan kriteria hatespeech yang ada, apakah pesan yang disampaikan dalam teks berikut: polisi yg jadi imam sholat ini adalah seorang penista agama, bodoh, BERISLAM cuma ikut2an. COPOT KAPOLRES JAKBAR !! https://t.co/s2h2Ybrthm, dianggap sebagai hatespeech?
- iya
- tidak",iya
3450,id_hatespeech,id_hatespeech_nusantara_text,52b35d09-ebeb-4764-9060-789bba52d457,hate_or_noHate_zs_opt_kriteria,train,"Berdasarkan kriteria hatespeech yang ada, apakah pesan yang disampaikan dalam teks berikut: RT @ferdyfrodoo: @bayprio Itulah kebodohan para penista agama, sudah saatnya pilih pemimpin yg mengerjakan shalat 5 waktu, dianggap sebagai hatespeech?
- iya
- tidak",iya
3451,id_hatespeech,id_hatespeech_nusantara_text,52b35d09-ebeb-4764-9060-789bba52d457,hate_or_noHate_zs_opt_kriteria,train,"Berdasarkan kriteria hatespeech yang ada, apakah pesan yang disampaikan dalam teks berikut: RT @Ra_Ria_Rana: GAK HABIS PIKIR???\n\nTINGGAL NUNGGU ADZAB ALLAH NIH NEGERI,,,, PEMIMPINNYA SDH DZALIM https://t.co/UmZK4bTyi4, dianggap sebagai hatespeech?
- iya
- tidak",iya
3452,id_hatespeech,id_hatespeech_nusantara_text,52b35d09-ebeb-4764-9060-789bba52d457,hate_or_noHate_zs_opt_kriteria,train,"Berdasarkan kriteria hatespeech yang ada, apakah pesan yang disampaikan dalam teks berikut: Sini lu, kami enggak mau kampung kami didatangi sama penista agama, https://t.co/1z3MtHs9ck, dianggap sebagai hatespeech?
- iya
- tidak",iya
3453,id_hatespeech,id_hatespeech_nusantara_text,52b35d09-ebeb-4764-9060-789bba52d457,hate_or_noHate_zs_opt_kriteria,train,"Berdasarkan kriteria hatespeech yang ada, apakah pesan yang disampaikan dalam teks berikut: SETUJU SAYA,KLAU AHOK DAPAT GELAR SANTRI KEHORMATAN.... TAPI SANTRI KEHORMATAN BABI.... https://t.co/uD16d7Gwhd, dianggap sebagai hatespeech?
- iya
- tidak",iya
3454,id_hatespeech,id_hatespeech_nusantara_text,52b35d09-ebeb-4764-9060-789bba52d457,hate_or_noHate_zs_opt_kriteria,train,"Berdasarkan kriteria hatespeech yang ada, apakah pesan yang disampaikan dalam teks berikut: Senang dong ada yg fans mati sampai lupa kalau dia bego banget https://t.co/ctJFC5a8Zz, dianggap sebagai hatespeech?
- iya
- tidak",iya
3455,id_hatespeech,id_hatespeech_nusantara_text,52b35d09-ebeb-4764-9060-789bba52d457,hate_or_noHate_zs_opt_kriteria,train,"Berdasarkan kriteria hatespeech yang ada, apakah pesan yang disampaikan dalam teks berikut: @AHMADDHANIPRAST LO TUH BABI ANJING. Mampus kalah jatuh miskin deh #bekasisah, dianggap sebagai hatespeech?
- iya
- tidak",iya
3456,id_hatespeech,id_hatespeech_nusantara_text,52b35d09-ebeb-4764-9060-789bba52d457,hate_or_noHate_zs_opt_kriteria,train,"Berdasarkan kriteria hatespeech yang ada, apakah pesan yang disampaikan dalam teks berikut: @bayprio : Si AHOAK @basuki_btp CINA ANJING KAFIR PENISTA AGAMA ISLAM....!!!, dianggap sebagai hatespeech?
- iya
- tidak",iya
3457,id_hatespeech,id_hatespeech_nusantara_text,52b35d09-ebeb-4764-9060-789bba52d457,hate_or_noHate_zs_opt_kriteria,train,"Berdasarkan kriteria hatespeech yang ada, apakah pesan yang disampaikan dalam teks berikut: @AHMADDHANIPRAST aku katakan anjing kpd ahmad dani, boleh....aku katakan babi kpd ahmad dhani, boleh..., dianggap sebagai hatespeech?
- iya
- tidak",iya
3458,id_hatespeech,id_hatespeech_nusantara_text,52b35d09-ebeb-4764-9060-789bba52d457,hate_or_noHate_zs_opt_kriteria,train,"Berdasarkan kriteria hatespeech yang ada, apakah pesan yang disampaikan dalam teks berikut: @Bisniscom haha memaki untuk melawan mah harus, drpd ditindas pemimpin munafik melindungi penista agama, dll. Agama no 1 (islam), taubat rot, dianggap sebagai hatespeech?
- iya
- tidak",iya
3459,id_hatespeech,id_hatespeech_nusantara_text,52b35d09-ebeb-4764-9060-789bba52d457,hate_or_noHate_zs_opt_kriteria,train,"Berdasarkan kriteria hatespeech yang ada, apakah pesan yang disampaikan dalam teks berikut: @Anakran63208433 @5ec4a1e80d3c48c @aniesbaswedan pikiran anak bani kampret g beda jauh sma penista agama. Penfitnah, Penipu Dan Garong.., dianggap sebagai hatespeech?
- iya
- tidak",iya
3460,id_hatespeech,id_hatespeech_nusantara_text,52b35d09-ebeb-4764-9060-789bba52d457,hate_or_noHate_zs_opt_kriteria,train,"Berdasarkan kriteria hatespeech yang ada, apakah pesan yang disampaikan dalam teks berikut: @Gemacan70 itu yg cewe pake kerudung ngapain ya? Setiap kali konfrensi pers ada aja.. Pencitraan Islami kaliiii... Bwahaha..!!, dianggap sebagai hatespeech?
- iya
- tidak",iya
3461,id_hatespeech,id_hatespeech_nusantara_text,52b35d09-ebeb-4764-9060-789bba52d457,hate_or_noHate_zs_opt_kriteria,train,"Berdasarkan kriteria hatespeech yang ada, apakah pesan yang disampaikan dalam teks berikut: @republikaonline spt ahok dulu .. nasdem disusul dg cs nya .. yg mendukung paslon penista agama dan tukang caci maki tai tai .., dianggap sebagai hatespeech?
- iya
- tidak",iya
3462,id_hatespeech,id_hatespeech_nusantara_text,52b35d09-ebeb-4764-9060-789bba52d457,hate_or_noHate_zs_opt_kriteria,train,"Berdasarkan kriteria hatespeech yang ada, apakah pesan yang disampaikan dalam teks berikut: @topan_julian1 kalo mecin jangan dijadiin cemilan mangkannya kang. Jadi begonya bego banget., dianggap sebagai hatespeech?
- iya
- tidak",iya
3463,id_hatespeech,id_hatespeech_nusantara_text,52b35d09-ebeb-4764-9060-789bba52d457,hate_or_noHate_zs_opt_kriteria,train,"Berdasarkan kriteria hatespeech yang ada, apakah pesan yang disampaikan dalam teks berikut: @ulinyusron cm didoain kalau saya mah ketemu si penista agama langsung saya ceburin laut yg direklamasi ijin sembunyi2 buat tumbal reklamasi, dianggap sebagai hatespeech?
- iya
- tidak",iya
3464,id_hatespeech,id_hatespeech_nusantara_text,52b35d09-ebeb-4764-9060-789bba52d457,hate_or_noHate_zs_opt_kriteria,train,"Berdasarkan kriteria hatespeech yang ada, apakah pesan yang disampaikan dalam teks berikut: @ymerdeka33 @ach_qodr @basuki_btp cabe2an bisa nya hanya bbm.n facrbook.n!! Masalah politik mana tau doi, tau nya berita2 sampah pencitraan, dianggap sebagai hatespeech?
- iya
- tidak",iya
3465,id_hatespeech,id_hatespeech_nusantara_text,52b35d09-ebeb-4764-9060-789bba52d457,hate_or_noHate_zs_opt_kriteria,train,"Berdasarkan kriteria hatespeech yang ada, apakah pesan yang disampaikan dalam teks berikut: INI MANUSIA APA ANJING MATI-MATIAN RELA JADI MURTADZ DEMI BABI AHOK KAFIR. https://t.co/2XXN5CFdVM, dianggap sebagai hatespeech?
- iya
- tidak",iya
3466,id_hatespeech,id_hatespeech_nusantara_text,52b35d09-ebeb-4764-9060-789bba52d457,hate_or_noHate_zs_opt_kriteria,train,"Berdasarkan kriteria hatespeech yang ada, apakah pesan yang disampaikan dalam teks berikut: ini semua berawal dari AHOK JAMBAN yg dibela aparat, para kristen serta china kafir yang lain semakin berani menghi https://t.co/qUutkrlsP3, dianggap sebagai hatespeech?
- iya
- tidak",iya
3467,id_hatespeech,id_hatespeech_nusantara_text,52b35d09-ebeb-4764-9060-789bba52d457,hate_or_noHate_zs_opt_kriteria,train,"Berdasarkan kriteria hatespeech yang ada, apakah pesan yang disampaikan dalam teks berikut: Kami lebih resah anda jd presiden!!!! hidup anda penuh drama dan pencitraan, main FTV aja joko judulnya https://t.co/T2BUgLTnUO, dianggap sebagai hatespeech?
- iya
- tidak",iya
3468,id_hatespeech,id_hatespeech_nusantara_text,52b35d09-ebeb-4764-9060-789bba52d457,hate_or_noHate_zs_opt_kriteria,train,"Berdasarkan kriteria hatespeech yang ada, apakah pesan yang disampaikan dalam teks berikut: Mana bisa percya lagi,sdgkan induknya penista smp skrg lum ditahan tp malah dibela. https://t.co/Oc1vGdX0Z4, dianggap sebagai hatespeech?
- iya
- tidak",iya
3469,id_hatespeech,id_hatespeech_nusantara_text,52b35d09-ebeb-4764-9060-789bba52d457,hate_or_noHate_zs_opt_kriteria,train,"Berdasarkan kriteria hatespeech yang ada, apakah pesan yang disampaikan dalam teks berikut: Mari seluruh Muslim CYBER Army mulai skrg ganti semua sebutan A....K menjadi Terdakwa Penista Agama !, dianggap sebagai hatespeech?
- iya
- tidak",iya
3470,id_hatespeech,id_hatespeech_nusantara_text,52b35d09-ebeb-4764-9060-789bba52d457,hate_or_noHate_zs_opt_kriteria,train,"Berdasarkan kriteria hatespeech yang ada, apakah pesan yang disampaikan dalam teks berikut: Orang Islam lebih suka si HOAX penista agama, menjaga lisan dan tindakan dari hal-hal yang merusak hubungan... https://t.co/FLhW31wXdU, dianggap sebagai hatespeech?
- iya
- tidak",iya
3471,id_hatespeech,id_hatespeech_nusantara_text,52b35d09-ebeb-4764-9060-789bba52d457,hate_or_noHate_zs_opt_kriteria,train,"Berdasarkan kriteria hatespeech yang ada, apakah pesan yang disampaikan dalam teks berikut: RT @izzah_pandeka: #Nomor2Koruptor negeri para korup diasuh cino babi https://t.co/wJXalyPxPn, dianggap sebagai hatespeech?
- iya
- tidak",iya
3472,id_hatespeech,id_hatespeech_nusantara_text,52b35d09-ebeb-4764-9060-789bba52d457,hate_or_noHate_zs_opt_kriteria,train,"Berdasarkan kriteria hatespeech yang ada, apakah pesan yang disampaikan dalam teks berikut: RT @Gemacan70: Hajar bleh hanya untuk bela #Nomor2Koruptor...cuihhhhhh https://t.co/o4nnZBkNYS, dianggap sebagai hatespeech?
- iya
- tidak",iya
3473,id_hatespeech,id_hatespeech_nusantara_text,52b35d09-ebeb-4764-9060-789bba52d457,hate_or_noHate_zs_opt_kriteria,train,"Berdasarkan kriteria hatespeech yang ada, apakah pesan yang disampaikan dalam teks berikut: RT @korban_gusur: @RakyatBiasa1945 Ada CEBONG GENDHENG NGAMUK2 belain si HOMO PENISTA AGAMA!! HAHAHA @OshMuslim @RebusKentang @m3g4, dianggap sebagai hatespeech?
- iya
- tidak",iya
3474,id_hatespeech,id_hatespeech_nusantara_text,52b35d09-ebeb-4764-9060-789bba52d457,hate_or_noHate_zs_opt_kriteria,train,"Berdasarkan kriteria hatespeech yang ada, apakah pesan yang disampaikan dalam teks berikut: RT @Ustadtengku1: @RizieqSyihabFPI tolol itu banyak yg bela penista agama walau sudah tersangka, dianggap sebagai hatespeech?
- iya
- tidak",iya
3475,id_hatespeech,id_hatespeech_nusantara_text,52b35d09-ebeb-4764-9060-789bba52d457,hate_or_noHate_zs_opt_kriteria,train,"Berdasarkan kriteria hatespeech yang ada, apakah pesan yang disampaikan dalam teks berikut: Orang punya saksi anjing dikasus babi.. Tolol https://t.co/ssePg5FCXm, dianggap sebagai hatespeech?
- iya
- tidak",iya
3476,id_hatespeech,id_hatespeech_nusantara_text,52b35d09-ebeb-4764-9060-789bba52d457,hate_or_noHate_zs_opt_kriteria,train,"Berdasarkan kriteria hatespeech yang ada, apakah pesan yang disampaikan dalam teks berikut: Si Ahok kampret emang gak becus kerja. Pencitraan mlulu tuh si Ahok kampret. https://t.co/yM5ViOFvpc, dianggap sebagai hatespeech?
- iya
- tidak",iya
3477,id_hatespeech,id_hatespeech_nusantara_text,52b35d09-ebeb-4764-9060-789bba52d457,hate_or_noHate_zs_opt_kriteria,train,"Berdasarkan kriteria hatespeech yang ada, apakah pesan yang disampaikan dalam teks berikut: Sini lu, kami enggak mau kampung kami didatangi sama penista agama, https://t.co/1z3MtHs9ck, dianggap sebagai hatespeech?
- iya
- tidak",iya
3478,id_hatespeech,id_hatespeech_nusantara_text,52b35d09-ebeb-4764-9060-789bba52d457,hate_or_noHate_zs_opt_kriteria,train,"Berdasarkan kriteria hatespeech yang ada, apakah pesan yang disampaikan dalam teks berikut: Tanda2 kiamat x yak, masih banyak aja orang muslim yg mengingkari Al-Quran dan pilih Penista Agama. #Nomor2Koruptor #Nomor2Koruptor, dianggap sebagai hatespeech?
- iya
- tidak",iya
3479,id_hatespeech,id_hatespeech_nusantara_text,52b35d09-ebeb-4764-9060-789bba52d457,hate_or_noHate_zs_opt_kriteria,train,"Berdasarkan kriteria hatespeech yang ada, apakah pesan yang disampaikan dalam teks berikut: #JanganMauDibohongiAhok sebab Ahok Sumber Kekacauan Politik, Ramaikan Aski 313 FIGHT!! https://t.co/WOBxlxvZnx, dianggap sebagai hatespeech?
- iya
- tidak",iya
3480,id_hatespeech,id_hatespeech_nusantara_text,52b35d09-ebeb-4764-9060-789bba52d457,hate_or_noHate_zs_opt_kriteria,train,"Berdasarkan kriteria hatespeech yang ada, apakah pesan yang disampaikan dalam teks berikut: #MataNajwaDebatJakarta Anies anda SADIS. Topengmu terbuka lebar malam ini. Biar warga DKI yg menilai...apa yg anda katakan adalah PENGECUT, dianggap sebagai hatespeech?
- iya
- tidak",iya
3481,id_hatespeech,id_hatespeech_nusantara_text,52b35d09-ebeb-4764-9060-789bba52d457,hate_or_noHate_zs_opt_kriteria,train,"Berdasarkan kriteria hatespeech yang ada, apakah pesan yang disampaikan dalam teks berikut: Anies congornya aja gede. Realisasinya gak ada. Janji terus dari awal bisanya paling korupsi. Balik jadi dosen aja bangsat., dianggap sebagai hatespeech?
- iya
- tidak",iya
3482,id_hatespeech,id_hatespeech_nusantara_text,52b35d09-ebeb-4764-9060-789bba52d457,hate_or_noHate_zs_opt_kriteria,train,"Berdasarkan kriteria hatespeech yang ada, apakah pesan yang disampaikan dalam teks berikut: #MataNajwaDebatJakarta Hebatnya, Ahok masih mau salaman loh sm Pak Anies yang Amat terhormat. Idih gw sih ogah., dianggap sebagai hatespeech?
- iya
- tidak",iya
3483,id_hatespeech,id_hatespeech_nusantara_text,52b35d09-ebeb-4764-9060-789bba52d457,hate_or_noHate_zs_opt_kriteria,train,"Berdasarkan kriteria hatespeech yang ada, apakah pesan yang disampaikan dalam teks berikut: #MataNajwaDebatJakarta kalau untuk urusan bacot memang anis nya juaranya..memang kita bakal makan bacot di jakarta..haha..paslon yg aneh gede bacot doang., dianggap sebagai hatespeech?
- iya
- tidak",iya
3484,id_hatespeech,id_hatespeech_nusantara_text,52b35d09-ebeb-4764-9060-789bba52d457,hate_or_noHate_zs_opt_kriteria,train,"Berdasarkan kriteria hatespeech yang ada, apakah pesan yang disampaikan dalam teks berikut: #MataNajwaDebatJakarta pak anies banyak omdo dulu waktu jd menteri terobosannya apa?? skrg ngomong ky sok Jago bgt, dianggap sebagai hatespeech?
- iya
- tidak",iya
3485,id_hatespeech,id_hatespeech_nusantara_text,52b35d09-ebeb-4764-9060-789bba52d457,hate_or_noHate_zs_opt_kriteria,train,"Berdasarkan kriteria hatespeech yang ada, apakah pesan yang disampaikan dalam teks berikut: #MataNajwaDebatJakarta si Cina Babi ahok bloon banget. Sok pinter banget lagi. Asal bukan Ahok, dianggap sebagai hatespeech?
- iya
- tidak",iya
3486,id_hatespeech,id_hatespeech_nusantara_text,52b35d09-ebeb-4764-9060-789bba52d457,hate_or_noHate_zs_opt_kriteria,train,"Berdasarkan kriteria hatespeech yang ada, apakah pesan yang disampaikan dalam teks berikut: #MataNajwaDebatJakarta lucu banget jawaban ahok.. gak nyambung. Ditanya apa di jawab apa. Kena skak mat d pertanyaan isu agama tdi. Dasar cina tolol hahaha, dianggap sebagai hatespeech?
- iya
- tidak",iya
3487,id_hatespeech,id_hatespeech_nusantara_text,52b35d09-ebeb-4764-9060-789bba52d457,hate_or_noHate_zs_opt_kriteria,train,"Berdasarkan kriteria hatespeech yang ada, apakah pesan yang disampaikan dalam teks berikut: #MataNajwaDebatJakarta topeng anda hari ini fix terbuka @aniesbaswedan .. anda sama dgn yg mendukung anda.. BAU BUSUK, dianggap sebagai hatespeech?
- iya
- tidak",iya
3488,id_hatespeech,id_hatespeech_nusantara_text,52b35d09-ebeb-4764-9060-789bba52d457,hate_or_noHate_zs_opt_kriteria,train,"Berdasarkan kriteria hatespeech yang ada, apakah pesan yang disampaikan dalam teks berikut: #MataNajwaDebatJakarta Pak Anies suka nyinyir, suka memutar balik kan fakta, ga punya program yg jelas bisanya jelekkan kinerja pak Basuki, dianggap sebagai hatespeech?
- iya
- tidak",iya
3489,id_hatespeech,id_hatespeech_nusantara_text,52b35d09-ebeb-4764-9060-789bba52d457,hate_or_noHate_zs_opt_kriteria,train,"Berdasarkan kriteria hatespeech yang ada, apakah pesan yang disampaikan dalam teks berikut: Babi... iya memang si Ahok gak jauh kayak Babi.., dianggap sebagai hatespeech?
- iya
- tidak",iya
3490,id_hatespeech,id_hatespeech_nusantara_text,52b35d09-ebeb-4764-9060-789bba52d457,hate_or_noHate_zs_opt_kriteria,train,"Berdasarkan kriteria hatespeech yang ada, apakah pesan yang disampaikan dalam teks berikut: Si tengkuk babi sipit bangke agen dajjal mau jadi onta hahaha. Orang waras juga tau kasus ahok dipaksakan!!, dianggap sebagai hatespeech?
- iya
- tidak",iya
3491,id_hatespeech,id_hatespeech_nusantara_text,52b35d09-ebeb-4764-9060-789bba52d457,hate_or_noHate_zs_opt_kriteria,train,"Berdasarkan kriteria hatespeech yang ada, apakah pesan yang disampaikan dalam teks berikut: itu kan kata ahok kafir..umat islam anti ahok karena ahok itu kafr ditambah ahok itu cina yg suka makan babi & bir, dianggap sebagai hatespeech?
- iya
- tidak",iya
3492,id_hatespeech,id_hatespeech_nusantara_text,52b35d09-ebeb-4764-9060-789bba52d457,hate_or_noHate_zs_opt_kriteria,train,"Berdasarkan kriteria hatespeech yang ada, apakah pesan yang disampaikan dalam teks berikut: gw harus bilang Babi Ahok apa dong selain kafir, gw hanya pengen gerombolannyA Babi Ahok merasakan bagaiamana klo di anjing2in, Bangsat2in, dianggap sebagai hatespeech?
- iya
- tidak",iya
3493,id_hatespeech,id_hatespeech_nusantara_text,52b35d09-ebeb-4764-9060-789bba52d457,hate_or_noHate_zs_opt_kriteria,train,"Berdasarkan kriteria hatespeech yang ada, apakah pesan yang disampaikan dalam teks berikut: sibabi china sangat biadab memperlakukan kaum PRIBUMI, dan para jongon2 spt banser & nu nusantara mendukung ketimpangan ini, biadabnya mrk!, dianggap sebagai hatespeech?
- iya
- tidak",iya
3494,id_hatespeech,id_hatespeech_nusantara_text,52b35d09-ebeb-4764-9060-789bba52d457,hate_or_noHate_zs_opt_kriteria,train,"Berdasarkan kriteria hatespeech yang ada, apakah pesan yang disampaikan dalam teks berikut: ahok kafir takut debat dengan rakyat asli pribumi nelayan dan para pakar reklamasi dari rakyat.. ahok kafir bencong, dianggap sebagai hatespeech?
- iya
- tidak",iya
3495,id_hatespeech,id_hatespeech_nusantara_text,52b35d09-ebeb-4764-9060-789bba52d457,hate_or_noHate_zs_opt_kriteria,train,"Berdasarkan kriteria hatespeech yang ada, apakah pesan yang disampaikan dalam teks berikut: nampaknya sudah satu paket penyokong cina babi pasti juga sokong LGBT, dianggap sebagai hatespeech?
- iya
- tidak",iya
3496,id_hatespeech,id_hatespeech_nusantara_text,52b35d09-ebeb-4764-9060-789bba52d457,hate_or_noHate_zs_opt_kriteria,train,"Berdasarkan kriteria hatespeech yang ada, apakah pesan yang disampaikan dalam teks berikut: kebiadaban ahok cina kafir anak2 rakyat kecil pribumi dan ibu2 islam semua digusur dari rumahnya serta kehidupannya, dianggap sebagai hatespeech?
- iya
- tidak",iya
3497,id_hatespeech,id_hatespeech_nusantara_text,52b35d09-ebeb-4764-9060-789bba52d457,hate_or_noHate_zs_opt_kriteria,train,"Berdasarkan kriteria hatespeech yang ada, apakah pesan yang disampaikan dalam teks berikut: tim ahok yg otak wc otak tumpul justru anies itu sdh komit sekali dgn pancasila ,ahok kafir sgt tdk bs berpancasila, dianggap sebagai hatespeech?
- iya
- tidak",iya
3498,id_hatespeech,id_hatespeech_nusantara_text,52b35d09-ebeb-4764-9060-789bba52d457,hate_or_noHate_zs_opt_kriteria,train,"Berdasarkan kriteria hatespeech yang ada, apakah pesan yang disampaikan dalam teks berikut: #MataNajwaDebatJakarta Pak Anies sudah meninggalkan ketenangan dan ketulusannya dalam debat malam ini, mjd agitatif dan licik. semoga kalah kau anjing, dianggap sebagai hatespeech?
- iya
- tidak",iya
3499,id_hatespeech,id_hatespeech_nusantara_text,52b35d09-ebeb-4764-9060-789bba52d457,hate_or_noHate_zs_opt_kriteria,train,"Berdasarkan kriteria hatespeech yang ada, apakah pesan yang disampaikan dalam teks berikut: SELAMA PROSES #SidangAhok WASPADAI ULAMA2 KUBU AHOK..YAKNI ULAMA2 ""MUNAFIK"" YANG SESAT DAN MENYESATKAN..!!, dianggap sebagai hatespeech?
- iya
- tidak",iya
3500,id_hatespeech,id_hatespeech_nusantara_text,52b35d09-ebeb-4764-9060-789bba52d457,hate_or_noHate_zs_opt_kriteria,train,"Berdasarkan kriteria hatespeech yang ada, apakah pesan yang disampaikan dalam teks berikut: anies akan merangkul dua2nya untuk persatuan tidak spt ente dangkal & cekak intelektual hanya jadi budak ahok kafir., dianggap sebagai hatespeech?
- iya
- tidak",iya
3501,id_hatespeech,id_hatespeech_nusantara_text,52b35d09-ebeb-4764-9060-789bba52d457,hate_or_noHate_zs_opt_kriteria,train,"Berdasarkan kriteria hatespeech yang ada, apakah pesan yang disampaikan dalam teks berikut: kebiadaban ahok cina kafir rakyat kecil yg jadi PKL & asongan2 digusur2 dan dianiaya spt teroris, ahok kafir biadab, dianggap sebagai hatespeech?
- iya
- tidak",iya
3502,id_hatespeech,id_hatespeech_nusantara_text,52b35d09-ebeb-4764-9060-789bba52d457,hate_or_noHate_zs_opt_kriteria,train,"Berdasarkan kriteria hatespeech yang ada, apakah pesan yang disampaikan dalam teks berikut: RT @LeonartoRabono: tapi kenyataanya jutaan rakyat kecil asli pribumi yg miskin justru semakin dimiskinkan oleh ahok cina kafir...., dianggap sebagai hatespeech?
- iya
- tidak",iya
3503,id_hatespeech,id_hatespeech_nusantara_text,52b35d09-ebeb-4764-9060-789bba52d457,hate_or_noHate_zs_opt_kriteria,train,"Berdasarkan kriteria hatespeech yang ada, apakah pesan yang disampaikan dalam teks berikut: Itulah Indonesia. Yg dibully org yg bener.Yg salah dan binatang2 seperti nomor tiga dibiarin berkeliaran #matanajwadebatjakarta pak an https://t.co/jYSg6x1A, dianggap sebagai hatespeech?
- iya
- tidak",iya
3504,id_hatespeech,id_hatespeech_nusantara_text,52b35d09-ebeb-4764-9060-789bba52d457,hate_or_noHate_zs_opt_kriteria,train,"Berdasarkan kriteria hatespeech yang ada, apakah pesan yang disampaikan dalam teks berikut: #SidangAhok smg sipenista agama n ateknya matinya tdk wjar n jasadnya tdk dtrma tnh n dia tdk prnh mrs kn sorga,aamiin semoga tuhan setuju, dianggap sebagai hatespeech?
- iya
- tidak",iya
3505,id_hatespeech,id_hatespeech_nusantara_text,52b35d09-ebeb-4764-9060-789bba52d457,hate_or_noHate_zs_opt_kriteria,train,"Berdasarkan kriteria hatespeech yang ada, apakah pesan yang disampaikan dalam teks berikut: iya,kelasnya penista agama,bs nya cm ngebacot doang yg arogan sk blg taik"" nenek lu,oh ya sumber waras n nama d kasus E ktp apkabar?skakmat, dianggap sebagai hatespeech?
- iya
- tidak",iya
3506,id_hatespeech,id_hatespeech_nusantara_text,52b35d09-ebeb-4764-9060-789bba52d457,hate_or_noHate_zs_opt_kriteria,train,"Berdasarkan kriteria hatespeech yang ada, apakah pesan yang disampaikan dalam teks berikut: Penjarakan semua cina kafir dan ateis! Termasuk Ahok pemimpin babi tukang korupsi!, dianggap sebagai hatespeech?
- iya
- tidak",iya
3507,id_hatespeech,id_hatespeech_nusantara_text,52b35d09-ebeb-4764-9060-789bba52d457,hate_or_noHate_zs_opt_kriteria,train,"Berdasarkan kriteria hatespeech yang ada, apakah pesan yang disampaikan dalam teks berikut: Kampanye rasis ngmg nya pihak ahok yg di untungkan.. Goblok kafir mana ada di untungkan.. Kalau pada di perkosa bunuh lu enak berduit, dianggap sebagai hatespeech?
- iya
- tidak",iya
3508,id_hatespeech,id_hatespeech_nusantara_text,52b35d09-ebeb-4764-9060-789bba52d457,hate_or_noHate_zs_opt_kriteria,train,"Berdasarkan kriteria hatespeech yang ada, apakah pesan yang disampaikan dalam teks berikut: hahaha idiot bilang kpd orang2 kafir terurama para nasrani pendukung2 ahok kafir jangan memasuki wilayah2 syariat islam, dianggap sebagai hatespeech?
- iya
- tidak",iya
3509,id_hatespeech,id_hatespeech_nusantara_text,52b35d09-ebeb-4764-9060-789bba52d457,hate_or_noHate_zs_opt_kriteria,train,"Berdasarkan kriteria hatespeech yang ada, apakah pesan yang disampaikan dalam teks berikut: I HASIL MAKMAK KALIAN JUAL PUKINYA. BAGI KSLIAN YG BERPIHAK KEPADA PKI DAN SI AHOK ANAK CHINA ANJING KAFIR INI. SERTA NKRI BUKAN DIDAPAT, dianggap sebagai hatespeech?
- iya
- tidak",iya
3510,id_hatespeech,id_hatespeech_nusantara_text,52b35d09-ebeb-4764-9060-789bba52d457,hate_or_noHate_zs_opt_kriteria,train,"Berdasarkan kriteria hatespeech yang ada, apakah pesan yang disampaikan dalam teks berikut: Tim pendukung sakit jiwa, kehilangan akal sehat & ide #IklanAhokJahat, dianggap sebagai hatespeech?
- iya
- tidak",iya
3511,id_hatespeech,id_hatespeech_nusantara_text,52b35d09-ebeb-4764-9060-789bba52d457,hate_or_noHate_zs_opt_kriteria,train,"Berdasarkan kriteria hatespeech yang ada, apakah pesan yang disampaikan dalam teks berikut: #IklanAhokJahat Hati hati Mereka Mulai Prustasi dan Memainkan Cara cara Kasar !! Karena hasil dari berbagai survei si penista agama kalah!!, dianggap sebagai hatespeech?
- iya
- tidak",iya
3512,id_hatespeech,id_hatespeech_nusantara_text,52b35d09-ebeb-4764-9060-789bba52d457,hate_or_noHate_zs_opt_kriteria,train,"Berdasarkan kriteria hatespeech yang ada, apakah pesan yang disampaikan dalam teks berikut: HOOKK, masuk gorong"" aja loe #IklanAhokJahat, dianggap sebagai hatespeech?
- iya
- tidak",iya
3513,id_hatespeech,id_hatespeech_nusantara_text,52b35d09-ebeb-4764-9060-789bba52d457,hate_or_noHate_zs_opt_kriteria,train,"Berdasarkan kriteria hatespeech yang ada, apakah pesan yang disampaikan dalam teks berikut: Kayak gini nih kampanye Tim AniesSandiUno ke kampung2 mengintimidasi masyarakat. Kampungan ye? #ASUtenan, dianggap sebagai hatespeech?
- iya
- tidak",iya
3514,id_hatespeech,id_hatespeech_nusantara_text,52b35d09-ebeb-4764-9060-789bba52d457,hate_or_noHate_zs_opt_kriteria,train,"Berdasarkan kriteria hatespeech yang ada, apakah pesan yang disampaikan dalam teks berikut: SI KUTIL BABI TELAH MELECEHKAN PRIBUMI DAN UMAT ISLAM #IklanAhokJahat, dianggap sebagai hatespeech?
- iya
- tidak",iya
3515,id_hatespeech,id_hatespeech_nusantara_text,52b35d09-ebeb-4764-9060-789bba52d457,hate_or_noHate_zs_opt_kriteria,train,"Berdasarkan kriteria hatespeech yang ada, apakah pesan yang disampaikan dalam teks berikut: NGOMONG AJA ENTE SAMA KACA! MEMECAH BELAH KERUKUNAN LAGI HOK ENTE BISANYA. NGACO! #IklanAhokJahat, dianggap sebagai hatespeech?
- iya
- tidak",iya
3516,id_hatespeech,id_hatespeech_nusantara_text,52b35d09-ebeb-4764-9060-789bba52d457,hate_or_noHate_zs_opt_kriteria,train,"Berdasarkan kriteria hatespeech yang ada, apakah pesan yang disampaikan dalam teks berikut: #iklanahokjahat Terorist nyata di Indonesia... Bukan wahabi, bukan Onta Tapi Babi Babi milik Cina Penebar Teror sesungguhnya...., dianggap sebagai hatespeech?
- iya
- tidak",iya
3517,id_hatespeech,id_hatespeech_nusantara_text,52b35d09-ebeb-4764-9060-789bba52d457,hate_or_noHate_zs_opt_kriteria,train,"Berdasarkan kriteria hatespeech yang ada, apakah pesan yang disampaikan dalam teks berikut: RT @TerorisSocmed: Sadarlah wahai anak Bangsa, Ibu Pertiwi Sedang Diporakporandakan Oleh Manusia BIADAB @basuki_btp Sebagai Aktor Utama, dianggap sebagai hatespeech?
- iya
- tidak",iya
3518,id_hatespeech,id_hatespeech_nusantara_text,52b35d09-ebeb-4764-9060-789bba52d457,hate_or_noHate_zs_opt_kriteria,train,"Berdasarkan kriteria hatespeech yang ada, apakah pesan yang disampaikan dalam teks berikut: Sepertinya gerombolan @basuki_btp rindu kerusuhan, hati2 dikabul Tuhan #IklanAhokJahat, dianggap sebagai hatespeech?
- iya
- tidak",iya
3519,id_hatespeech,id_hatespeech_nusantara_text,52b35d09-ebeb-4764-9060-789bba52d457,hate_or_noHate_zs_opt_kriteria,train,"Berdasarkan kriteria hatespeech yang ada, apakah pesan yang disampaikan dalam teks berikut: Ahok and Bani serbet and wereng Coklat MEMANCING UMAT MUSLIM supaya marah? dengan #IklanAhokJahat. KALIAN ITU KUMPULAN ORANG SINTING, dianggap sebagai hatespeech?
- iya
- tidak",iya
3520,id_hatespeech,id_hatespeech_nusantara_text,52b35d09-ebeb-4764-9060-789bba52d457,hate_or_noHate_zs_opt_kriteria,train,"Berdasarkan kriteria hatespeech yang ada, apakah pesan yang disampaikan dalam teks berikut: #IklanAhokJahat baru ada direzim jokopret,setan,iblis,dajjal dibangkitkan dr kuburnya. Mereka gembira berpesta pora setelah lama dibelenggu, dianggap sebagai hatespeech?
- iya
- tidak",iya
3521,id_hatespeech,id_hatespeech_nusantara_text,52b35d09-ebeb-4764-9060-789bba52d457,hate_or_noHate_zs_opt_kriteria,train,"Berdasarkan kriteria hatespeech yang ada, apakah pesan yang disampaikan dalam teks berikut: Yang anti cina & mau ganyang cina tuh siapaaaa..??? kami cuma anti AHOK sang Penista Agama! #kampanyeAhokJahat #IklanAhokJahat #kampanyeSARA, dianggap sebagai hatespeech?
- iya
- tidak",iya
3522,id_hatespeech,id_hatespeech_nusantara_text,52b35d09-ebeb-4764-9060-789bba52d457,hate_or_noHate_zs_opt_kriteria,train,"Berdasarkan kriteria hatespeech yang ada, apakah pesan yang disampaikan dalam teks berikut: Udah bingung kalik mau pakai cara apa untuk kampanye. Sampai2 bikin fitnah yang kayak begituan. Depresi ya takut kalah? #IklanAhokJahat, dianggap sebagai hatespeech?
- iya
- tidak",iya
3523,id_hatespeech,id_hatespeech_nusantara_text,52b35d09-ebeb-4764-9060-789bba52d457,hate_or_noHate_zs_opt_kriteria,train,"Berdasarkan kriteria hatespeech yang ada, apakah pesan yang disampaikan dalam teks berikut: Tahukah Anda apa persamaan antara malin kundang dengan Ahok? mereka berdua sama-sam DURHAKA!!!!!!! #ASBAK #iklanahokjahat #kampanyeahokjahat, dianggap sebagai hatespeech?
- iya
- tidak",iya
3524,id_hatespeech,id_hatespeech_nusantara_text,52b35d09-ebeb-4764-9060-789bba52d457,hate_or_noHate_zs_opt_kriteria,train,"Berdasarkan kriteria hatespeech yang ada, apakah pesan yang disampaikan dalam teks berikut: HADUH KELAKUANMU HOK, SOK-SOKAN MENJAGA KEBERAGAMAN PADAHAL PROVOKATOR & RASIS!! #IklanAhokJahat, dianggap sebagai hatespeech?
- iya
- tidak",iya
3525,id_hatespeech,id_hatespeech_nusantara_text,52b35d09-ebeb-4764-9060-789bba52d457,hate_or_noHate_zs_opt_kriteria,train,"Berdasarkan kriteria hatespeech yang ada, apakah pesan yang disampaikan dalam teks berikut: RT @sarwandi_sr: #IklanAhokJahat bikin darah mendidih. bangsat penuh dengan propaganda. emang lo kira islam radikal ?Kalau kami mau, dianggap sebagai hatespeech?
- iya
- tidak",iya
3526,id_hatespeech,id_hatespeech_nusantara_text,52b35d09-ebeb-4764-9060-789bba52d457,hate_or_noHate_zs_opt_kriteria,train,"Berdasarkan kriteria hatespeech yang ada, apakah pesan yang disampaikan dalam teks berikut: Kapolda Babi! Biadap dan Bodoh! Gak punya otak kali., dianggap sebagai hatespeech?
- iya
- tidak",iya
3527,id_hatespeech,id_hatespeech_nusantara_text,52b35d09-ebeb-4764-9060-789bba52d457,hate_or_noHate_zs_opt_kriteria,train,"Berdasarkan kriteria hatespeech yang ada, apakah pesan yang disampaikan dalam teks berikut: Jangan2 lagi deh @basuki_btp hina islam, anda itu manusia hina dibandingkan agama yang mulia, anda bukan siapa2 & bukan apa2 #IklanAhokJahat, dianggap sebagai hatespeech?
- iya
- tidak",iya
3528,id_hatespeech,id_hatespeech_nusantara_text,52b35d09-ebeb-4764-9060-789bba52d457,hate_or_noHate_zs_opt_kriteria,train,"Berdasarkan kriteria hatespeech yang ada, apakah pesan yang disampaikan dalam teks berikut: AHOK KAFIR DAN BUDAK2NYA ATAU ANJING2 NYA HANYA SEBAGAI SAMPAH AGAMA ISLAM DAN SAMPAH MASYARAKAT, dianggap sebagai hatespeech?
- iya
- tidak",iya
3529,id_hatespeech,id_hatespeech_nusantara_text,52b35d09-ebeb-4764-9060-789bba52d457,hate_or_noHate_zs_opt_kriteria,train,"Berdasarkan kriteria hatespeech yang ada, apakah pesan yang disampaikan dalam teks berikut: umat agama islam dijakarta sangat haram dan sangat najis sekali dengan ahok kafir kristen..., dianggap sebagai hatespeech?
- iya
- tidak",iya
3530,id_hatespeech,id_hatespeech_nusantara_text,52b35d09-ebeb-4764-9060-789bba52d457,hate_or_noHate_zs_opt_kriteria,train,"Berdasarkan kriteria hatespeech yang ada, apakah pesan yang disampaikan dalam teks berikut: 19 april CNN kibarkan bendera kuning atas kematian ahok-djarot...., dianggap sebagai hatespeech?
- iya
- tidak",iya
3531,id_hatespeech,id_hatespeech_nusantara_text,52b35d09-ebeb-4764-9060-789bba52d457,hate_or_noHate_zs_opt_kriteria,train,"Berdasarkan kriteria hatespeech yang ada, apakah pesan yang disampaikan dalam teks berikut: itulah akibat ulah orang2 kafir nasrani persis seperti ahok kafir yg melarang jilbab kepada anak2 sekokah di jakarta...., dianggap sebagai hatespeech?
- iya
- tidak",iya
3532,id_hatespeech,id_hatespeech_nusantara_text,52b35d09-ebeb-4764-9060-789bba52d457,hate_or_noHate_zs_opt_kriteria,train,"Berdasarkan kriteria hatespeech yang ada, apakah pesan yang disampaikan dalam teks berikut: baswedan pantas jadi gubernur jakarta dan komisioner KPK..... ahok kafir pantasnya jadi germo di alexis...., dianggap sebagai hatespeech?
- iya
- tidak",iya
3533,id_hatespeech,id_hatespeech_nusantara_text,52b35d09-ebeb-4764-9060-789bba52d457,hate_or_noHate_zs_opt_kriteria,train,"Berdasarkan kriteria hatespeech yang ada, apakah pesan yang disampaikan dalam teks berikut: RT @yudijannis: #IklanAhokJahat bagaimana klo kita ganyang beneran hok?itu sih maunya elo ya hok,adu domba pribumi dengan tionghoa!!jangan, dianggap sebagai hatespeech?
- iya
- tidak",iya
3534,id_hatespeech,id_hatespeech_nusantara_text,52b35d09-ebeb-4764-9060-789bba52d457,hate_or_noHate_zs_opt_kriteria,train,"Berdasarkan kriteria hatespeech yang ada, apakah pesan yang disampaikan dalam teks berikut: masalahnya djarot tidak bisa memikirkan rakyat kecil pribumi bisanya hanya membabu kpd cina2 betul2 songong jongkok., dianggap sebagai hatespeech?
- iya
- tidak",iya
3535,id_hatespeech,id_hatespeech_nusantara_text,52b35d09-ebeb-4764-9060-789bba52d457,hate_or_noHate_zs_opt_kriteria,train,"Berdasarkan kriteria hatespeech yang ada, apakah pesan yang disampaikan dalam teks berikut: otak wc otak babi yg menerima ahok kafir & kamu, ahok kafir bkn sekedar menghina sdh anggap islam itu sampah, dianggap sebagai hatespeech?
- iya
- tidak",iya
3536,id_hatespeech,id_hatespeech_nusantara_text,52b35d09-ebeb-4764-9060-789bba52d457,hate_or_noHate_zs_opt_kriteria,train,"Berdasarkan kriteria hatespeech yang ada, apakah pesan yang disampaikan dalam teks berikut: DALAM PUTARAN DUA NANTI JIKA SAMPAI AHOK KAFIR CURANG UMAT ISLAM SUDAH KOMITMEN JAKARTA AKAN DIJADIKAN LAUTAN API, SUDAH TIDAK MIKIR HUKUM, dianggap sebagai hatespeech?
- iya
- tidak",iya
3537,id_hatespeech,id_hatespeech_nusantara_text,52b35d09-ebeb-4764-9060-789bba52d457,hate_or_noHate_zs_opt_kriteria,train,"Berdasarkan kriteria hatespeech yang ada, apakah pesan yang disampaikan dalam teks berikut: #IKLANAHOKJAHAT AHOK MENCIPTAKAN BARA API ANTARA RAKYAT PRIBUMI DENGAN TIONGHOA YG DIBALUT DENGAN PHOBIA.... AHOK KAFIR RASIS..., dianggap sebagai hatespeech?
- iya
- tidak",iya
3538,id_hatespeech,id_hatespeech_nusantara_text,52b35d09-ebeb-4764-9060-789bba52d457,hate_or_noHate_zs_opt_kriteria,train,"Berdasarkan kriteria hatespeech yang ada, apakah pesan yang disampaikan dalam teks berikut: jangan heran pemerintahan jokowi sekarang ini budaknya kulinya cina2 ahok kafir dan 9 naga..., dianggap sebagai hatespeech?
- iya
- tidak",iya
3539,id_hatespeech,id_hatespeech_nusantara_text,52b35d09-ebeb-4764-9060-789bba52d457,hate_or_noHate_zs_opt_kriteria,train,"Berdasarkan kriteria hatespeech yang ada, apakah pesan yang disampaikan dalam teks berikut: Ya itu namanya cawgub goblok gak ngerti peraturan debat....kelihatan bego dan liciknya itu sandiaga uno., dianggap sebagai hatespeech?
- iya
- tidak",iya
3540,id_hatespeech,id_hatespeech_nusantara_text,52b35d09-ebeb-4764-9060-789bba52d457,hate_or_noHate_zs_opt_kriteria,train,"Berdasarkan kriteria hatespeech yang ada, apakah pesan yang disampaikan dalam teks berikut: BODOH jika para pendukung ahok yg Muslim tidak tersinggung sama sekali ! Tapi bisa aja sih Qur'an d hina saja mrka diam #IklanAhokJahat, dianggap sebagai hatespeech?
- iya
- tidak",iya
3541,id_hatespeech,id_hatespeech_nusantara_text,52b35d09-ebeb-4764-9060-789bba52d457,hate_or_noHate_zs_opt_kriteria,train,"Berdasarkan kriteria hatespeech yang ada, apakah pesan yang disampaikan dalam teks berikut: Gubraaaaak!!!! Malu liatnya... Untung semalem debat ga kaya MATA NAJWA.. Coba kalo formatnya sama pasti Ringsek dah pasangan ASU..., dianggap sebagai hatespeech?
- iya
- tidak",iya
3542,id_hatespeech,id_hatespeech_nusantara_text,52b35d09-ebeb-4764-9060-789bba52d457,hate_or_noHate_zs_opt_kriteria,train,"Berdasarkan kriteria hatespeech yang ada, apakah pesan yang disampaikan dalam teks berikut: YG JELAS OTAK AHOK-DJAROT SUDAH SANGAT TUMPUL SANGAT LOYO DAN STRESS..... SUDAH JEBOL HARUS DICOPOT DAN DIGANTI....., dianggap sebagai hatespeech?
- iya
- tidak",iya
3543,id_hatespeech,id_hatespeech_nusantara_text,52b35d09-ebeb-4764-9060-789bba52d457,hate_or_noHate_zs_opt_kriteria,train,"Berdasarkan kriteria hatespeech yang ada, apakah pesan yang disampaikan dalam teks berikut: AHOK KAFIR BUKAN HANYA MALING TAPI JUGA GARONG, LAHAN LAUT MILIK NELAYAN DIRAMPOK & DIRAMPAS UNTUK REKLAMASI YG MENGUNTUNGKAN CINA2 KAFIR.., dianggap sebagai hatespeech?
- iya
- tidak",iya
3544,id_hatespeech,id_hatespeech_nusantara_text,52b35d09-ebeb-4764-9060-789bba52d457,hate_or_noHate_zs_opt_kriteria,train,"Berdasarkan kriteria hatespeech yang ada, apakah pesan yang disampaikan dalam teks berikut: Sumpah bego bgt sih kesel gue. Kenapa ada org yg vote makhluk kayak Sandiaga Uno coba. Oh agama, dianggap sebagai hatespeech?
- iya
- tidak",iya
3545,id_hatespeech,id_hatespeech_nusantara_text,52b35d09-ebeb-4764-9060-789bba52d457,hate_or_noHate_zs_opt_kriteria,train,"Berdasarkan kriteria hatespeech yang ada, apakah pesan yang disampaikan dalam teks berikut: responden2 yangg goblok2 belum faham & juga wartawan beritasatu juga goblok, nanti klo anies-sandy sudah memimpin sangat mudah, dianggap sebagai hatespeech?
- iya
- tidak",iya
3546,id_hatespeech,id_hatespeech_nusantara_text,52b35d09-ebeb-4764-9060-789bba52d457,hate_or_noHate_zs_opt_kriteria,train,"Berdasarkan kriteria hatespeech yang ada, apakah pesan yang disampaikan dalam teks berikut: FPI RENOVASI MASJID ITU SANGAT TEPAT, AHOK KAFIR KRISTEN NGAPAIN NGURUSI MASJID2 APA HUBUNGANNYA....., dianggap sebagai hatespeech?
- iya
- tidak",iya
3547,id_hatespeech,id_hatespeech_nusantara_text,52b35d09-ebeb-4764-9060-789bba52d457,hate_or_noHate_zs_opt_kriteria,train,"Berdasarkan kriteria hatespeech yang ada, apakah pesan yang disampaikan dalam teks berikut: MENGAPA ahoker KRISTEN & MUNAFIK tidak berhenti mengolok2 GEREJA stiap hari? Apakah mereka memang dibriefing ahok untuk menghina si BUMI DATAR?, dianggap sebagai hatespeech?
- iya
- tidak",iya
3548,id_hatespeech,id_hatespeech_nusantara_text,52b35d09-ebeb-4764-9060-789bba52d457,hate_or_noHate_zs_opt_kriteria,train,"Berdasarkan kriteria hatespeech yang ada, apakah pesan yang disampaikan dalam teks berikut: uma surveynya si Botak yg menangkan Ahok. Karena apa? Karena dia Cina Kristen. Bukti kalo si Botak dukung sesama Cina Kristen, dianggap sebagai hatespeech?
- iya
- tidak",iya
3549,id_hatespeech,id_hatespeech_nusantara_text,52b35d09-ebeb-4764-9060-789bba52d457,hate_or_noHate_zs_opt_kriteria,train,"Berdasarkan kriteria hatespeech yang ada, apakah pesan yang disampaikan dalam teks berikut: AHOK PEMECAH BELAH UMMAT, AJARAN KRISTEN KONYOL, demi meraup suara muslim, JELAS AHOK INI RASIS, PKI TULEN, dianggap sebagai hatespeech?
- iya
- tidak",iya
3550,id_hatespeech,id_hatespeech_nusantara_text,52b35d09-ebeb-4764-9060-789bba52d457,hate_or_noHate_zs_opt_kriteria,train,"Berdasarkan kriteria hatespeech yang ada, apakah pesan yang disampaikan dalam teks berikut: Woy @aagym lu udah nonton yang ini? Fitnah? Pale lu peyang gym. https://t.co/U3QhuJpwg, dianggap sebagai hatespeech?
- iya
- tidak",iya
3551,id_hatespeech,id_hatespeech_nusantara_text,52b35d09-ebeb-4764-9060-789bba52d457,hate_or_noHate_zs_opt_kriteria,train,"Berdasarkan kriteria hatespeech yang ada, apakah pesan yang disampaikan dalam teks berikut: Ahok :memilih pemimpin Berdasarkan agama melanggar konstitusi. Sebaiknya BABI INI DI BUNGKUS aja, CONGORNYAPECAH BELAH UMAT BERAGAMA., dianggap sebagai hatespeech?
- iya
- tidak",iya
3552,id_hatespeech,id_hatespeech_nusantara_text,52b35d09-ebeb-4764-9060-789bba52d457,hate_or_noHate_zs_opt_kriteria,train,"Berdasarkan kriteria hatespeech yang ada, apakah pesan yang disampaikan dalam teks berikut: Saya pribumi, Kristen dan mendukung Ahok. Tapi saya paling anti dengan manusia2 bodoh dan goblok seperti Steven Hadisurya Sulistyo., dianggap sebagai hatespeech?
- iya
- tidak",iya
3553,id_hatespeech,id_hatespeech_nusantara_text,52b35d09-ebeb-4764-9060-789bba52d457,hate_or_noHate_zs_opt_kriteria,train,"Berdasarkan kriteria hatespeech yang ada, apakah pesan yang disampaikan dalam teks berikut: Maksudnya terbukti KORUPSI dan PENISTAAN agama nya ya om, Bangsat lo, TAIK LO, maaf gw pake Bahasa Babi Ahok., dianggap sebagai hatespeech?
- iya
- tidak",iya
3554,id_hatespeech,id_hatespeech_nusantara_text,52b35d09-ebeb-4764-9060-789bba52d457,hate_or_noHate_zs_opt_kriteria,train,"Berdasarkan kriteria hatespeech yang ada, apakah pesan yang disampaikan dalam teks berikut: Ehh TAIK, Bangsat lo, Omongan elo kayak IwAn bopeng, yg MO potong leher TNI, Bangsat lo IwAn bopeng, baek2in TNI. TAIK LO,, dianggap sebagai hatespeech?
- iya
- tidak",iya
3555,id_hatespeech,id_hatespeech_nusantara_text,52b35d09-ebeb-4764-9060-789bba52d457,hate_or_noHate_zs_opt_kriteria,train,"Berdasarkan kriteria hatespeech yang ada, apakah pesan yang disampaikan dalam teks berikut: Ehh anak anjing Ahok, Kelan itu blon siuman, mending emut2 bool basuki lagi aja sana, kasih tau sama Babi yg lain, bool basuki wangi gitu, dianggap sebagai hatespeech?
- iya
- tidak",iya
3556,id_hatespeech,id_hatespeech_nusantara_text,52b35d09-ebeb-4764-9060-789bba52d457,hate_or_noHate_zs_opt_kriteria,train,"Berdasarkan kriteria hatespeech yang ada, apakah pesan yang disampaikan dalam teks berikut: CWE CAKEP TP BEGO.PANTES GK LAKU.SI AHOK CINA BAU TAI.MAKAN BUBUR ENCER.AHOK FAHAM KOMUNIS.MENISTA ISLAM & KRISTEN, dianggap sebagai hatespeech?
- iya
- tidak",iya
3557,id_hatespeech,id_hatespeech_nusantara_text,52b35d09-ebeb-4764-9060-789bba52d457,hate_or_noHate_zs_opt_kriteria,train,"Berdasarkan kriteria hatespeech yang ada, apakah pesan yang disampaikan dalam teks berikut: Dan ajeng pasti paham si Babi Ahok klo bicara santun, BANGSAT, TAIK, ANJING, SETAN LO, dngn intonasi yg familiar tuntuna, dianggap sebagai hatespeech?
- iya
- tidak",iya
3558,id_hatespeech,id_hatespeech_nusantara_text,52b35d09-ebeb-4764-9060-789bba52d457,hate_or_noHate_zs_opt_kriteria,train,"Berdasarkan kriteria hatespeech yang ada, apakah pesan yang disampaikan dalam teks berikut: Itu dia, BUNUH AJA YG DIDEPAN MATA, DIA MAFIA KORUPTOR NYA, PENISTA AGAMA PULA, PANGGILAN POPULAR NYA BABI AHOK, dianggap sebagai hatespeech?
- iya
- tidak",iya
3559,id_hatespeech,id_hatespeech_nusantara_text,52b35d09-ebeb-4764-9060-789bba52d457,hate_or_noHate_zs_opt_kriteria,train,"Berdasarkan kriteria hatespeech yang ada, apakah pesan yang disampaikan dalam teks berikut: Gimana dgn Sumber waras.. Trans Jakarta ko jokowi diem ajah.... Harusnya si kutil babi ahok di ganyang, dianggap sebagai hatespeech?
- iya
- tidak",iya
3560,id_hatespeech,id_hatespeech_nusantara_text,52b35d09-ebeb-4764-9060-789bba52d457,hate_or_noHate_zs_opt_kriteria,train,"Berdasarkan kriteria hatespeech yang ada, apakah pesan yang disampaikan dalam teks berikut: Muka Si BABi Ahok Tuh Yg Mirip SERBET Lantai....@basuki_btp..., dianggap sebagai hatespeech?
- iya
- tidak",iya
3561,id_hatespeech,id_hatespeech_nusantara_text,52b35d09-ebeb-4764-9060-789bba52d457,hate_or_noHate_zs_opt_kriteria,train,"Berdasarkan kriteria hatespeech yang ada, apakah pesan yang disampaikan dalam teks berikut: Betul bang hancurkan merka bang, musnahkan china babi dibumi pertiwi indonesia, berkedok reklamasi itu ahok, dianggap sebagai hatespeech?
- iya
- tidak",iya
3562,id_hatespeech,id_hatespeech_nusantara_text,52b35d09-ebeb-4764-9060-789bba52d457,hate_or_noHate_zs_opt_kriteria,train,"Berdasarkan kriteria hatespeech yang ada, apakah pesan yang disampaikan dalam teks berikut: Sapa Yg bilang Ahok anti korupsi!?, klo grombolannyA NGOMONG gtu wajar, AHOK ITU MAFIA KORUPTOR SANG PENISTA AGAMA YG DILINDUNGI ISTANA PKI, dianggap sebagai hatespeech?
- iya
- tidak",iya
3563,id_hatespeech,id_hatespeech_nusantara_text,52b35d09-ebeb-4764-9060-789bba52d457,hate_or_noHate_zs_opt_kriteria,train,"Berdasarkan kriteria hatespeech yang ada, apakah pesan yang disampaikan dalam teks berikut: Gw juga ngimpi SENTILIN BIJI BABI AHOK, pcetar Pcetar, langsung kejang2 die, ngadu ke Jkw, Jkw: makanye sunat dulu, bru NGOMONG Almaidah., dianggap sebagai hatespeech?
- iya
- tidak",iya
3564,id_hatespeech,id_hatespeech_nusantara_text,52b35d09-ebeb-4764-9060-789bba52d457,hate_or_noHate_zs_opt_kriteria,train,"Berdasarkan kriteria hatespeech yang ada, apakah pesan yang disampaikan dalam teks berikut: Mudah2an gw ketemu sama SI BABI IWAN BOPENG DI TPS nya anjing Ahok, dianggap sebagai hatespeech?
- iya
- tidak",iya
3565,id_hatespeech,id_hatespeech_nusantara_text,585194c2-9f25-4f75-a136-37600940fdba,hate_or_noHate_zs_noopt_kategori,train,"Menurutmu, apakah teks berikut: RT @spardaxyz: Fadli Zon Minta Mendagri Segera Menonaktifkan Ahok Jadi Gubernur DKI https:\/\/t.co\/KH5vIRwPdO, termasuk dalam kategori ujaran kebencian atau tidak?",tidak
3566,id_hatespeech,id_hatespeech_nusantara_text,585194c2-9f25-4f75-a136-37600940fdba,hate_or_noHate_zs_noopt_kategori,train,"Menurutmu, apakah teks berikut: RT @baguscondromowo: Mereka terus melukai aksi dalam rangka memenjarakan Ahok atau Ahok gagal dalam Pilkada., termasuk dalam kategori ujaran kebencian atau tidak?",tidak
3567,id_hatespeech,id_hatespeech_nusantara_text,585194c2-9f25-4f75-a136-37600940fdba,hate_or_noHate_zs_noopt_kategori,train,"Menurutmu, apakah teks berikut: Sylvi: bagaimana gurbernur melakukan kekerasan perempuan? Buktinya banyak ibu2 mau foto bareng #DebatFinalPilkadaJKT, termasuk dalam kategori ujaran kebencian atau tidak?",tidak
3568,id_hatespeech,id_hatespeech_nusantara_text,585194c2-9f25-4f75-a136-37600940fdba,hate_or_noHate_zs_noopt_kategori,train,"Menurutmu, apakah teks berikut: Ahmad Dhani Tak Puas Debat Pilkada, Masalah Jalan di Bekasi Belum Sempat Terungkap https:\/\/t.co\/m3HopPLUID\u2026, termasuk dalam kategori ujaran kebencian atau tidak?",tidak
3569,id_hatespeech,id_hatespeech_nusantara_text,585194c2-9f25-4f75-a136-37600940fdba,hate_or_noHate_zs_noopt_kategori,train,"Menurutmu, apakah teks berikut: RT @lisdaulay28: Waspada KTP palsu.....kawal PILKADA https:\/\/t.co\/OOoERQV4SM, termasuk dalam kategori ujaran kebencian atau tidak?",tidak
3570,id_hatespeech,id_hatespeech_nusantara_text,585194c2-9f25-4f75-a136-37600940fdba,hate_or_noHate_zs_noopt_kategori,train,"Menurutmu, apakah teks berikut: @felixsiauw masih bnyak hal agamis yg bisa dibahas, kenapa ke pilkada terus, apa tingkat keimanan anda cuma sebatas pilkada????, termasuk dalam kategori ujaran kebencian atau tidak?",tidak
3571,id_hatespeech,id_hatespeech_nusantara_text,585194c2-9f25-4f75-a136-37600940fdba,hate_or_noHate_zs_noopt_kategori,train,"Menurutmu, apakah teks berikut: @saidaqil apa maksud pernyataan. Anda? Apa anda mengaminkan kriminalisasi Ahok?? Hati2 jg dg mulutmu pak! https:\/\/t.co\/H4ODVaY0Md, termasuk dalam kategori ujaran kebencian atau tidak?",tidak
3572,id_hatespeech,id_hatespeech_nusantara_text,585194c2-9f25-4f75-a136-37600940fdba,hate_or_noHate_zs_noopt_kategori,train,"Menurutmu, apakah teks berikut: Ahok Akan Integrasikan Transportasi Publik dengan Sistem Single Ticketing\u2026 https:\/\/t.co\/42PH7pqV0b #infoTribun, termasuk dalam kategori ujaran kebencian atau tidak?",tidak
3573,id_hatespeech,id_hatespeech_nusantara_text,585194c2-9f25-4f75-a136-37600940fdba,hate_or_noHate_zs_noopt_kategori,train,"Menurutmu, apakah teks berikut: Ahok mampu melawan korupsi di ibukota, bangun infrastruktur, mencoba memperbaiki dengan berbagai trobosan dan works well., termasuk dalam kategori ujaran kebencian atau tidak?",tidak
3574,id_hatespeech,id_hatespeech_nusantara_text,585194c2-9f25-4f75-a136-37600940fdba,hate_or_noHate_zs_noopt_kategori,train,"Menurutmu, apakah teks berikut: Awasi Kecurangan Pilkada, Agus - Sylvi Pakai Aplikasi Ini https:\/\/t.co\/xWZW4nUFIU, termasuk dalam kategori ujaran kebencian atau tidak?",tidak
3575,id_hatespeech,id_hatespeech_nusantara_text,585194c2-9f25-4f75-a136-37600940fdba,hate_or_noHate_zs_noopt_kategori,train,"Menurutmu, apakah teks berikut: Bisa gak kita seperti Jokowi dan Ahok? Aku kalem, kamu tegas saling melengkapi. :'), termasuk dalam kategori ujaran kebencian atau tidak?",tidak
3576,id_hatespeech,id_hatespeech_nusantara_text,585194c2-9f25-4f75-a136-37600940fdba,hate_or_noHate_zs_noopt_kategori,train,"Menurutmu, apakah teks berikut: Bos mau makan di istana ga, Di undang noh makan di istana Gebang tapinya https:\/\/t.co\/ns6cUYCpUj, termasuk dalam kategori ujaran kebencian atau tidak?",tidak
3577,id_hatespeech,id_hatespeech_nusantara_text,585194c2-9f25-4f75-a136-37600940fdba,hate_or_noHate_zs_noopt_kategori,train,"Menurutmu, apakah teks berikut: Cuti Habis Ahok Jadi Gubernur DKI Lagi? Pengamat: Jangan Mengada-ada | Republika Online https:\/\/t.co\/T3kzvq9E4e, termasuk dalam kategori ujaran kebencian atau tidak?",tidak
3578,id_hatespeech,id_hatespeech_nusantara_text,585194c2-9f25-4f75-a136-37600940fdba,hate_or_noHate_zs_noopt_kategori,train,"Menurutmu, apakah teks berikut: Debat terakhir Pilkada DKI Jakarta digelar Jumat malam. https:\/\/t.co\/e9ixz6Jllr, termasuk dalam kategori ujaran kebencian atau tidak?",tidak
3579,id_hatespeech,id_hatespeech_nusantara_text,585194c2-9f25-4f75-a136-37600940fdba,hate_or_noHate_zs_noopt_kategori,train,"Menurutmu, apakah teks berikut: Demonstran FPD Malteng Desak Bawaslu Hentikan Sementara Tahapan Pilkada Maluku Tengah, termasuk dalam kategori ujaran kebencian atau tidak?",tidak
3580,id_hatespeech,id_hatespeech_nusantara_text,585194c2-9f25-4f75-a136-37600940fdba,hate_or_noHate_zs_noopt_kategori,train,"Menurutmu, apakah teks berikut: Dulu Didesak Berhentikan Ahok Ngeles Usai Masa Cuti Pilkada, Sekarang Kampanye Mau Habis Kemendagri Ragu-ragu https:\/\/t.co\/92ss4trDcX, termasuk dalam kategori ujaran kebencian atau tidak?",tidak
3581,id_hatespeech,id_hatespeech_nusantara_text,585194c2-9f25-4f75-a136-37600940fdba,hate_or_noHate_zs_noopt_kategori,train,"Menurutmu, apakah teks berikut: Gila gara2 pilkada, beberapa tokoh menampakkan watak aslinya., termasuk dalam kategori ujaran kebencian atau tidak?",tidak
3582,id_hatespeech,id_hatespeech_nusantara_text,585194c2-9f25-4f75-a136-37600940fdba,hate_or_noHate_zs_noopt_kategori,train,"Menurutmu, apakah teks berikut: Gontor Izinkan Santrinya Pulang Kampung Nyoblos Pilkada DKI | Republika Online https:\/\/t.co\/JhNOT8ecNz, termasuk dalam kategori ujaran kebencian atau tidak?",tidak
3583,id_hatespeech,id_hatespeech_nusantara_text,585194c2-9f25-4f75-a136-37600940fdba,hate_or_noHate_zs_noopt_kategori,train,"Menurutmu, apakah teks berikut: Gubernur non-aktif DKI Jakarta, Basuki Tjahaja Purnama atau Ahok, berencana merombak struktur jabatan pegawai... https:\/\/t.co\/cdKEZxF9xO, termasuk dalam kategori ujaran kebencian atau tidak?",tidak
3584,id_hatespeech,id_hatespeech_nusantara_text,585194c2-9f25-4f75-a136-37600940fdba,hate_or_noHate_zs_noopt_kategori,train,"Menurutmu, apakah teks berikut: HEBAT .. !!! Imam Besar Masjid Istiqlal : Kalimat Ahok 100% Tidak Ada Penistaan AGAMA .. !! SEBARKAN, termasuk dalam kategori ujaran kebencian atau tidak?",tidak
3585,id_hatespeech,id_hatespeech_nusantara_text,585194c2-9f25-4f75-a136-37600940fdba,hate_or_noHate_zs_noopt_kategori,train,"Menurutmu, apakah teks berikut: Ibu2 aja, kalo beli telor pake milih2 sblm ditimbang. Pdh telor kan mirip2. Ibu2 itu tahu, telor ada yg busuk, termasuk dalam kategori ujaran kebencian atau tidak?",tidak
3586,id_hatespeech,id_hatespeech_nusantara_text,585194c2-9f25-4f75-a136-37600940fdba,hate_or_noHate_zs_noopt_kategori,train,"Menurutmu, apakah teks berikut: Ini Jawaban Ahok Saat Ditanya Terkait Persiapan Debat Pilgub Terakhir Besok https:\/\/t.co\/S6rlsAR7Y9, termasuk dalam kategori ujaran kebencian atau tidak?",tidak
3587,id_hatespeech,id_hatespeech_nusantara_text,585194c2-9f25-4f75-a136-37600940fdba,hate_or_noHate_zs_noopt_kategori,train,"Menurutmu, apakah teks berikut: Ini Pesan Ahok di Hari Pers Nasional #KitaPastiPernah https:\/\/t.co\/h0L6mrjM3R, termasuk dalam kategori ujaran kebencian atau tidak?",tidak
3588,id_hatespeech,id_hatespeech_nusantara_text,585194c2-9f25-4f75-a136-37600940fdba,hate_or_noHate_zs_noopt_kategori,train,"Menurutmu, apakah teks berikut: Istighotsah Bersama Ahok Catut Logo NU https:\/\/t.co\/U2rPY3C25R, termasuk dalam kategori ujaran kebencian atau tidak?",tidak
3589,id_hatespeech,id_hatespeech_nusantara_text,585194c2-9f25-4f75-a136-37600940fdba,hate_or_noHate_zs_noopt_kategori,train,"Menurutmu, apakah teks berikut: Itu yang ngomong jangan pilih Ahok Djarot pernah ngerasain banjir ga sih? :(, termasuk dalam kategori ujaran kebencian atau tidak?",tidak
3590,id_hatespeech,id_hatespeech_nusantara_text,585194c2-9f25-4f75-a136-37600940fdba,hate_or_noHate_zs_noopt_kategori,train,"Menurutmu, apakah teks berikut: Iya aja deh dripada hoax..., termasuk dalam kategori ujaran kebencian atau tidak?",tidak
3591,id_hatespeech,id_hatespeech_nusantara_text,585194c2-9f25-4f75-a136-37600940fdba,hate_or_noHate_zs_noopt_kategori,train,"Menurutmu, apakah teks berikut: Jadi teringat para pelacur.belia yg dijual orang tuanya.sendiri di pantura.demi sesuap nasi https:\/\/t.co\/X5DdR7m693, termasuk dalam kategori ujaran kebencian atau tidak?",tidak
3592,id_hatespeech,id_hatespeech_nusantara_text,585194c2-9f25-4f75-a136-37600940fdba,hate_or_noHate_zs_noopt_kategori,train,"Menurutmu, apakah teks berikut: jadi yg nyebar hoax ketahuan dong ada akun twitter nya lho, termasuk dalam kategori ujaran kebencian atau tidak?",tidak
3593,id_hatespeech,id_hatespeech_nusantara_text,585194c2-9f25-4f75-a136-37600940fdba,hate_or_noHate_zs_noopt_kategori,train,"Menurutmu, apakah teks berikut: Mpok @sylviana_murni-nya tolong Mas @AgusYudhoyono, termasuk dalam kategori ujaran kebencian atau tidak?",tidak
3594,id_hatespeech,id_hatespeech_nusantara_text,585194c2-9f25-4f75-a136-37600940fdba,hate_or_noHate_zs_noopt_kategori,train,"Menurutmu, apakah teks berikut: Ke Bidara beli mangga. Pulang nye liwat Slipi. Jangan lupa ingetin tetangga. Untuk milih Agus sylvi. #7HariLagiMilihAHY #AgusBersamaUlama, termasuk dalam kategori ujaran kebencian atau tidak?",tidak
3595,id_hatespeech,id_hatespeech_nusantara_text,585194c2-9f25-4f75-a136-37600940fdba,hate_or_noHate_zs_noopt_kategori,train,"Menurutmu, apakah teks berikut: Serius tapi ada selipan hiburannya \ud83d\ude06\ud83d\ude06\ud83d\ude06 #pilkadadki2017 #DebatFinalPilkadaJKT, termasuk dalam kategori ujaran kebencian atau tidak?",tidak
3596,id_hatespeech,id_hatespeech_nusantara_text,585194c2-9f25-4f75-a136-37600940fdba,hate_or_noHate_zs_noopt_kategori,train,"Menurutmu, apakah teks berikut: Sylvie sukses blunder bikin paslon 1 drop elektabilitasnya dengan fitnah dan spin salah pilih kader #DebatFinalPilkadaJKT, termasuk dalam kategori ujaran kebencian atau tidak?",tidak
3597,id_hatespeech,id_hatespeech_nusantara_text,585194c2-9f25-4f75-a136-37600940fdba,hate_or_noHate_zs_noopt_kategori,train,"Menurutmu, apakah teks berikut: Ahok: mari berlomba program #DebatFinalPilkadaJKT, termasuk dalam kategori ujaran kebencian atau tidak?",tidak
3598,id_hatespeech,id_hatespeech_nusantara_text,585194c2-9f25-4f75-a136-37600940fdba,hate_or_noHate_zs_noopt_kategori,train,"Menurutmu, apakah teks berikut: #DebatFinalPilkadaJKT aduh... Kecewa pertanyaan paslon 1...., termasuk dalam kategori ujaran kebencian atau tidak?",tidak
3599,id_hatespeech,id_hatespeech_nusantara_text,585194c2-9f25-4f75-a136-37600940fdba,hate_or_noHate_zs_noopt_kategori,train,"Menurutmu, apakah teks berikut: RT @agusdansylvi: #DebatFinalPilkadaJKT Saya pilih nomor 1. Sektor informal akan dimajukan mas Agus dan Mpok Sylvi., termasuk dalam kategori ujaran kebencian atau tidak?",tidak
3600,id_hatespeech,id_hatespeech_nusantara_text,585194c2-9f25-4f75-a136-37600940fdba,hate_or_noHate_zs_noopt_kategori,train,"Menurutmu, apakah teks berikut: RT @JTmor: Ahok pilihan terbaik untuk Jakarta, termasuk dalam kategori ujaran kebencian atau tidak?",tidak
3601,id_hatespeech,id_hatespeech_nusantara_text,585194c2-9f25-4f75-a136-37600940fdba,hate_or_noHate_zs_noopt_kategori,train,"Menurutmu, apakah teks berikut: RT @augustfrankto: #DebatFinalPilkadaJKT Bu Silvy curhat karena pernah dimarahi sama Pak Ahok...hehe.., termasuk dalam kategori ujaran kebencian atau tidak?",tidak
3602,id_hatespeech,id_hatespeech_nusantara_text,585194c2-9f25-4f75-a136-37600940fdba,hate_or_noHate_zs_noopt_kategori,train,"Menurutmu, apakah teks berikut: Mantap pak AHOK #DebatFinalPilkadaJKT, termasuk dalam kategori ujaran kebencian atau tidak?",tidak
3603,id_hatespeech,id_hatespeech_nusantara_text,585194c2-9f25-4f75-a136-37600940fdba,hate_or_noHate_zs_noopt_kategori,train,"Menurutmu, apakah teks berikut: Ahok gagah kaya gatot kaca! #DebatFinalPilkadaJKT, termasuk dalam kategori ujaran kebencian atau tidak?",tidak
3604,id_hatespeech,id_hatespeech_nusantara_text,585194c2-9f25-4f75-a136-37600940fdba,hate_or_noHate_zs_noopt_kategori,train,"Menurutmu, apakah teks berikut: Telaaaakkk nomer satuuuu. Nghahahaha #DebatFinalPilkadaJKT, termasuk dalam kategori ujaran kebencian atau tidak?",tidak
3605,id_hatespeech,id_hatespeech_nusantara_text,585194c2-9f25-4f75-a136-37600940fdba,hate_or_noHate_zs_noopt_kategori,train,"Menurutmu, apakah teks berikut: Lomba adu program #DebatFinalPilkadaJKT #SkakSilvi, termasuk dalam kategori ujaran kebencian atau tidak?",tidak
3606,id_hatespeech,id_hatespeech_nusantara_text,585194c2-9f25-4f75-a136-37600940fdba,hate_or_noHate_zs_noopt_kategori,train,"Menurutmu, apakah teks berikut: #DebatFinalPilkadaJKT Denger banyak program dan janji dan sering tau pas jadi ga dijalankan rasanya males aja sih., termasuk dalam kategori ujaran kebencian atau tidak?",tidak
3607,id_hatespeech,id_hatespeech_nusantara_text,585194c2-9f25-4f75-a136-37600940fdba,hate_or_noHate_zs_noopt_kategori,train,"Menurutmu, apakah teks berikut: DEBAT CAGUB DKI ke 3 - 10 Februari 2017 - Segmen 3 Mantap Ahok SKAK Sylviana Murni\n\n#DebatFinalPilkadaJKT, termasuk dalam kategori ujaran kebencian atau tidak?",tidak
3608,id_hatespeech,id_hatespeech_nusantara_text,585194c2-9f25-4f75-a136-37600940fdba,hate_or_noHate_zs_noopt_kategori,train,"Menurutmu, apakah teks berikut: Pertanyaan Ibu Silvy rada maksa.. #DebatFinalPilkadaJKT, termasuk dalam kategori ujaran kebencian atau tidak?",tidak
3609,id_hatespeech,id_hatespeech_nusantara_text,585194c2-9f25-4f75-a136-37600940fdba,hate_or_noHate_zs_noopt_kategori,train,"Menurutmu, apakah teks berikut: Tanggal 15, pas pilkada nanti sy gak akan milih siapa-siapa ah!, termasuk dalam kategori ujaran kebencian atau tidak?",tidak
3610,id_hatespeech,id_hatespeech_nusantara_text,585194c2-9f25-4f75-a136-37600940fdba,hate_or_noHate_zs_noopt_kategori,train,"Menurutmu, apakah teks berikut: Saya pribadi bakal prefer kok muslim dengan kapabilitas, tetapi lihat kondisinya Ahok menjadi pilihan plg realistis buat kemajuan DKI, termasuk dalam kategori ujaran kebencian atau tidak?",tidak
3611,id_hatespeech,id_hatespeech_nusantara_text,585194c2-9f25-4f75-a136-37600940fdba,hate_or_noHate_zs_noopt_kategori,train,"Menurutmu, apakah teks berikut: Yang mendukung Mas Anies bukan berarti anti Pak Ahok, begitu Pula sebaliknya, termasuk dalam kategori ujaran kebencian atau tidak?",tidak
3612,id_hatespeech,id_hatespeech_nusantara_text,585194c2-9f25-4f75-a136-37600940fdba,hate_or_noHate_zs_noopt_kategori,train,"Menurutmu, apakah teks berikut: Spanduk Tolak Salatkan Pembela Penista Agama juga Muncul di Kalibata https:\/\/t.co\/Sr1PbYtigN, termasuk dalam kategori ujaran kebencian atau tidak?",tidak
3613,id_hatespeech,id_hatespeech_nusantara_text,585194c2-9f25-4f75-a136-37600940fdba,hate_or_noHate_zs_noopt_kategori,train,"Menurutmu, apakah teks berikut: #DebatFinalPilkadaJKT Telak banget anjir ngakak!, termasuk dalam kategori ujaran kebencian atau tidak?",tidak
3614,id_hatespeech,id_hatespeech_nusantara_text,585194c2-9f25-4f75-a136-37600940fdba,hate_or_noHate_zs_noopt_kategori,train,"Menurutmu, apakah teks berikut: Ayo berlomba program jangan fitnah2 #DebatFinalPilkadaJKT, termasuk dalam kategori ujaran kebencian atau tidak?",tidak
3615,id_hatespeech,id_hatespeech_nusantara_text,585194c2-9f25-4f75-a136-37600940fdba,hate_or_noHate_zs_noopt_kategori,train,"Menurutmu, apakah teks berikut: RT @deelestari: Akhirnya nggak ngantuk lagi! Yeay! #DebatFinalPilkadaJKT, termasuk dalam kategori ujaran kebencian atau tidak?",tidak
3616,id_hatespeech,id_hatespeech_nusantara_text,585194c2-9f25-4f75-a136-37600940fdba,hate_or_noHate_zs_noopt_kategori,train,"Menurutmu, apakah teks berikut: Duh dibilang ga punya program paslon 1... kesian kesian kesian ... #debatfinalpilkadajkt, termasuk dalam kategori ujaran kebencian atau tidak?",tidak
3617,id_hatespeech,id_hatespeech_nusantara_text,585194c2-9f25-4f75-a136-37600940fdba,hate_or_noHate_zs_noopt_kategori,train,"Menurutmu, apakah teks berikut: Tuntut Keadilan Bagi Penista Agama, Puluhan Jawara Betawi Ikuti Aksi 212 Jilid II https:\/\/t.co\/HWVuoZyYov, termasuk dalam kategori ujaran kebencian atau tidak?",tidak
3618,id_hatespeech,id_hatespeech_nusantara_text,585194c2-9f25-4f75-a136-37600940fdba,hate_or_noHate_zs_noopt_kategori,train,"Menurutmu, apakah teks berikut: Keras nih ahok #DebatFinalPilkadaJKT, termasuk dalam kategori ujaran kebencian atau tidak?",tidak
3619,id_hatespeech,id_hatespeech_nusantara_text,585194c2-9f25-4f75-a136-37600940fdba,hate_or_noHate_zs_noopt_kategori,train,"Menurutmu, apakah teks berikut: Paslon 3 Anies Sandiaga Uno 15 Feb 2017 Utk Jakarta Indonesia Raya OK OCE, termasuk dalam kategori ujaran kebencian atau tidak?",tidak
3620,id_hatespeech,id_hatespeech_nusantara_text,585194c2-9f25-4f75-a136-37600940fdba,hate_or_noHate_zs_noopt_kategori,train,"Menurutmu, apakah teks berikut: Sesuai namanya: RONDE FINAL\n\n#DebatFinalPilkadaJKT, termasuk dalam kategori ujaran kebencian atau tidak?",tidak
3621,id_hatespeech,id_hatespeech_nusantara_text,585194c2-9f25-4f75-a136-37600940fdba,hate_or_noHate_zs_noopt_kategori,train,"Menurutmu, apakah teks berikut: Mendagri Tambah Pusing, Ketika MA Emoh Keluarkan Fatwa Status Gubernur Penista Agama https:\/\/t.co\/J34aMQiMNi, termasuk dalam kategori ujaran kebencian atau tidak?",tidak
3622,id_hatespeech,id_hatespeech_nusantara_text,585194c2-9f25-4f75-a136-37600940fdba,hate_or_noHate_zs_noopt_kategori,train,"Menurutmu, apakah teks berikut: Tolong adu program, termasuk dalam kategori ujaran kebencian atau tidak?",tidak
3623,id_hatespeech,id_hatespeech_nusantara_text,585194c2-9f25-4f75-a136-37600940fdba,hate_or_noHate_zs_noopt_kategori,train,"Menurutmu, apakah teks berikut: Genderang perang makin kencang #DebatFinalPilkadaJKT, termasuk dalam kategori ujaran kebencian atau tidak?",tidak
3624,id_hatespeech,id_hatespeech_nusantara_text,585194c2-9f25-4f75-a136-37600940fdba,hate_or_noHate_zs_noopt_kategori,train,"Menurutmu, apakah teks berikut: Mpok sylvi udah mulai emosi \ud83d\ude02\n #DebatFinalPilkadaJKT, termasuk dalam kategori ujaran kebencian atau tidak?",tidak
3625,id_hatespeech,id_hatespeech_nusantara_text,585194c2-9f25-4f75-a136-37600940fdba,hate_or_noHate_zs_noopt_kategori,train,"Menurutmu, apakah teks berikut: Some people gabisa bedain kasar sama tegas. #DebatFinalPilkadaJKT, termasuk dalam kategori ujaran kebencian atau tidak?",tidak
3626,id_hatespeech,id_hatespeech_nusantara_text,585194c2-9f25-4f75-a136-37600940fdba,hate_or_noHate_zs_noopt_kategori,train,"Menurutmu, apakah teks berikut: Beliau para pemimpin hebat Indonesia! Kita bangga https:\/\/t.co\/NAWbps9Xpt https:\/\/t.co\/5cC2U9AIEv, termasuk dalam kategori ujaran kebencian atau tidak?",tidak
3627,id_hatespeech,id_hatespeech_nusantara_text,585194c2-9f25-4f75-a136-37600940fdba,hate_or_noHate_zs_noopt_kategori,train,"Menurutmu, apakah teks berikut: @InformasiDKI mungkin bu silvy jg pengen foto sama pak ahok hihihi #DebatFinalPilkadaJKT, termasuk dalam kategori ujaran kebencian atau tidak?",tidak
3628,id_hatespeech,id_hatespeech_nusantara_text,585194c2-9f25-4f75-a136-37600940fdba,hate_or_noHate_zs_noopt_kategori,train,"Menurutmu, apakah teks berikut: #DebatFinalPilkadaJKT Mulai saling serang deh, termasuk dalam kategori ujaran kebencian atau tidak?",tidak
3629,id_hatespeech,id_hatespeech_nusantara_text,585194c2-9f25-4f75-a136-37600940fdba,hate_or_noHate_zs_noopt_kategori,train,"Menurutmu, apakah teks berikut: RT @InaKinoy: baca ini dulu lah biar mendinginkan suasana #DebatFinalPilkadaJKT https:\/\/t.co\/Em9GCKc4qe, termasuk dalam kategori ujaran kebencian atau tidak?",tidak
3630,id_hatespeech,id_hatespeech_nusantara_text,585194c2-9f25-4f75-a136-37600940fdba,hate_or_noHate_zs_noopt_kategori,train,"Menurutmu, apakah teks berikut: ayo berlomba program jgn pitnah doank.. #DebatFinalPilkadaJKT #BadjaPastimenang, termasuk dalam kategori ujaran kebencian atau tidak?",tidak
3631,id_hatespeech,id_hatespeech_nusantara_text,585194c2-9f25-4f75-a136-37600940fdba,hate_or_noHate_zs_noopt_kategori,train,"Menurutmu, apakah teks berikut: RT @qronoz: Pokoknya kalo Ahok udah ngomong: Aduuuuuuh KELAR. #DebatFinalPilkadaJKT, termasuk dalam kategori ujaran kebencian atau tidak?",tidak
3632,id_hatespeech,id_hatespeech_nusantara_text,585194c2-9f25-4f75-a136-37600940fdba,hate_or_noHate_zs_noopt_kategori,train,"Menurutmu, apakah teks berikut: Senjata makan tuan #DebatFinalPilkadaJKT #DebatFinalDKI, termasuk dalam kategori ujaran kebencian atau tidak?",tidak
3633,id_hatespeech,id_hatespeech_nusantara_text,585194c2-9f25-4f75-a136-37600940fdba,hate_or_noHate_zs_noopt_kategori,train,"Menurutmu, apakah teks berikut: Ahok kekerasan verbal? Masa koruptor dielus2 #DebatFinalPilkadaJKT, termasuk dalam kategori ujaran kebencian atau tidak?",tidak
3634,id_hatespeech,id_hatespeech_nusantara_text,585194c2-9f25-4f75-a136-37600940fdba,hate_or_noHate_zs_noopt_kategori,train,"Menurutmu, apakah teks berikut: RT @qronoz: Gak ada program yang mau diserang yang diserang karakternya. AHaY! \ud83d\ude02 #DebatFinalPilkadaJKT, termasuk dalam kategori ujaran kebencian atau tidak?",tidak
3635,id_hatespeech,id_hatespeech_nusantara_text,585194c2-9f25-4f75-a136-37600940fdba,hate_or_noHate_zs_noopt_kategori,train,"Menurutmu, apakah teks berikut: Terkait Jakarta tak Ramah anak apa tanggapan Pak @aniesbaswedan https:\/\/t.co\/ufA55UWBcI, termasuk dalam kategori ujaran kebencian atau tidak?",tidak
3636,id_hatespeech,id_hatespeech_nusantara_text,585194c2-9f25-4f75-a136-37600940fdba,hate_or_noHate_zs_noopt_kategori,train,"Menurutmu, apakah teks berikut: emang OK OCE anies dan sandi dalam mengatasi urbanisasi dan lapangan kerja #DebatFinalPilkadaJKT https:\/\/t.co\/BrCeCZSkux, termasuk dalam kategori ujaran kebencian atau tidak?",tidak
3637,id_hatespeech,id_hatespeech_nusantara_text,585194c2-9f25-4f75-a136-37600940fdba,hate_or_noHate_zs_noopt_kategori,train,"Menurutmu, apakah teks berikut: Suporternya mulai kampungan paslon masih ngomong jg ...... #DebatFinalPilkadaJKT, termasuk dalam kategori ujaran kebencian atau tidak?",tidak
3638,id_hatespeech,id_hatespeech_nusantara_text,585194c2-9f25-4f75-a136-37600940fdba,hate_or_noHate_zs_noopt_kategori,train,"Menurutmu, apakah teks berikut: Mulai seru ni #DebatFinalPilkadaJKT, termasuk dalam kategori ujaran kebencian atau tidak?",tidak
3639,id_hatespeech,id_hatespeech_nusantara_text,585194c2-9f25-4f75-a136-37600940fdba,hate_or_noHate_zs_noopt_kategori,train,"Menurutmu, apakah teks berikut: #DebatFinalPilkadaJKT nangis nangis ketonjok lagi, termasuk dalam kategori ujaran kebencian atau tidak?",tidak
3640,id_hatespeech,id_hatespeech_nusantara_text,585194c2-9f25-4f75-a136-37600940fdba,hate_or_noHate_zs_noopt_kategori,train,"Menurutmu, apakah teks berikut: RT @Kafyonaa: JADI DEBAT TERAKHIR NANTI MALAM PILIHANMU JATUH KE PASLON YANG MANA? #DebatFinalPilkadaJKT #Debat3PilkadaDKI, termasuk dalam kategori ujaran kebencian atau tidak?",tidak
3641,id_hatespeech,id_hatespeech_nusantara_text,585194c2-9f25-4f75-a136-37600940fdba,hate_or_noHate_zs_noopt_kategori,train,"Menurutmu, apakah teks berikut: RT @magendajuang: Wkwkwk udah dah pilih Anies Sandi aja :) #DebatFinalPilkadaJKT https:\/\/t.co\/hMXhjyHBnJ, termasuk dalam kategori ujaran kebencian atau tidak?",tidak
3642,id_hatespeech,id_hatespeech_nusantara_text,585194c2-9f25-4f75-a136-37600940fdba,hate_or_noHate_zs_noopt_kategori,train,"Menurutmu, apakah teks berikut: fitnah lebih kejam loh dari pembunuhan #DebatFinalPilkadaJKT, termasuk dalam kategori ujaran kebencian atau tidak?",tidak
3643,id_hatespeech,id_hatespeech_nusantara_text,585194c2-9f25-4f75-a136-37600940fdba,hate_or_noHate_zs_noopt_kategori,train,"Menurutmu, apakah teks berikut: mari #debatsehat. jangan coba pakai #datasesat. #DebatFinalPilkadaJKT #DebatFinalDiKompasTV, termasuk dalam kategori ujaran kebencian atau tidak?",tidak
3644,id_hatespeech,id_hatespeech_nusantara_text,585194c2-9f25-4f75-a136-37600940fdba,hate_or_noHate_zs_noopt_kategori,train,"Menurutmu, apakah teks berikut: RT @prastow: Apapun itu, keberanian Ahok membongkar mafia anggaran menjadi tonggak penting menuju APBD yg kredibel dan akuntabel., termasuk dalam kategori ujaran kebencian atau tidak?",tidak
3645,id_hatespeech,id_hatespeech_nusantara_text,585194c2-9f25-4f75-a136-37600940fdba,hate_or_noHate_zs_noopt_kategori,train,"Menurutmu, apakah teks berikut: RT @SydSalesman: inilah wujud nasional-is-me dagangannya @pandji ... hebat! https:\/\/t.co\/0fYIG6c2xl, termasuk dalam kategori ujaran kebencian atau tidak?",tidak
3646,id_hatespeech,id_hatespeech_nusantara_text,585194c2-9f25-4f75-a136-37600940fdba,hate_or_noHate_zs_noopt_kategori,train,"Menurutmu, apakah teks berikut: Pak dosen makin keliatan aslinya :(, termasuk dalam kategori ujaran kebencian atau tidak?",tidak
3647,id_hatespeech,id_hatespeech_nusantara_text,585194c2-9f25-4f75-a136-37600940fdba,hate_or_noHate_zs_noopt_kategori,train,"Menurutmu, apakah teks berikut: RT @gabriellaanDini: Dulu di awal kampanye bukannya uda deklarasi anti SARA??? Tadinya gw pikir no.3 lebih mending dari no.1, termasuk dalam kategori ujaran kebencian atau tidak?",tidak
3648,id_hatespeech,id_hatespeech_nusantara_text,585194c2-9f25-4f75-a136-37600940fdba,hate_or_noHate_zs_noopt_kategori,train,"Menurutmu, apakah teks berikut: #DebatFinalPilkadaJKT mateng mpok Silvy di bombardir Pak Ahok... jawaban cerdas Pak Ahok.., termasuk dalam kategori ujaran kebencian atau tidak?",tidak
3649,id_hatespeech,id_hatespeech_nusantara_text,585194c2-9f25-4f75-a136-37600940fdba,hate_or_noHate_zs_noopt_kategori,train,"Menurutmu, apakah teks berikut: #DebatFinalPilkadaJKT mohon tenang, termasuk dalam kategori ujaran kebencian atau tidak?",tidak
3650,id_hatespeech,id_hatespeech_nusantara_text,585194c2-9f25-4f75-a136-37600940fdba,hate_or_noHate_zs_noopt_kategori,train,"Menurutmu, apakah teks berikut: Yg no.1 nih ngomongin hal yg di luar program mulu ya. Ngga ada bhan ya bwt serang lawan.. Cape dehh! #DebatFinalDKI #DebatFinalPilkadaJKT, termasuk dalam kategori ujaran kebencian atau tidak?",tidak
3651,id_hatespeech,id_hatespeech_nusantara_text,585194c2-9f25-4f75-a136-37600940fdba,hate_or_noHate_zs_noopt_kategori,train,"Menurutmu, apakah teks berikut: Cinta pak Ahok pokoknya #DebatFinalPilkadaJKT, termasuk dalam kategori ujaran kebencian atau tidak?",tidak
3652,id_hatespeech,id_hatespeech_nusantara_text,585194c2-9f25-4f75-a136-37600940fdba,hate_or_noHate_zs_noopt_kategori,train,"Menurutmu, apakah teks berikut: #DebatFinalPilkadaJKT nggak cuma ibu2 yang pengen foto sama Ahok bapak2 juga lho, termasuk dalam kategori ujaran kebencian atau tidak?",tidak
3653,id_hatespeech,id_hatespeech_nusantara_text,585194c2-9f25-4f75-a136-37600940fdba,hate_or_noHate_zs_noopt_kategori,train,"Menurutmu, apakah teks berikut: Mas Agus saya akui malam ini....rambut kamu bagus! #DebatFinalPilkadaJKT, termasuk dalam kategori ujaran kebencian atau tidak?",tidak
3654,id_hatespeech,id_hatespeech_nusantara_text,585194c2-9f25-4f75-a136-37600940fdba,hate_or_noHate_zs_noopt_kategori,train,"Menurutmu, apakah teks berikut: RT @republikaonline: Ahok Janji Berani Tutup Tempat Hiburan Malam yang Jual Narkoba, termasuk dalam kategori ujaran kebencian atau tidak?",tidak
3655,id_hatespeech,id_hatespeech_nusantara_text,585194c2-9f25-4f75-a136-37600940fdba,hate_or_noHate_zs_noopt_kategori,train,"Menurutmu, apakah teks berikut: Agus-Sylvi sisipkan bahasa jawa saat debat https:\/\/t.co\/fGTfXgaINx, termasuk dalam kategori ujaran kebencian atau tidak?",tidak
3656,id_hatespeech,id_hatespeech_nusantara_text,585194c2-9f25-4f75-a136-37600940fdba,hate_or_noHate_zs_noopt_kategori,train,"Menurutmu, apakah teks berikut: RT @hariadhi: Ahok udah perhatikan penyandang disabilitas, jauuuh sebelum kandidat lain berjanji #NobarAhokDjarot #BadjaPastiJuara, termasuk dalam kategori ujaran kebencian atau tidak?",tidak
3657,id_hatespeech,id_hatespeech_nusantara_text,585194c2-9f25-4f75-a136-37600940fdba,hate_or_noHate_zs_noopt_kategori,train,"Menurutmu, apakah teks berikut: Ahok keren!!! #DebatFinalPilkadaJKT, termasuk dalam kategori ujaran kebencian atau tidak?",tidak
3658,id_hatespeech,id_hatespeech_nusantara_text,585194c2-9f25-4f75-a136-37600940fdba,hate_or_noHate_zs_noopt_kategori,train,"Menurutmu, apakah teks berikut: Gimana ya Tim Ahok kok makin disudutkan(?) Mungkin karena ini final kali y, termasuk dalam kategori ujaran kebencian atau tidak?",tidak
3659,id_hatespeech,id_hatespeech_nusantara_text,585194c2-9f25-4f75-a136-37600940fdba,hate_or_noHate_zs_noopt_kategori,train,"Menurutmu, apakah teks berikut: Nih fakta buat yg asbun. #BadjaPastimenang #DebatFinalPilkadaJKT, termasuk dalam kategori ujaran kebencian atau tidak?",tidak
3660,id_hatespeech,id_hatespeech_nusantara_text,585194c2-9f25-4f75-a136-37600940fdba,hate_or_noHate_zs_noopt_kategori,train,"Menurutmu, apakah teks berikut: Siap-siap meme CCTV. #DebatFinalPilkadaJKT #Debat3PilkadaDKI #DebatFinalDKI, termasuk dalam kategori ujaran kebencian atau tidak?",tidak
3661,id_hatespeech,id_hatespeech_nusantara_text,585194c2-9f25-4f75-a136-37600940fdba,hate_or_noHate_zs_noopt_kategori,train,"Menurutmu, apakah teks berikut: Nyinyir tingkat nasional #DebatFinalPilkadaJKT, termasuk dalam kategori ujaran kebencian atau tidak?",tidak
3662,id_hatespeech,id_hatespeech_nusantara_text,585194c2-9f25-4f75-a136-37600940fdba,hate_or_noHate_zs_noopt_kategori,train,"Menurutmu, apakah teks berikut: Drama bgt itu :(( #DebatFinalPilkadaJKT, termasuk dalam kategori ujaran kebencian atau tidak?",tidak
3663,id_hatespeech,id_hatespeech_nusantara_text,585194c2-9f25-4f75-a136-37600940fdba,hate_or_noHate_zs_noopt_kategori,train,"Menurutmu, apakah teks berikut: Ini judulnya Debat atau nyerang paslon 2 ?????? #DebatFinalPilkadaJKT, termasuk dalam kategori ujaran kebencian atau tidak?",tidak
3664,id_hatespeech,id_hatespeech_nusantara_text,585194c2-9f25-4f75-a136-37600940fdba,hate_or_noHate_zs_noopt_kategori,train,"Menurutmu, apakah teks berikut: Lha kok menyerang gitu ya #DebatFinalPilkadaJKT, termasuk dalam kategori ujaran kebencian atau tidak?",tidak
3665,id_hatespeech,id_hatespeech_nusantara_text,585194c2-9f25-4f75-a136-37600940fdba,hate_or_noHate_zs_noopt_kategori,train,"Menurutmu, apakah teks berikut: Debat sama berantem beda tipis #DebatFinalPilkadaJKT, termasuk dalam kategori ujaran kebencian atau tidak?",tidak
3666,id_hatespeech,id_hatespeech_nusantara_text,585194c2-9f25-4f75-a136-37600940fdba,hate_or_noHate_zs_noopt_kategori,train,"Menurutmu, apakah teks berikut: Orang tegas dibilang maki-maki orang -_- #DebatFinalPilkadaJKT, termasuk dalam kategori ujaran kebencian atau tidak?",tidak
3667,id_hatespeech,id_hatespeech_nusantara_text,585194c2-9f25-4f75-a136-37600940fdba,hate_or_noHate_zs_noopt_kategori,train,"Menurutmu, apakah teks berikut: 1 atau 2 perempuan berbeda dengan kaum perempuan #DebatFinalPilkadaJK, termasuk dalam kategori ujaran kebencian atau tidak?",tidak
3668,id_hatespeech,id_hatespeech_nusantara_text,585194c2-9f25-4f75-a136-37600940fdba,hate_or_noHate_zs_noopt_kategori,train,"Menurutmu, apakah teks berikut: mantap OK OCE anies sandi dalam mengatasi urbanisasi dan lapangan kerja, termasuk dalam kategori ujaran kebencian atau tidak?",tidak
3669,id_hatespeech,id_hatespeech_nusantara_text,585194c2-9f25-4f75-a136-37600940fdba,hate_or_noHate_zs_noopt_kategori,train,"Menurutmu, apakah teks berikut: RT @WisnuDewobroto: Ga seru nih. selalu mengungkit masa lalu :). kekerasan Verbal semua pernah lakukan manusia biasa. #DebatFinalPilkadaJKT, termasuk dalam kategori ujaran kebencian atau tidak?",tidak
3670,id_hatespeech,id_hatespeech_nusantara_text,585194c2-9f25-4f75-a136-37600940fdba,hate_or_noHate_zs_noopt_kategori,train,"Menurutmu, apakah teks berikut: satu perempuan bukan semua perempuan #DebatFinalPilkadaJKT, termasuk dalam kategori ujaran kebencian atau tidak?",tidak
3671,id_hatespeech,id_hatespeech_nusantara_text,585194c2-9f25-4f75-a136-37600940fdba,hate_or_noHate_zs_noopt_kategori,train,"Menurutmu, apakah teks berikut: #DebatFinalPilkadaJKT Pertanyaan paslon 1 dpt dikategorikan sbg kekerasan dalam debat., termasuk dalam kategori ujaran kebencian atau tidak?",tidak
3672,id_hatespeech,id_hatespeech_nusantara_text,585194c2-9f25-4f75-a136-37600940fdba,hate_or_noHate_zs_noopt_kategori,train,"Menurutmu, apakah teks berikut: @jokowi pak maafkan saya. Biarkan malam ini saja saya memposting ujaran kebencian. Hanya malam ini saja pak xoxo #DebatFinalPilkadaJKT, termasuk dalam kategori ujaran kebencian atau tidak?",tidak
3673,id_hatespeech,id_hatespeech_nusantara_text,585194c2-9f25-4f75-a136-37600940fdba,hate_or_noHate_zs_noopt_kategori,train,"Menurutmu, apakah teks berikut: Semoga Allah memenangkan pak Anies-sandi https:\/\/t.co\/sns0rXRw3f, termasuk dalam kategori ujaran kebencian atau tidak?",tidak
3674,id_hatespeech,id_hatespeech_nusantara_text,585194c2-9f25-4f75-a136-37600940fdba,hate_or_noHate_zs_noopt_kategori,train,"Menurutmu, apakah teks berikut: #DebatFinalPilkadaJKT non muslim coblos Ahok muslim coblos Djarot. Bagaimana?, termasuk dalam kategori ujaran kebencian atau tidak?",tidak
3675,id_hatespeech,id_hatespeech_nusantara_text,585194c2-9f25-4f75-a136-37600940fdba,hate_or_noHate_zs_noopt_kategori,train,"Menurutmu, apakah teks berikut: #DebatFinalPilkadaJKT *pemimpin harus dapat ciptakan suasana damai tentram dan bukan adu domba atau hasutan, termasuk dalam kategori ujaran kebencian atau tidak?",tidak
3676,id_hatespeech,id_hatespeech_nusantara_text,585194c2-9f25-4f75-a136-37600940fdba,hate_or_noHate_zs_noopt_kategori,train,"Menurutmu, apakah teks berikut: Saya bertanya kepada Bapak Presiden dan Kapolri OK OCE tuh apaan? #DebatFinalPilkadaJKT, termasuk dalam kategori ujaran kebencian atau tidak?",tidak
3677,id_hatespeech,id_hatespeech_nusantara_text,585194c2-9f25-4f75-a136-37600940fdba,hate_or_noHate_zs_noopt_kategori,train,"Menurutmu, apakah teks berikut: Keliatan banget keberpihakan media #DebatFinalPilkadaJKT, termasuk dalam kategori ujaran kebencian atau tidak?",tidak
3678,id_hatespeech,id_hatespeech_nusantara_text,585194c2-9f25-4f75-a136-37600940fdba,hate_or_noHate_zs_noopt_kategori,train,"Menurutmu, apakah teks berikut: RT @di_HatiKecil: Bagus nih ilustrasinya #DebatFinalPilkadaJKT https:\/\/t.co\/zAQLqrBiUF, termasuk dalam kategori ujaran kebencian atau tidak?",tidak
3679,id_hatespeech,id_hatespeech_nusantara_text,585194c2-9f25-4f75-a136-37600940fdba,hate_or_noHate_zs_noopt_kategori,train,"Menurutmu, apakah teks berikut: RT @rezaoktovian: Ahok terlalu keren :'), termasuk dalam kategori ujaran kebencian atau tidak?",tidak
3680,id_hatespeech,id_hatespeech_nusantara_text,585194c2-9f25-4f75-a136-37600940fdba,hate_or_noHate_zs_noopt_kategori,train,"Menurutmu, apakah teks berikut: isinya timeline twitter cm pilkada.. membosankan sekali.., termasuk dalam kategori ujaran kebencian atau tidak?",tidak
3681,id_hatespeech,id_hatespeech_nusantara_text,585194c2-9f25-4f75-a136-37600940fdba,hate_or_noHate_zs_noopt_kategori,train,"Menurutmu, apakah teks berikut: Mohon tenang mohon tenang #DebatFinalPilkadaJKT, termasuk dalam kategori ujaran kebencian atau tidak?",tidak
3682,id_hatespeech,id_hatespeech_nusantara_text,585194c2-9f25-4f75-a136-37600940fdba,hate_or_noHate_zs_noopt_kategori,train,"Menurutmu, apakah teks berikut: ah diulang. Jawabannya bisa beda kan? #DebatFinalPilkadaJKT, termasuk dalam kategori ujaran kebencian atau tidak?",tidak
3683,id_hatespeech,id_hatespeech_nusantara_text,585194c2-9f25-4f75-a136-37600940fdba,hate_or_noHate_zs_noopt_kategori,train,"Menurutmu, apakah teks berikut: Perasaan bukan pertanyaan itu deh yg td dijawab om @aniesbaswedan audionya ga keluar atau ia ya? #DebatFinalPilkadaJKT, termasuk dalam kategori ujaran kebencian atau tidak?",tidak
3684,id_hatespeech,id_hatespeech_nusantara_text,585194c2-9f25-4f75-a136-37600940fdba,hate_or_noHate_zs_noopt_kategori,train,"Menurutmu, apakah teks berikut: Boleh tinggal di pinggir kali meski bukan tanahnya boleh jualan di pinggir jalan, termasuk dalam kategori ujaran kebencian atau tidak?",tidak
3685,id_hatespeech,id_hatespeech_nusantara_text,585194c2-9f25-4f75-a136-37600940fdba,hate_or_noHate_zs_noopt_kategori,train,"Menurutmu, apakah teks berikut: RT @rigenz123: Sehatkan Warga DKI Melalui #JakartaBerlari Barulah Pembangunan Dapat Sejahterakan Warganya. #DebatFinalPilkadaJKT, termasuk dalam kategori ujaran kebencian atau tidak?",tidak
3686,id_hatespeech,id_hatespeech_nusantara_text,585194c2-9f25-4f75-a136-37600940fdba,hate_or_noHate_zs_noopt_kategori,train,"Menurutmu, apakah teks berikut: kalau kamu diputuskan pacar tanpa sebab mungkin program OKE OCE bisa jadi solusi nya #DebatFinalPilkadaJKT, termasuk dalam kategori ujaran kebencian atau tidak?",tidak
3687,id_hatespeech,id_hatespeech_nusantara_text,585194c2-9f25-4f75-a136-37600940fdba,hate_or_noHate_zs_noopt_kategori,train,"Menurutmu, apakah teks berikut: Melibatkan yang paham pada bidangnya untuk duduk bersama memecahkan solusi. Cara kepemimpinan yg cerdas ! #DebatFinalPilkadaJKT, termasuk dalam kategori ujaran kebencian atau tidak?",tidak
3688,id_hatespeech,id_hatespeech_nusantara_text,585194c2-9f25-4f75-a136-37600940fdba,hate_or_noHate_zs_noopt_kategori,train,"Menurutmu, apakah teks berikut: Justru laki-laki lah yang sering mengalami kekerasan verbal. Berapa kali dirimu dimarahi istrimu..? Ayo ngaku., termasuk dalam kategori ujaran kebencian atau tidak?",tidak
3689,id_hatespeech,id_hatespeech_nusantara_text,585194c2-9f25-4f75-a136-37600940fdba,hate_or_noHate_zs_noopt_kategori,train,"Menurutmu, apakah teks berikut: RT @TirtoID: Soal gerakan-gerakan ala @aniesbaswedan #PeriksaData #DebatFinalPilkadaJKT, termasuk dalam kategori ujaran kebencian atau tidak?",tidak
3690,id_hatespeech,id_hatespeech_nusantara_text,585194c2-9f25-4f75-a136-37600940fdba,hate_or_noHate_zs_noopt_kategori,train,"Menurutmu, apakah teks berikut: Mayoritas warga Jakarta ingin dipimpin Gubernur baru. Emang iya? #DebatFinalPilkadaJKT, termasuk dalam kategori ujaran kebencian atau tidak?",tidak
3691,id_hatespeech,id_hatespeech_nusantara_text,585194c2-9f25-4f75-a136-37600940fdba,hate_or_noHate_zs_noopt_kategori,train,"Menurutmu, apakah teks berikut: Paslon 1 selalu nyerang paslon 2 ni #DebatFinalPilkadaJKT, termasuk dalam kategori ujaran kebencian atau tidak?",tidak
3692,id_hatespeech,id_hatespeech_nusantara_text,585194c2-9f25-4f75-a136-37600940fdba,hate_or_noHate_zs_noopt_kategori,train,"Menurutmu, apakah teks berikut: RT @JktMajuBersama: Upaya Anies-Sandi untuk mendukung perempuan menjadi pelaku UKM :) #DebatFinalPilkadaJKT, termasuk dalam kategori ujaran kebencian atau tidak?",tidak
3693,id_hatespeech,id_hatespeech_nusantara_text,585194c2-9f25-4f75-a136-37600940fdba,hate_or_noHate_zs_noopt_kategori,train,"Menurutmu, apakah teks berikut: Salah satu indikator meningkatnya kualitas hidup warga Jkt adl terus bisa tersenyum seperti Pak Djarot malam ini, termasuk dalam kategori ujaran kebencian atau tidak?",tidak
3694,id_hatespeech,id_hatespeech_nusantara_text,585194c2-9f25-4f75-a136-37600940fdba,hate_or_noHate_zs_noopt_kategori,train,"Menurutmu, apakah teks berikut: Tontonan yg wajib ditunggu sehabis #DebatFinalPilkadaJKT, termasuk dalam kategori ujaran kebencian atau tidak?",tidak
3695,id_hatespeech,id_hatespeech_nusantara_text,585194c2-9f25-4f75-a136-37600940fdba,hate_or_noHate_zs_noopt_kategori,train,"Menurutmu, apakah teks berikut: RT @ainouun: Pak Ahok : penyandang disabilitas bukan hanya mereka, suatu saat kita juga bisa jadi. #DebatFinalPilkadaJKT, termasuk dalam kategori ujaran kebencian atau tidak?",tidak
3696,id_hatespeech,id_hatespeech_nusantara_text,585194c2-9f25-4f75-a136-37600940fdba,hate_or_noHate_zs_noopt_kategori,train,"Menurutmu, apakah teks berikut: RT @tribunjateng: Saat Jeda, Ahok dan Djarot Sapa Ganjar Pranowo dari Atas Panggung, termasuk dalam kategori ujaran kebencian atau tidak?",tidak
3697,id_hatespeech,id_hatespeech_nusantara_text,585194c2-9f25-4f75-a136-37600940fdba,hate_or_noHate_zs_noopt_kategori,train,"Menurutmu, apakah teks berikut: @Boojaee sayang hyung cuma pencitraan :* wkwk, termasuk dalam kategori ujaran kebencian atau tidak?",tidak
3698,id_hatespeech,id_hatespeech_nusantara_text,585194c2-9f25-4f75-a136-37600940fdba,hate_or_noHate_zs_noopt_kategori,train,"Menurutmu, apakah teks berikut: @kurawa Msh inget sm ibu penjual kue di balaikota, cm Pak Ahok yg tau klo si ibu sakit, ibu itu langsung diurus ke rs. Ini bukan pencitraan., termasuk dalam kategori ujaran kebencian atau tidak?",tidak
3699,id_hatespeech,id_hatespeech_nusantara_text,585194c2-9f25-4f75-a136-37600940fdba,hate_or_noHate_zs_noopt_kategori,train,"Menurutmu, apakah teks berikut: Biar jajan naik sejuta https://t.co/veZ5PXxDfr, termasuk dalam kategori ujaran kebencian atau tidak?",tidak
3700,id_hatespeech,id_hatespeech_nusantara_text,585194c2-9f25-4f75-a136-37600940fdba,hate_or_noHate_zs_noopt_kategori,train,"Menurutmu, apakah teks berikut: bio gw belum diganti astagfirullah rusak pencitraan cewe cantik, termasuk dalam kategori ujaran kebencian atau tidak?",tidak
3701,id_hatespeech,id_hatespeech_nusantara_text,585194c2-9f25-4f75-a136-37600940fdba,hate_or_noHate_zs_noopt_kategori,train,"Menurutmu, apakah teks berikut: #MataNajwaDebatJakarta Ya ampun udh closing statement msh aja commentnya ky gitu ya, termasuk dalam kategori ujaran kebencian atau tidak?",tidak
3702,id_hatespeech,id_hatespeech_nusantara_text,585194c2-9f25-4f75-a136-37600940fdba,hate_or_noHate_zs_noopt_kategori,train,"Menurutmu, apakah teks berikut: Hah uda closing statement?? Cepet bener?? #DebatFinalPilkadaJKT, termasuk dalam kategori ujaran kebencian atau tidak?",tidak
3703,id_hatespeech,id_hatespeech_nusantara_text,585194c2-9f25-4f75-a136-37600940fdba,hate_or_noHate_zs_noopt_kategori,train,"Menurutmu, apakah teks berikut: RT @digembok: #DebatFinalPilkadaJKT kali ini keren.Biasanya ada sesi tanya-jawab Kali ini ada SESI CURHAT, termasuk dalam kategori ujaran kebencian atau tidak?",tidak
3704,id_hatespeech,id_hatespeech_nusantara_text,585194c2-9f25-4f75-a136-37600940fdba,hate_or_noHate_zs_noopt_kategori,train,"Menurutmu, apakah teks berikut: Ketiga paslon gagal menjawab pertanyaan yang jawabannya harus memuji kebaikan paslon lain, termasuk dalam kategori ujaran kebencian atau tidak?",tidak
3705,id_hatespeech,id_hatespeech_nusantara_text,585194c2-9f25-4f75-a136-37600940fdba,hate_or_noHate_zs_noopt_kategori,train,"Menurutmu, apakah teks berikut: Mari berjuang bersama SBYudhoyono utk memenangkan #SaduddinDhani di #PilkadaKabBekasi2017 #BekasiSAH #BekasiBerjaya, termasuk dalam kategori ujaran kebencian atau tidak?",tidak
3706,id_hatespeech,id_hatespeech_nusantara_text,585194c2-9f25-4f75-a136-37600940fdba,hate_or_noHate_zs_noopt_kategori,train,"Menurutmu, apakah teks berikut: Jikapun aparatur bisa dibeli, kyai dan santri oplosan dibeli. Masih ada yng ASLI, siap MELAWAN KETIDAKADILAN https://t.co/riloAH9gAd, termasuk dalam kategori ujaran kebencian atau tidak?",tidak
3707,id_hatespeech,id_hatespeech_nusantara_text,585194c2-9f25-4f75-a136-37600940fdba,hate_or_noHate_zs_noopt_kategori,train,"Menurutmu, apakah teks berikut: Pasangan mana yang unggul dalam debat kandidat Gubernur-Wagub DKI Jakarta Malam Ini?, termasuk dalam kategori ujaran kebencian atau tidak?",tidak
3708,id_hatespeech,id_hatespeech_nusantara_text,585194c2-9f25-4f75-a136-37600940fdba,hate_or_noHate_zs_noopt_kategori,train,"Menurutmu, apakah teks berikut: Keberagaman itu datang dr hati terdalam, bukan dr pencitraan #Tetap3 #JKTBeragam, termasuk dalam kategori ujaran kebencian atau tidak?",tidak
3709,id_hatespeech,id_hatespeech_nusantara_text,585194c2-9f25-4f75-a136-37600940fdba,hate_or_noHate_zs_noopt_kategori,train,"Menurutmu, apakah teks berikut: Membangun bangsa dan negara ini engga cukup dengan metoda pencitraan saja ,tanpa teruji lewat rekam jejak dan integritas tokohnya, termasuk dalam kategori ujaran kebencian atau tidak?",tidak
3710,id_hatespeech,id_hatespeech_nusantara_text,585194c2-9f25-4f75-a136-37600940fdba,hate_or_noHate_zs_noopt_kategori,train,"Menurutmu, apakah teks berikut: RT @adelladellaide: Bersikap baik dan menjaga prilaku di depan umum bukan berarti pencitraan, bukan pula ""menjadi orang lain""., termasuk dalam kategori ujaran kebencian atau tidak?",tidak
3711,id_hatespeech,id_hatespeech_nusantara_text,585194c2-9f25-4f75-a136-37600940fdba,hate_or_noHate_zs_noopt_kategori,train,"Menurutmu, apakah teks berikut: RT @FiersaBesari: Saat jujur, ada yg curiga. Saat berbuat baik, ada yg menuduh pencitraan. Saat bahagia, ada yg iri. Abaikan., termasuk dalam kategori ujaran kebencian atau tidak?",tidak
3712,id_hatespeech,id_hatespeech_nusantara_text,585194c2-9f25-4f75-a136-37600940fdba,hate_or_noHate_zs_noopt_kategori,train,"Menurutmu, apakah teks berikut: Umat Islam yg peduli agama mrk, tentu tdk akan tergoda dg trik2 konyol seperti ini, InshaAllah umat Islam sdh sadar https://t.co/PFH1MPsKFO, termasuk dalam kategori ujaran kebencian atau tidak?",tidak
3713,id_hatespeech,id_hatespeech_nusantara_text,585194c2-9f25-4f75-a136-37600940fdba,hate_or_noHate_zs_noopt_kategori,train,"Menurutmu, apakah teks berikut: #AniesIntoleran \nAnies Baswedan, tak lagi memiliki integritas dan kredibilitas sebagai seorang pemimpin. https://t.co/rv053Gt4j8, termasuk dalam kategori ujaran kebencian atau tidak?",tidak
3714,id_hatespeech,id_hatespeech_nusantara_text,585194c2-9f25-4f75-a136-37600940fdba,hate_or_noHate_zs_noopt_kategori,train,"Menurutmu, apakah teks berikut: @agusriyadi12345 Apakah perlu semua berita ahok harus menggunakan penista agama. Misalnya Penista agama sedang kampanye di Jakarta pusat., termasuk dalam kategori ujaran kebencian atau tidak?",tidak
3715,id_hatespeech,id_hatespeech_nusantara_text,585194c2-9f25-4f75-a136-37600940fdba,hate_or_noHate_zs_noopt_kategori,train,"Menurutmu, apakah teks berikut: @agusriyadi12345 Apakah tidak sadis, jika semua berita tentang ahok, judulnya diawali degan Terdakwa penista agama bukan menggunakan nama?, termasuk dalam kategori ujaran kebencian atau tidak?",tidak
3716,id_hatespeech,id_hatespeech_nusantara_text,585194c2-9f25-4f75-a136-37600940fdba,hate_or_noHate_zs_noopt_kategori,train,"Menurutmu, apakah teks berikut: @Altefalken kemarin kan ada berita tentang penyakit mengingitis dari Babi, mksd gw apa nyambungnya sama ahok?, termasuk dalam kategori ujaran kebencian atau tidak?",tidak
3717,id_hatespeech,id_hatespeech_nusantara_text,585194c2-9f25-4f75-a136-37600940fdba,hate_or_noHate_zs_noopt_kategori,train,"Menurutmu, apakah teks berikut: @ISejunnie @AHMADDHANIPRAST artis korea bisa world tour ahmad dhani bisa ?, termasuk dalam kategori ujaran kebencian atau tidak?",tidak
3718,id_hatespeech,id_hatespeech_nusantara_text,585194c2-9f25-4f75-a136-37600940fdba,hate_or_noHate_zs_noopt_kategori,train,"Menurutmu, apakah teks berikut: @HaqueMarissa ,, ahok di jakarta , daging babi di bali apa hubungan nya ya??, termasuk dalam kategori ujaran kebencian atau tidak?",tidak
3719,id_hatespeech,id_hatespeech_nusantara_text,585194c2-9f25-4f75-a136-37600940fdba,hate_or_noHate_zs_noopt_kategori,train,"Menurutmu, apakah teks berikut: Ahmad Dhani Bangkrut Ditagih Utang Melalui Video, Mantan Istrinya Jadi Janda Kaya Raya: Hampir setahun berlalu, https://t.co/22InRwRR26, termasuk dalam kategori ujaran kebencian atau tidak?",tidak
3720,id_hatespeech,id_hatespeech_nusantara_text,585194c2-9f25-4f75-a136-37600940fdba,hate_or_noHate_zs_noopt_kategori,train,"Menurutmu, apakah teks berikut: Ahmad Dhani Sentil AHOK, eh Sandiaga Uno cengar cengir.!: https://t.co/vhDAAa3ShI melalui @YouTube, termasuk dalam kategori ujaran kebencian atau tidak?",tidak
3721,id_hatespeech,id_hatespeech_nusantara_text,585194c2-9f25-4f75-a136-37600940fdba,hate_or_noHate_zs_noopt_kategori,train,"Menurutmu, apakah teks berikut: Hehhee.. Makanya jangan mengagumi sesorng berlebihan.. Kecuali kepada Rasulullah.. https://t.co/ZXVB2DiRMg, termasuk dalam kategori ujaran kebencian atau tidak?",tidak
3722,id_hatespeech,id_hatespeech_nusantara_text,585194c2-9f25-4f75-a136-37600940fdba,hate_or_noHate_zs_noopt_kategori,train,"Menurutmu, apakah teks berikut: #MataNajwaDebatJakarta acara uda abis menurut kalian debat sapa yang betul-betul memaparkan prog dan solusi?, termasuk dalam kategori ujaran kebencian atau tidak?",tidak
3723,id_hatespeech,id_hatespeech_nusantara_text,585194c2-9f25-4f75-a136-37600940fdba,hate_or_noHate_zs_noopt_kategori,train,"Menurutmu, apakah teks berikut: Mereka (koruptor) meletakkan kitab suci ditempat paling rendah...tapi masih sok jadi pemilik kapling surga... https://t.co/oj5YN3WBeI, termasuk dalam kategori ujaran kebencian atau tidak?",tidak
3724,id_hatespeech,id_hatespeech_nusantara_text,585194c2-9f25-4f75-a136-37600940fdba,hate_or_noHate_zs_noopt_kategori,train,"Menurutmu, apakah teks berikut: RT @99Ohhani: Woww dukungan Rakyat Palestina ke Ahok yg dituduhSbg penista Agama ?? mrk Mengelu2kan Ahok !!!Ahok is The Best https://t.co/, termasuk dalam kategori ujaran kebencian atau tidak?",tidak
3725,id_hatespeech,id_hatespeech_nusantara_text,585194c2-9f25-4f75-a136-37600940fdba,hate_or_noHate_zs_noopt_kategori,train,"Menurutmu, apakah teks berikut: Pencitraan di socmed itu boleh-boleh aja. Tapi harus bisa tanggung jawab sama citra yang udh dibikin. Jangan sampe jadi malu-maluin. Kasian., termasuk dalam kategori ujaran kebencian atau tidak?",tidak
3726,id_hatespeech,id_hatespeech_nusantara_text,585194c2-9f25-4f75-a136-37600940fdba,hate_or_noHate_zs_noopt_kategori,train,"Menurutmu, apakah teks berikut: RT @kompascom: Kasus Kicauan Ahmad Dhani Dilimpahkan ke Polres Metro Jakarta Selatan. https://t.co/uJ0m7JernN, termasuk dalam kategori ujaran kebencian atau tidak?",tidak
3727,id_hatespeech,id_hatespeech_nusantara_text,585194c2-9f25-4f75-a136-37600940fdba,hate_or_noHate_zs_noopt_kategori,train,"Menurutmu, apakah teks berikut: RT @kv_kahfi: Komplit bgt yaaaa..... Heran nya msh aja yg percaya dan idolain dia https://t.co/PNTYRAnaJO, termasuk dalam kategori ujaran kebencian atau tidak?",tidak
3728,id_hatespeech,id_hatespeech_nusantara_text,585194c2-9f25-4f75-a136-37600940fdba,hate_or_noHate_zs_noopt_kategori,train,"Menurutmu, apakah teks berikut: RT @m0th3rb04rd__: bagaimana keadilan bisa tercipta jika si penista agama belum di vonis penjara\n #BerjamaahTolakReklamasi, termasuk dalam kategori ujaran kebencian atau tidak?",tidak
3729,id_hatespeech,id_hatespeech_nusantara_text,585194c2-9f25-4f75-a136-37600940fdba,hate_or_noHate_zs_noopt_kategori,train,"Menurutmu, apakah teks berikut: RT @TeddyGusnaidi: Bro.. Kalau yg dimaksud Fatwa Penista agama, MUI gak pernah mengeluarkan Fatwa. https://t.co/x9uXhqJKCa, termasuk dalam kategori ujaran kebencian atau tidak?",tidak
3730,id_hatespeech,id_hatespeech_nusantara_text,585194c2-9f25-4f75-a136-37600940fdba,hate_or_noHate_zs_noopt_kategori,train,"Menurutmu, apakah teks berikut: RT @TeddyGusnaidi: Sidang hari ini makin menguatkan bahwa Ahok bukan penista agama.. Ada yang bisa bantah?? \nhttps://t.co/2Ksj4snR1t, termasuk dalam kategori ujaran kebencian atau tidak?",tidak
3731,id_hatespeech,id_hatespeech_nusantara_text,585194c2-9f25-4f75-a136-37600940fdba,hate_or_noHate_zs_noopt_kategori,train,"Menurutmu, apakah teks berikut: Sebut Ahok Bukan Akademisi, Ahmad Dhani: Secara Intelektual, Lebih Intelek Bang Anies https://t.co/YrzfmMV1LG, termasuk dalam kategori ujaran kebencian atau tidak?",tidak
3732,id_hatespeech,id_hatespeech_nusantara_text,585194c2-9f25-4f75-a136-37600940fdba,hate_or_noHate_zs_noopt_kategori,train,"Menurutmu, apakah teks berikut: Yg melakukan Penista Agama sesungguhnya, agama yg suci digunakan alat untuk mengejar jabatan (kekuasaan) https://t.co/hKvZIpm8ZS, termasuk dalam kategori ujaran kebencian atau tidak?",tidak
3733,id_hatespeech,id_hatespeech_nusantara_text,585194c2-9f25-4f75-a136-37600940fdba,hate_or_noHate_zs_noopt_kategori,train,"Menurutmu, apakah teks berikut: Kalah di Pilkada Bekasi, Ahmad Dhani Jadi Juru Kampanye Pasangan Anies-Sandi https://t.co/oIZpN8hYnd #NenengYes https://t.co/FGOhKhXWxt, termasuk dalam kategori ujaran kebencian atau tidak?",tidak
3734,id_hatespeech,id_hatespeech_nusantara_text,585194c2-9f25-4f75-a136-37600940fdba,hate_or_noHate_zs_noopt_kategori,train,"Menurutmu, apakah teks berikut: #MataNajwaDebatJakarta Bravo closing statement Anies malam ini.kalau nggak ada debat saya nggak mungkin nonton mata najwa sdh lama tdk suka., termasuk dalam kategori ujaran kebencian atau tidak?",tidak
3735,id_hatespeech,id_hatespeech_nusantara_text,585194c2-9f25-4f75-a136-37600940fdba,hate_or_noHate_zs_noopt_kategori,train,"Menurutmu, apakah teks berikut: #MataNajwaDebatJakarta jawaban terakhir Anis jadi bikin ingat jawaban dia pas debat kemarin, ""jawaban anda menarik tapi tidak nyambung"", termasuk dalam kategori ujaran kebencian atau tidak?",tidak
3736,id_hatespeech,id_hatespeech_nusantara_text,585194c2-9f25-4f75-a136-37600940fdba,hate_or_noHate_zs_noopt_kategori,train,"Menurutmu, apakah teks berikut: #MataNajwaDebatJakarta buzzer ahok lagi kerja keras nih,.ayo kerja2 tar gajian ga turun, termasuk dalam kategori ujaran kebencian atau tidak?",tidak
3737,id_hatespeech,id_hatespeech_nusantara_text,585194c2-9f25-4f75-a136-37600940fdba,hate_or_noHate_zs_noopt_kategori,train,"Menurutmu, apakah teks berikut: #MataNajwaDebatJakarta kerendahan hati dan lawan kerendahan hati kelihatan banget.., termasuk dalam kategori ujaran kebencian atau tidak?",tidak
3738,id_hatespeech,id_hatespeech_nusantara_text,585194c2-9f25-4f75-a136-37600940fdba,hate_or_noHate_zs_noopt_kategori,train,"Menurutmu, apakah teks berikut: #MataNajwaDebatJakarta kok gaya pak @aniesbaswedan kayak SBY ya?, termasuk dalam kategori ujaran kebencian atau tidak?",tidak
3739,id_hatespeech,id_hatespeech_nusantara_text,585194c2-9f25-4f75-a136-37600940fdba,hate_or_noHate_zs_noopt_kategori,train,"Menurutmu, apakah teks berikut: #MataNajwaDebatJakarta kenyataannya si anis nyaman bgt dgn isu sara kok , kan nguntungin anis , pura2 sok bijak pdhl menikmati isu sara ,, termasuk dalam kategori ujaran kebencian atau tidak?",tidak
3740,id_hatespeech,id_hatespeech_nusantara_text,585194c2-9f25-4f75-a136-37600940fdba,hate_or_noHate_zs_noopt_kategori,train,"Menurutmu, apakah teks berikut: #MataNajwaDebatJakarta nyesel liat debat tidak bermutu cuma bisa mencela.., termasuk dalam kategori ujaran kebencian atau tidak?",tidak
3741,id_hatespeech,id_hatespeech_nusantara_text,585194c2-9f25-4f75-a136-37600940fdba,hate_or_noHate_zs_noopt_kategori,train,"Menurutmu, apakah teks berikut: #MataNajwaDebatJakarta.kesimpulan: Saya tdk rela punya Gub seorg Anies dan sy percaya Ahok akan menang. Salam 2 jari., termasuk dalam kategori ujaran kebencian atau tidak?",tidak
3742,id_hatespeech,id_hatespeech_nusantara_text,585194c2-9f25-4f75-a136-37600940fdba,hate_or_noHate_zs_noopt_kategori,train,"Menurutmu, apakah teks berikut: @ibnusungeb ahoker panas dingin ahok kalah debat Sama Anis. #MataNajwaDebatJakarta, termasuk dalam kategori ujaran kebencian atau tidak?",tidak
3743,id_hatespeech,id_hatespeech_nusantara_text,585194c2-9f25-4f75-a136-37600940fdba,hate_or_noHate_zs_noopt_kategori,train,"Menurutmu, apakah teks berikut: Ada yg tahu ga backsound penutup mata najwa ini siapa musisinya dan apa judulnya? #MataNajwaDebatJakarta, termasuk dalam kategori ujaran kebencian atau tidak?",tidak
3744,id_hatespeech,id_hatespeech_nusantara_text,585194c2-9f25-4f75-a136-37600940fdba,hate_or_noHate_zs_noopt_kategori,train,"Menurutmu, apakah teks berikut: #MataNajwaDebatJakarta p ahok apapun hanya Utk rakyat, p anies tkt dicurangi... Ngerti bedanya.., termasuk dalam kategori ujaran kebencian atau tidak?",tidak
3745,id_hatespeech,id_hatespeech_nusantara_text,585194c2-9f25-4f75-a136-37600940fdba,hate_or_noHate_zs_noopt_kategori,train,"Menurutmu, apakah teks berikut: @MataNajwa mantapppp Mata Najwa diskusi lebih hidup dan mendidik,,, jauh berkualitas di banding debat yg selenggarakan KPU, termasuk dalam kategori ujaran kebencian atau tidak?",tidak
3746,id_hatespeech,id_hatespeech_nusantara_text,585194c2-9f25-4f75-a136-37600940fdba,hate_or_noHate_zs_noopt_kategori,train,"Menurutmu, apakah teks berikut: @MataNajwa mbak najwa..ayo ""ketengah"" lagi sedikit..jgn terlihat ke kiri, dgn meminta terus pak anies cpt2 menyelesaikan kalimat2nya.., termasuk dalam kategori ujaran kebencian atau tidak?",tidak
3747,id_hatespeech,id_hatespeech_nusantara_text,585194c2-9f25-4f75-a136-37600940fdba,hate_or_noHate_zs_noopt_kategori,train,"Menurutmu, apakah teks berikut: Dan soal soal ribut-ribut pribumi vs non pribumi yang ramai di beranda saya itu, sebenarnya maksudnya apa? ikut..., termasuk dalam kategori ujaran kebencian atau tidak?",tidak
3748,id_hatespeech,id_hatespeech_nusantara_text,585194c2-9f25-4f75-a136-37600940fdba,hate_or_noHate_zs_noopt_kategori,train,"Menurutmu, apakah teks berikut: Sedih liat pak anies saat ini, tokoh yang dulu saya kagumi kenapa jadi seperti ini ;') #MataNajwaDebatJakarta, termasuk dalam kategori ujaran kebencian atau tidak?",tidak
3749,id_hatespeech,id_hatespeech_nusantara_text,585194c2-9f25-4f75-a136-37600940fdba,hate_or_noHate_zs_noopt_kategori,train,"Menurutmu, apakah teks berikut: Awal sp akhir @aniesbaswedan bisanya cm serang pribadi @basuki_btp gak ada program yg perlu dibanggakan #MataNajwaDebatJakarta, termasuk dalam kategori ujaran kebencian atau tidak?",tidak
3750,id_hatespeech,id_hatespeech_nusantara_text,585194c2-9f25-4f75-a136-37600940fdba,hate_or_noHate_zs_noopt_kategori,train,"Menurutmu, apakah teks berikut: Gimana nih om @pandji pasti ikut gedeg juga kan dengerin retorika ga ada wawasan. Tapi gimana udah terlanjur ya. #matanajwadebatjakarta, termasuk dalam kategori ujaran kebencian atau tidak?",tidak
3751,id_hatespeech,id_hatespeech_nusantara_text,585194c2-9f25-4f75-a136-37600940fdba,hate_or_noHate_zs_noopt_kategori,train,"Menurutmu, apakah teks berikut: Haduhhhh Pak Anies.. Terus pendukung anda yang didatengin ke Jakarta itu dari mana pak? Dari luar jakarta kan #MataNajwaDebatJakarta, termasuk dalam kategori ujaran kebencian atau tidak?",tidak
3752,id_hatespeech,id_hatespeech_nusantara_text,585194c2-9f25-4f75-a136-37600940fdba,hate_or_noHate_zs_noopt_kategori,train,"Menurutmu, apakah teks berikut: Haha anies pendemo2 dr jawa barat kok ga ngomen. Takut kalah ya haha #MataNajwaDebatJakarta, termasuk dalam kategori ujaran kebencian atau tidak?",tidak
3753,id_hatespeech,id_hatespeech_nusantara_text,585194c2-9f25-4f75-a136-37600940fdba,hate_or_noHate_zs_noopt_kategori,train,"Menurutmu, apakah teks berikut: #MataNajwaDebatJakarta pak uno habis 62M istrinya ga marah ya pak? Saya mo beli sepatu 300rb aja istri saya marah2 pak, termasuk dalam kategori ujaran kebencian atau tidak?",tidak
3754,id_hatespeech,id_hatespeech_nusantara_text,585194c2-9f25-4f75-a136-37600940fdba,hate_or_noHate_zs_noopt_kategori,train,"Menurutmu, apakah teks berikut: #MataNajwaDebatJakarta jangan suka menyerang, ini bukan perang,. mengapa ingin ibadah harus menyerang orang.., termasuk dalam kategori ujaran kebencian atau tidak?",tidak
3755,id_hatespeech,id_hatespeech_nusantara_text,585194c2-9f25-4f75-a136-37600940fdba,hate_or_noHate_zs_noopt_kategori,train,"Menurutmu, apakah teks berikut: #MataNajwaDebatJakarta Paslon 3 serang terus dengan membawa2 hal2 yg biasa menyerang, tp Paslon 2 tenang menjawabnya, termasuk dalam kategori ujaran kebencian atau tidak?",tidak
3756,id_hatespeech,id_hatespeech_nusantara_text,585194c2-9f25-4f75-a136-37600940fdba,hate_or_noHate_zs_noopt_kategori,train,"Menurutmu, apakah teks berikut: Aahhh akuh sedih, akuh org depok ternyata ngga boleh ke jakarta pak mANIES jahattttt #MataNajwaDebatJakarta, termasuk dalam kategori ujaran kebencian atau tidak?",tidak
3757,id_hatespeech,id_hatespeech_nusantara_text,585194c2-9f25-4f75-a136-37600940fdba,hate_or_noHate_zs_noopt_kategori,train,"Menurutmu, apakah teks berikut: #MataNajwaDebatJakarta saludd utk mata najwa, berbobot sekali perdebatan malam ini.., termasuk dalam kategori ujaran kebencian atau tidak?",tidak
3758,id_hatespeech,id_hatespeech_nusantara_text,585194c2-9f25-4f75-a136-37600940fdba,hate_or_noHate_zs_noopt_kategori,train,"Menurutmu, apakah teks berikut: Jadilah orang yang bertanggung jawab atas segala tindakan anda. dengan demikian anda akan menuai hal yang positif. #SidangAhok, termasuk dalam kategori ujaran kebencian atau tidak?",tidak
3759,id_hatespeech,id_hatespeech_nusantara_text,585194c2-9f25-4f75-a136-37600940fdba,hate_or_noHate_zs_noopt_kategori,train,"Menurutmu, apakah teks berikut: Menurut Anda, apakah #SidangAhok Dugaan Penistaan Agama dgn Terdakwa @basuki_btp murni isyu Pilkada DKI Jakarta atau murni demi Islam???, termasuk dalam kategori ujaran kebencian atau tidak?",tidak
3760,id_hatespeech,id_hatespeech_nusantara_text,585194c2-9f25-4f75-a136-37600940fdba,hate_or_noHate_zs_noopt_kategori,train,"Menurutmu, apakah teks berikut: Semua kejujuran akan mendapatkan pahala dari surga. Sabar ya Pak Basuki #FreeAhok https://t.co/NlgbEcj4Jc, termasuk dalam kategori ujaran kebencian atau tidak?",tidak
3761,id_hatespeech,id_hatespeech_nusantara_text,585194c2-9f25-4f75-a136-37600940fdba,hate_or_noHate_zs_noopt_kategori,train,"Menurutmu, apakah teks berikut: Jadilah orang yang bertanggung jawab atas segala tindakan anda. dengan demikian anda akan menuai hal yang positif. #SidangAhok, termasuk dalam kategori ujaran kebencian atau tidak?",tidak
3762,id_hatespeech,id_hatespeech_nusantara_text,585194c2-9f25-4f75-a136-37600940fdba,hate_or_noHate_zs_noopt_kategori,train,"Menurutmu, apakah teks berikut: #MataNajwaDebatJakarta terima kasih telah memberikan pendidikan demokrasi pada rakyat Indonesia, khususnya Jakarta., termasuk dalam kategori ujaran kebencian atau tidak?",tidak
3763,id_hatespeech,id_hatespeech_nusantara_text,585194c2-9f25-4f75-a136-37600940fdba,hate_or_noHate_zs_noopt_kategori,train,"Menurutmu, apakah teks berikut: Keberagaman itu datang dr hati terdalam, bukan dr pencitraan #Tetap3 #JKTBeragam, termasuk dalam kategori ujaran kebencian atau tidak?",tidak
3764,id_hatespeech,id_hatespeech_nusantara_text,585194c2-9f25-4f75-a136-37600940fdba,hate_or_noHate_zs_noopt_kategori,train,"Menurutmu, apakah teks berikut: Membangun bangsa dan negara ini engga cukup dengan metoda pencitraan saja ,tanpa teruji lewat rekam jejak dan integritas tokohnya, termasuk dalam kategori ujaran kebencian atau tidak?",tidak
3765,id_hatespeech,id_hatespeech_nusantara_text,585194c2-9f25-4f75-a136-37600940fdba,hate_or_noHate_zs_noopt_kategori,train,"Menurutmu, apakah teks berikut: jangan ada keberpihakan dalam badan hukum karena itu akan merusak demokrasi #important #MataNajwaDebatJakarta, termasuk dalam kategori ujaran kebencian atau tidak?",tidak
3766,id_hatespeech,id_hatespeech_nusantara_text,585194c2-9f25-4f75-a136-37600940fdba,hate_or_noHate_zs_noopt_kategori,train,"Menurutmu, apakah teks berikut: Jika lo bisa menceritakan kembali kalimat2 yg dilontarkan Anies di @MataNajwa dgn bahasa lo sendiri, lo luar biasa. #MataNajwaDebatJakarta, termasuk dalam kategori ujaran kebencian atau tidak?",tidak
3767,id_hatespeech,id_hatespeech_nusantara_text,585194c2-9f25-4f75-a136-37600940fdba,hate_or_noHate_zs_noopt_kategori,train,"Menurutmu, apakah teks berikut: kalau liat sosmed, Pak Ahok menang telak. Namun sayang, hanya kata-kata manis lah yg diserap bbrp warga kecil. #matanajwadebatjakarta, termasuk dalam kategori ujaran kebencian atau tidak?",tidak
3768,id_hatespeech,id_hatespeech_nusantara_text,585194c2-9f25-4f75-a136-37600940fdba,hate_or_noHate_zs_noopt_kategori,train,"Menurutmu, apakah teks berikut: Seharusnya mah basuki sudah bebas ya kan? #FreeAhok https://t.co/Mw3k0vYweF, termasuk dalam kategori ujaran kebencian atau tidak?",tidak
3769,id_hatespeech,id_hatespeech_nusantara_text,585194c2-9f25-4f75-a136-37600940fdba,hate_or_noHate_zs_noopt_kategori,train,"Menurutmu, apakah teks berikut: Kenapa debat @MataNajwa ini, Ahok makin keliatan diatas angin ya. Kliatan dia sangat menguasai problem solusi tata kelola Jakarta., termasuk dalam kategori ujaran kebencian atau tidak?",tidak
3770,id_hatespeech,id_hatespeech_nusantara_text,585194c2-9f25-4f75-a136-37600940fdba,hate_or_noHate_zs_noopt_kategori,train,"Menurutmu, apakah teks berikut: Kalau lihat Ahok itu kayak lihat power rangers merah, termasuk dalam kategori ujaran kebencian atau tidak?",tidak
3771,id_hatespeech,id_hatespeech_nusantara_text,585194c2-9f25-4f75-a136-37600940fdba,hate_or_noHate_zs_noopt_kategori,train,"Menurutmu, apakah teks berikut: Kesimpulan. Ahok spt biasa fokus detail ke program. Anies terlalu fokus menjatuhkan lawan #MataNajwaDebatJakarta, termasuk dalam kategori ujaran kebencian atau tidak?",tidak
3772,id_hatespeech,id_hatespeech_nusantara_text,585194c2-9f25-4f75-a136-37600940fdba,hate_or_noHate_zs_noopt_kategori,train,"Menurutmu, apakah teks berikut: pertunjukan yang sangat membuat saya serius dan gak mau diganggu, selamat untuk pak @aniesbaswedan buat gagasan nya #MataNajwaDebatJakarta, termasuk dalam kategori ujaran kebencian atau tidak?",tidak
3773,id_hatespeech,id_hatespeech_nusantara_text,585194c2-9f25-4f75-a136-37600940fdba,hate_or_noHate_zs_noopt_kategori,train,"Menurutmu, apakah teks berikut: Jangan berpihak...melayani rakyat dengan sepenuh hati..Tuhan yang memberi kekuasaan.. Tuhan yang mengambil..-ahok#MataNajwaDebatJakarta, termasuk dalam kategori ujaran kebencian atau tidak?",tidak
3774,id_hatespeech,id_hatespeech_nusantara_text,585194c2-9f25-4f75-a136-37600940fdba,hate_or_noHate_zs_noopt_kategori,train,"Menurutmu, apakah teks berikut: Pak Ahok jangan blunder dong Pak..dari tadi udah bagus. Pertanyaannya komitmen menerima hasil kontestasi. #MataNajwaDebatJakarta, termasuk dalam kategori ujaran kebencian atau tidak?",tidak
3775,id_hatespeech,id_hatespeech_nusantara_text,585194c2-9f25-4f75-a136-37600940fdba,hate_or_noHate_zs_noopt_kategori,train,"Menurutmu, apakah teks berikut: jangan ada keberpihakan dalam badan hukum karena itu akan merusak demokrasi #important #MataNajwaDebatJakarta, termasuk dalam kategori ujaran kebencian atau tidak?",tidak
3776,id_hatespeech,id_hatespeech_nusantara_text,585194c2-9f25-4f75-a136-37600940fdba,hate_or_noHate_zs_noopt_kategori,train,"Menurutmu, apakah teks berikut: Jika lo bisa menceritakan kembali kalimat2 yg dilontarkan Anies di @MataNajwa dgn bahasa lo sendiri, lo luar biasa. #MataNajwaDebatJakarta, termasuk dalam kategori ujaran kebencian atau tidak?",tidak
3777,id_hatespeech,id_hatespeech_nusantara_text,585194c2-9f25-4f75-a136-37600940fdba,hate_or_noHate_zs_noopt_kategori,train,"Menurutmu, apakah teks berikut: Kenapa debat @MataNajwa ini, Ahok makin keliatan diatas angin ya. Kliatan dia sangat menguasai problem solusi tata kelola Jakarta., termasuk dalam kategori ujaran kebencian atau tidak?",tidak
3778,id_hatespeech,id_hatespeech_nusantara_text,585194c2-9f25-4f75-a136-37600940fdba,hate_or_noHate_zs_noopt_kategori,train,"Menurutmu, apakah teks berikut: Kiranya Jakarta semakin baik. Selamat berjuang buat Pak Ahok dan Pak Anies ! #MataNajwaDebatJakarta, termasuk dalam kategori ujaran kebencian atau tidak?",tidak
3779,id_hatespeech,id_hatespeech_nusantara_text,585194c2-9f25-4f75-a136-37600940fdba,hate_or_noHate_zs_noopt_kategori,train,"Menurutmu, apakah teks berikut: Masihkah Ahoker debat soal program? Jlebb.. KO kena uppercut Anies soal KJP. Pergubnya blm di rubah.. @roemahdjoeang @NetizenTofa @cepot234, termasuk dalam kategori ujaran kebencian atau tidak?",tidak
3780,id_hatespeech,id_hatespeech_nusantara_text,585194c2-9f25-4f75-a136-37600940fdba,hate_or_noHate_zs_noopt_kategori,train,"Menurutmu, apakah teks berikut: RT @alysap_: Semua penganut agama harus dapet hak yang sama - Ahok #MataNajwaDebatJakarta, termasuk dalam kategori ujaran kebencian atau tidak?",tidak
3781,id_hatespeech,id_hatespeech_nusantara_text,585194c2-9f25-4f75-a136-37600940fdba,hate_or_noHate_zs_noopt_kategori,train,"Menurutmu, apakah teks berikut: Aku heran kenapa ilklan kampanye #AhokDjarot yg terbaru itu begitu, ini aku loh yang bingung bkn akuang,asiang, atau aming #IklanAhokJahat, termasuk dalam kategori ujaran kebencian atau tidak?",tidak
3782,id_hatespeech,id_hatespeech_nusantara_text,585194c2-9f25-4f75-a136-37600940fdba,hate_or_noHate_zs_noopt_kategori,train,"Menurutmu, apakah teks berikut: Abis nyoblos streaming video perkembangan Pilkada 2017 pake #SisaKuotaGakHangus dari @IM3Ooredoo kuota ga habis deh, termasuk dalam kategori ujaran kebencian atau tidak?",tidak
3783,id_hatespeech,id_hatespeech_nusantara_text,585194c2-9f25-4f75-a136-37600940fdba,hate_or_noHate_zs_noopt_kategori,train,"Menurutmu, apakah teks berikut: muslim sedang diuji di negara yg mayoritas Islam..semoga kita smua bisa bersabar dan menahan utk tidak berbicara kasar sbg balasan, termasuk dalam kategori ujaran kebencian atau tidak?",tidak
3784,id_hatespeech,id_hatespeech_nusantara_text,585194c2-9f25-4f75-a136-37600940fdba,hate_or_noHate_zs_noopt_kategori,train,"Menurutmu, apakah teks berikut: Kiranya Jakarta semakin baik. Selamat berjuang buat Pak Ahok dan Pak Anies ! #MataNajwaDebatJakarta, termasuk dalam kategori ujaran kebencian atau tidak?",tidak
3785,id_hatespeech,id_hatespeech_nusantara_text,585194c2-9f25-4f75-a136-37600940fdba,hate_or_noHate_zs_noopt_kategori,train,"Menurutmu, apakah teks berikut: RT @grcllafrn: Pak Anies, inget, apa yg kau tabur itu yang akan kau tuai nanti... jadi takut sendiri :"") #MataNajwaDebatJakarta, termasuk dalam kategori ujaran kebencian atau tidak?",tidak
3786,id_hatespeech,id_hatespeech_nusantara_text,585194c2-9f25-4f75-a136-37600940fdba,hate_or_noHate_zs_noopt_kategori,train,"Menurutmu, apakah teks berikut: RT @kompascom: Bagaimana metode penarikan sampel hitung cepat yg dilakukan Litbang Kompas dlm Pilkada DKI Jakarta 2017? Simak disini, termasuk dalam kategori ujaran kebencian atau tidak?",tidak
3787,id_hatespeech,id_hatespeech_nusantara_text,585194c2-9f25-4f75-a136-37600940fdba,hate_or_noHate_zs_noopt_kategori,train,"Menurutmu, apakah teks berikut: mnding diem aja pak @basuki_btp semua pergerakanmu pasti disalahkan, klo wktunya menang ntar jga menang.... #IklanAhokJahat, termasuk dalam kategori ujaran kebencian atau tidak?",tidak
3788,id_hatespeech,id_hatespeech_nusantara_text,585194c2-9f25-4f75-a136-37600940fdba,hate_or_noHate_zs_noopt_kategori,train,"Menurutmu, apakah teks berikut: RT @netmediatama: Perbincangan menarik di Quick Count Pilkada 2017 bersama @irakoesno. #NETPilkada https:\/\/t.co\/odbVw4uWMr, termasuk dalam kategori ujaran kebencian atau tidak?",tidak
3789,id_hatespeech,id_hatespeech_nusantara_text,585194c2-9f25-4f75-a136-37600940fdba,hate_or_noHate_zs_noopt_kategori,train,"Menurutmu, apakah teks berikut: Bersyukur menutup kampanye hari ini dengan berdoa agar PILKADA DKI Jakarta pada 15 Februari 2017 berjalan dengan lancar, termasuk dalam kategori ujaran kebencian atau tidak?",tidak
3790,id_hatespeech,id_hatespeech_nusantara_text,585194c2-9f25-4f75-a136-37600940fdba,hate_or_noHate_zs_noopt_kategori,train,"Menurutmu, apakah teks berikut: Julia Perez Kecewa Gagal Nyoblos Pilkada DKI 2017 di TPS 15 RSCM https:\/\/t.co\/vajPLioiek, termasuk dalam kategori ujaran kebencian atau tidak?",tidak
3791,id_hatespeech,id_hatespeech_nusantara_text,585194c2-9f25-4f75-a136-37600940fdba,hate_or_noHate_zs_noopt_kategori,train,"Menurutmu, apakah teks berikut: Disediakan Ambulans untuk Pasien Mencoblos pada Pilkada DKI 2017, termasuk dalam kategori ujaran kebencian atau tidak?",tidak
3792,id_hatespeech,id_hatespeech_nusantara_text,585194c2-9f25-4f75-a136-37600940fdba,hate_or_noHate_zs_noopt_kategori,train,"Menurutmu, apakah teks berikut: RT @miekarinayam: Saya bertanya apakah saya memang tak boleh ikut Pilkada 2017? Apakah saya kehilangan hak saya yg dijamin konstitusi?, termasuk dalam kategori ujaran kebencian atau tidak?",tidak
3793,id_hatespeech,id_hatespeech_nusantara_text,585194c2-9f25-4f75-a136-37600940fdba,hate_or_noHate_zs_noopt_kategori,train,"Menurutmu, apakah teks berikut: Ya Allah! Anis dan Sandi bakal jadi Gubernur DKI Jakarta terpilih di tahun ini, termasuk dalam kategori ujaran kebencian atau tidak?",tidak
3794,id_hatespeech,id_hatespeech_nusantara_text,585194c2-9f25-4f75-a136-37600940fdba,hate_or_noHate_zs_noopt_kategori,train,"Menurutmu, apakah teks berikut: Domisili gue di Jakpus bela-belain ke TPS yg berlokasi di Jakbar dgn bermodal e-KTP buat ikutan Pilkada 2017., termasuk dalam kategori ujaran kebencian atau tidak?",tidak
3795,id_hatespeech,id_hatespeech_nusantara_text,585194c2-9f25-4f75-a136-37600940fdba,hate_or_noHate_zs_noopt_kategori,train,"Menurutmu, apakah teks berikut: RT @netmediatama: Presiden @jokowi menggunakan hak suaranya untuk Pilkada DKI Jakarta 2017 di TPS 4 Gambir Jakarta Pusat. #NETPilkada, termasuk dalam kategori ujaran kebencian atau tidak?",tidak
3796,id_hatespeech,id_hatespeech_nusantara_text,585194c2-9f25-4f75-a136-37600940fdba,hate_or_noHate_zs_noopt_kategori,train,"Menurutmu, apakah teks berikut: RT @boelatboelat: agree pak @basuki_btp kekuasaan itu Tuhan yang kasih, walau dijatuhkan, Tuhan akan menaikkan :) #MataNajwaDebatJakarta, termasuk dalam kategori ujaran kebencian atau tidak?",tidak
3797,id_hatespeech,id_hatespeech_nusantara_text,585194c2-9f25-4f75-a136-37600940fdba,hate_or_noHate_zs_noopt_kategori,train,"Menurutmu, apakah teks berikut: RT @AzzamBarbarossa: Akibat Nila Setitik Rusak Susu Sebelangga, Akibat Mulut Oknum Tak terdidik Rusak Juga Persatuan Bangsa. #IklanAhokJahat, termasuk dalam kategori ujaran kebencian atau tidak?",tidak
3798,id_hatespeech,id_hatespeech_nusantara_text,585194c2-9f25-4f75-a136-37600940fdba,hate_or_noHate_zs_noopt_kategori,train,"Menurutmu, apakah teks berikut: Mudah-mudahan Novel baswedan tidak alami kebutaan pada matanya. Kalau sampai buta, saya siap mendonorkan mata saya untuk dia., termasuk dalam kategori ujaran kebencian atau tidak?",tidak
3799,id_hatespeech,id_hatespeech_nusantara_text,585194c2-9f25-4f75-a136-37600940fdba,hate_or_noHate_zs_noopt_kategori,train,"Menurutmu, apakah teks berikut: Mengapa mereka melakukan ini, apakah bisa merubah keadaan bagi para pemilih nanti ? #IklanAhokJahat, termasuk dalam kategori ujaran kebencian atau tidak?",tidak
3800,id_hatespeech,id_hatespeech_nusantara_text,585194c2-9f25-4f75-a136-37600940fdba,hate_or_noHate_zs_noopt_kategori,train,"Menurutmu, apakah teks berikut: RT @hariadhi: Siapa yg salah? Ahok? Iklannya? Bukan.. yang perlu diprotes adalah orang yg benar2 pake spanduk itu #IklanAhokJahat https://t, termasuk dalam kategori ujaran kebencian atau tidak?",tidak
3801,id_hatespeech,id_hatespeech_nusantara_text,585194c2-9f25-4f75-a136-37600940fdba,hate_or_noHate_zs_noopt_kategori,train,"Menurutmu, apakah teks berikut: Sampe sekarang gue blm ngerti dp rumah 0% itu gmn skemanya. Trs emg ada ya perbankan yg mau ngasih kredit rumah gak pakai dp? #debatfinalpilkadadki, termasuk dalam kategori ujaran kebencian atau tidak?",tidak
3802,id_hatespeech,id_hatespeech_nusantara_text,585194c2-9f25-4f75-a136-37600940fdba,hate_or_noHate_zs_noopt_kategori,train,"Menurutmu, apakah teks berikut: #debatfinalpilkadadki Bagi Anies gubernur adalah pemimpin, bukan administratur / pelayan masyarkt. Padahal melayani mencerminkan integritas., termasuk dalam kategori ujaran kebencian atau tidak?",tidak
3803,id_hatespeech,id_hatespeech_nusantara_text,585194c2-9f25-4f75-a136-37600940fdba,hate_or_noHate_zs_noopt_kategori,train,"Menurutmu, apakah teks berikut: Kalimat Penutup Anies Ambisius, Ahok Minta Maaf, Karakter Tidak Bisa Bohong. #DebatPilkadaDKI #DebatFinalPilkadaDKI, termasuk dalam kategori ujaran kebencian atau tidak?",tidak
3804,id_hatespeech,id_hatespeech_nusantara_text,585194c2-9f25-4f75-a136-37600940fdba,hate_or_noHate_zs_noopt_kategori,train,"Menurutmu, apakah teks berikut: pertunjukan yang sangat membuat saya serius dan gak mau diganggu, selamat untuk pak @aniesbaswedan buat gagasan nya #MataNajwaDebatJakarta, termasuk dalam kategori ujaran kebencian atau tidak?",tidak
3805,id_hatespeech,id_hatespeech_nusantara_text,585194c2-9f25-4f75-a136-37600940fdba,hate_or_noHate_zs_noopt_kategori,train,"Menurutmu, apakah teks berikut: RT @BelaQuran: Kami tdk akan terprovokasi dgn sentimen dan jualan SARA mu itu, karena kami cinta Indonesia #IklanAhokJahat, termasuk dalam kategori ujaran kebencian atau tidak?",tidak
3806,id_hatespeech,id_hatespeech_nusantara_text,585194c2-9f25-4f75-a136-37600940fdba,hate_or_noHate_zs_noopt_kategori,train,"Menurutmu, apakah teks berikut: Semakin umat di suguhkan #IklanAhokJahat maka akan semakin terlihat siapa yang menebar kebencian terhadap kerukunan antar umat beragama, termasuk dalam kategori ujaran kebencian atau tidak?",tidak
3807,id_hatespeech,id_hatespeech_nusantara_text,585194c2-9f25-4f75-a136-37600940fdba,hate_or_noHate_zs_noopt_kategori,train,"Menurutmu, apakah teks berikut: Hampir semua polling Anies - Sandi yang menang. Semoga hari H nya juga demikian. #AniesSandi, termasuk dalam kategori ujaran kebencian atau tidak?",tidak
3808,id_hatespeech,id_hatespeech_nusantara_text,585194c2-9f25-4f75-a136-37600940fdba,hate_or_noHate_zs_noopt_kategori,train,"Menurutmu, apakah teks berikut: RT @anjisudirman: @fahiraidris Yg iklankan kampanye ahox adalah yg sama sebarin spanduk syariah dan brosur black campaign. #IklanAhokJahat, termasuk dalam kategori ujaran kebencian atau tidak?",tidak
3809,id_hatespeech,id_hatespeech_nusantara_text,585194c2-9f25-4f75-a136-37600940fdba,hate_or_noHate_zs_noopt_kategori,train,"Menurutmu, apakah teks berikut: Oke Oce akan menjadi brand dimana, semuanya menjadi OKe Oce, bahkan nanti ada kampung Oke Oce #debatfinalpilkadadki, termasuk dalam kategori ujaran kebencian atau tidak?",tidak
3810,id_hatespeech,id_hatespeech_nusantara_text,585194c2-9f25-4f75-a136-37600940fdba,hate_or_noHate_zs_noopt_kategori,train,"Menurutmu, apakah teks berikut: RT @BelaQuran: Sungguh sgt mengherankan, mengkampanyekan kebhinekaan tp dengan menyebarkan Islamophobia, kebhinekaan yg mana yg dimaksud?, termasuk dalam kategori ujaran kebencian atau tidak?",tidak
3811,id_hatespeech,id_hatespeech_nusantara_text,585194c2-9f25-4f75-a136-37600940fdba,hate_or_noHate_zs_noopt_kategori,train,"Menurutmu, apakah teks berikut: Debat Final Pilkada DKI Jakarta, Siapa yang Gagap, dan Siapa yang Tepat Menjawab - Adjat Sudradjat, termasuk dalam kategori ujaran kebencian atau tidak?",tidak
3812,id_hatespeech,id_hatespeech_nusantara_text,585194c2-9f25-4f75-a136-37600940fdba,hate_or_noHate_zs_noopt_kategori,train,"Menurutmu, apakah teks berikut: Jika persoalan pemimpin hanya dikaitkan dengan lisan, maka apa bedanya gubernur dengan anak-anak? #MataNajwaDebatJakarta, termasuk dalam kategori ujaran kebencian atau tidak?",tidak
3813,id_hatespeech,id_hatespeech_nusantara_text,585194c2-9f25-4f75-a136-37600940fdba,hate_or_noHate_zs_noopt_kategori,train,"Menurutmu, apakah teks berikut: Cerita Djarot ini diharapkan membuat para pendukung tetap berdamai. #debatfinalpilkadadki #temanahok #AniesSandi, termasuk dalam kategori ujaran kebencian atau tidak?",tidak
3814,id_hatespeech,id_hatespeech_nusantara_text,585194c2-9f25-4f75-a136-37600940fdba,hate_or_noHate_zs_noopt_kategori,train,"Menurutmu, apakah teks berikut: Cuman mau bilang sama yang serius banget ngetweet pakai hastag #IklanAhokJahat ""Gitu aja baper""., termasuk dalam kategori ujaran kebencian atau tidak?",tidak
3815,id_hatespeech,id_hatespeech_nusantara_text,585194c2-9f25-4f75-a136-37600940fdba,hate_or_noHate_zs_noopt_kategori,train,"Menurutmu, apakah teks berikut: Ira Koesno Didekati Anies-Sandi Lalu Marahi Pendukung Paslon Saat Debat Pilkada DKI, termasuk dalam kategori ujaran kebencian atau tidak?",tidak
3816,id_hatespeech,id_hatespeech_nusantara_text,585194c2-9f25-4f75-a136-37600940fdba,hate_or_noHate_zs_noopt_kategori,train,"Menurutmu, apakah teks berikut: Alhamdulillah ya Allah SWT Semoga jakarta punya gubernur baru yg lebih bersahaja, bersahabat utk semuanya #AniesSandi, termasuk dalam kategori ujaran kebencian atau tidak?",tidak
3817,id_hatespeech,id_hatespeech_nusantara_text,585194c2-9f25-4f75-a136-37600940fdba,hate_or_noHate_zs_noopt_kategori,train,"Menurutmu, apakah teks berikut: Jelang larut semalam. Diskusi dengan aktifis Golkar tingkat kelurahan. Siap bergabung dalam pemenangan #AniesSandi, termasuk dalam kategori ujaran kebencian atau tidak?",tidak
3818,id_hatespeech,id_hatespeech_nusantara_text,585194c2-9f25-4f75-a136-37600940fdba,hate_or_noHate_zs_noopt_kategori,train,"Menurutmu, apakah teks berikut: RT @alayyubichoir: Sosok Anies Sandi harus diakui sgt mengayomi. Sangat kompeten utk membangun kerukukan & kebhinekaan di Jakarta, termasuk dalam kategori ujaran kebencian atau tidak?",tidak
3819,id_hatespeech,id_hatespeech_nusantara_text,585194c2-9f25-4f75-a136-37600940fdba,hate_or_noHate_zs_noopt_kategori,train,"Menurutmu, apakah teks berikut: RT @nielchen99: Ngomong manis memang gampang giliran kerja bingung #MataNajwaDebatJakarta, termasuk dalam kategori ujaran kebencian atau tidak?",tidak
3820,id_hatespeech,id_hatespeech_nusantara_text,585194c2-9f25-4f75-a136-37600940fdba,hate_or_noHate_zs_noopt_kategori,train,"Menurutmu, apakah teks berikut: 19 April adalah saat yang penting bagi warga Jakarta untuk menentukan masa depan Ibukota, termasuk dalam kategori ujaran kebencian atau tidak?",tidak
3821,id_hatespeech,id_hatespeech_nusantara_text,585194c2-9f25-4f75-a136-37600940fdba,hate_or_noHate_zs_noopt_kategori,train,"Menurutmu, apakah teks berikut: RT @maharanisinta70: terimakasih Pak Anies pemaparantentang DP 0 ,memberi solusi bagi warga jakarta yang ingin punya rumah dan tidak nyewa terus., termasuk dalam kategori ujaran kebencian atau tidak?",tidak
3822,id_hatespeech,id_hatespeech_nusantara_text,585194c2-9f25-4f75-a136-37600940fdba,hate_or_noHate_zs_noopt_kategori,train,"Menurutmu, apakah teks berikut: Yang aku perhatikan, Tim Mas @aniesbaswedan sibuk ngoceh tentang @basuki_btp dan programnya. Kenapa gak ngurus diri sendiri?, termasuk dalam kategori ujaran kebencian atau tidak?",tidak
3823,id_hatespeech,id_hatespeech_nusantara_text,585194c2-9f25-4f75-a136-37600940fdba,hate_or_noHate_zs_noopt_kategori,train,"Menurutmu, apakah teks berikut: kalo pilih gubernur yg jujur, kerja nyata,anti korupsi,tegas,pinter,mlyani rakyat iklas & peduli pilih ahok djarot,.., termasuk dalam kategori ujaran kebencian atau tidak?",tidak
3824,id_hatespeech,id_hatespeech_nusantara_text,585194c2-9f25-4f75-a136-37600940fdba,hate_or_noHate_zs_noopt_kategori,train,"Menurutmu, apakah teks berikut: RT @anies_sandi: Bisa merangkul dan menegakkan hukum. Kepemimpinan itu hadir dengan memberikan contoh & perbuatan - @aniesbaswedan, termasuk dalam kategori ujaran kebencian atau tidak?",tidak
3825,id_hatespeech,id_hatespeech_nusantara_text,585194c2-9f25-4f75-a136-37600940fdba,hate_or_noHate_zs_noopt_kategori,train,"Menurutmu, apakah teks berikut: Hasil kerja Ahok Djarot sungai di Jakarta kembali normal, bersih dan enak dipandang, termasuk dalam kategori ujaran kebencian atau tidak?",tidak
3826,id_hatespeech,id_hatespeech_nusantara_text,585194c2-9f25-4f75-a136-37600940fdba,hate_or_noHate_zs_noopt_kategori,train,"Menurutmu, apakah teks berikut: Ahok & Anies sama baiknya kok, sama bagusnya, sama okenya. Siapa yg kepilih yg menang tetap rakyat jakarta, termasuk dalam kategori ujaran kebencian atau tidak?",tidak
3827,id_hatespeech,id_hatespeech_nusantara_text,585194c2-9f25-4f75-a136-37600940fdba,hate_or_noHate_zs_noopt_kategori,train,"Menurutmu, apakah teks berikut: Semoga pak basuki bisa jadi presiden,agar Indonesia lebih maju., termasuk dalam kategori ujaran kebencian atau tidak?",tidak
3828,id_hatespeech,id_hatespeech_nusantara_text,585194c2-9f25-4f75-a136-37600940fdba,hate_or_noHate_zs_noopt_kategori,train,"Menurutmu, apakah teks berikut: Allah SWT tdk butuh anda. Tapi Anda yang butuh Allah,Rezeki, hidup matimu. Allah yg tentukan. Mau khianati Allah? yakin gak nyesel? #SidangAhok, termasuk dalam kategori ujaran kebencian atau tidak?",tidak
3829,id_hatespeech,id_hatespeech_nusantara_text,585194c2-9f25-4f75-a136-37600940fdba,hate_or_noHate_zs_noopt_kategori,train,"Menurutmu, apakah teks berikut: #SidangAhok dilanjutkan dengan rekaman yang memuat kampanye Ahok di DPP Nasdem dan juga Pulau Seribu. | @adrieedu https://t.co/8P5P4DUcFG, termasuk dalam kategori ujaran kebencian atau tidak?",tidak
3830,id_hatespeech,id_hatespeech_nusantara_text,585194c2-9f25-4f75-a136-37600940fdba,hate_or_noHate_zs_noopt_kategori,train,"Menurutmu, apakah teks berikut: RT @JanurOmank2626: Ahok harus bebas demi hukum demi keadilan demi kelanjutan perbaikan DKI. Semoga hakim mmpunyai sense of justice, termasuk dalam kategori ujaran kebencian atau tidak?",tidak
3831,id_hatespeech,id_hatespeech_nusantara_text,585194c2-9f25-4f75-a136-37600940fdba,hate_or_noHate_zs_noopt_kategori,train,"Menurutmu, apakah teks berikut: Pembangkit Listrik Tenaga Panas Bumi Terbesar Dunia.. #CitiPeka #SidangAhok #Tebak2anHajiDjarot https://t.co/KtXdXZsh8H, termasuk dalam kategori ujaran kebencian atau tidak?",tidak
3832,id_hatespeech,id_hatespeech_nusantara_text,585194c2-9f25-4f75-a136-37600940fdba,hate_or_noHate_zs_noopt_kategori,train,"Menurutmu, apakah teks berikut: RT @findririn: Dan toleransi itu, ketika muslim bisa menjalankan perintah agamanya, dan non muslim juga bisa menjalankan agamanya., termasuk dalam kategori ujaran kebencian atau tidak?",tidak
3833,id_hatespeech,id_hatespeech_nusantara_text,585194c2-9f25-4f75-a136-37600940fdba,hate_or_noHate_zs_noopt_kategori,train,"Menurutmu, apakah teks berikut: RT @findririn: Walaupun artinya teman setia, seharusnya lebih dihindari kalau jd pemimpin, termasuk dalam kategori ujaran kebencian atau tidak?",tidak
3834,id_hatespeech,id_hatespeech_nusantara_text,585194c2-9f25-4f75-a136-37600940fdba,hate_or_noHate_zs_noopt_kategori,train,"Menurutmu, apakah teks berikut: Semua kejujuran akan mendapatkan pahala dr surga #FreeAhok, termasuk dalam kategori ujaran kebencian atau tidak?",tidak
3835,id_hatespeech,id_hatespeech_nusantara_text,585194c2-9f25-4f75-a136-37600940fdba,hate_or_noHate_zs_noopt_kategori,train,"Menurutmu, apakah teks berikut: Seharusnya mah basuki sudah bebas ya kan? #FreeAhok https://t.co/Mw3k0vYweF, termasuk dalam kategori ujaran kebencian atau tidak?",tidak
3836,id_hatespeech,id_hatespeech_nusantara_text,585194c2-9f25-4f75-a136-37600940fdba,hate_or_noHate_zs_noopt_kategori,train,"Menurutmu, apakah teks berikut: RT @RuridaJihandari: Itu sidang apa drama korea sampe 20kali, lagi menunggu sidang ahok season 2 nih... Kayaknya goblin mah kalah pamornya, termasuk dalam kategori ujaran kebencian atau tidak?",tidak
3837,id_hatespeech,id_hatespeech_nusantara_text,585194c2-9f25-4f75-a136-37600940fdba,hate_or_noHate_zs_noopt_kategori,train,"Menurutmu, apakah teks berikut: Menurut Anda, Transportasi Online manakah dikatakan ""tarif murah, aman & nyaman"" melayani ???, termasuk dalam kategori ujaran kebencian atau tidak?",tidak
3838,id_hatespeech,id_hatespeech_nusantara_text,585194c2-9f25-4f75-a136-37600940fdba,hate_or_noHate_zs_noopt_kategori,train,"Menurutmu, apakah teks berikut: Nelayan Jakarta Sudah Disiapin Pulau Khusus oleh Pemda DKI #LunchBreak #SidangAhok, termasuk dalam kategori ujaran kebencian atau tidak?",tidak
3839,id_hatespeech,id_hatespeech_nusantara_text,585194c2-9f25-4f75-a136-37600940fdba,hate_or_noHate_zs_noopt_kategori,train,"Menurutmu, apakah teks berikut: Adakah Potensi Radikalisme di Pilgub DKI Jakarta? #LunchBreak #SidangAhok, termasuk dalam kategori ujaran kebencian atau tidak?",tidak
3840,id_hatespeech,id_hatespeech_nusantara_text,585194c2-9f25-4f75-a136-37600940fdba,hate_or_noHate_zs_noopt_kategori,train,"Menurutmu, apakah teks berikut: RT @NovenStjK: Siaran ulang #AhokDjarotDiRosi malam ini, saksikan yuk di @KompasTV #AhokDjarot #Temanahok, termasuk dalam kategori ujaran kebencian atau tidak?",tidak
3841,id_hatespeech,id_hatespeech_nusantara_text,585194c2-9f25-4f75-a136-37600940fdba,hate_or_noHate_zs_noopt_kategori,train,"Menurutmu, apakah teks berikut: cuma org"" yg salah saja yg takut dgn doa itu,anda salah?? kenapa takut??? bertobatlah sebelum doa itu dinyatakan,, termasuk dalam kategori ujaran kebencian atau tidak?",tidak
3842,id_hatespeech,id_hatespeech_nusantara_text,585194c2-9f25-4f75-a136-37600940fdba,hate_or_noHate_zs_noopt_kategori,train,"Menurutmu, apakah teks berikut: Selamat Pagi met aktifitas happy weekend Semoga kita jadi orang jujur biar hidup slalu mujur Aamiin #FreeAhok, termasuk dalam kategori ujaran kebencian atau tidak?",tidak
3843,id_hatespeech,id_hatespeech_nusantara_text,585194c2-9f25-4f75-a136-37600940fdba,hate_or_noHate_zs_noopt_kategori,train,"Menurutmu, apakah teks berikut: Ahok dituntut 1 tahun penjara. Kemungkinan akan divonis bebas. Masalahnya, warga DKI terlanjur kehilangan pemimpin terbaik. #FreeAhok, termasuk dalam kategori ujaran kebencian atau tidak?",tidak
3844,id_hatespeech,id_hatespeech_nusantara_text,585194c2-9f25-4f75-a136-37600940fdba,hate_or_noHate_zs_noopt_kategori,train,"Menurutmu, apakah teks berikut: Alhamdulillah tuntutan jaksa hanya 1 tahun masa percobaan 2 tahun yg artinya sbnrnya jaksa mengakui kalo Ahok itu tak bersalah #FreeAhok, termasuk dalam kategori ujaran kebencian atau tidak?",tidak
3845,id_hatespeech,id_hatespeech_nusantara_text,585194c2-9f25-4f75-a136-37600940fdba,hate_or_noHate_zs_noopt_kategori,train,"Menurutmu, apakah teks berikut: Kalah atau menang #tetapahok. Terimakasih krn banyak ngasih pelajaran bagaimana kerja keras utk rakyat dgn bersih., termasuk dalam kategori ujaran kebencian atau tidak?",tidak
3846,id_hatespeech,id_hatespeech_nusantara_text,585194c2-9f25-4f75-a136-37600940fdba,hate_or_noHate_zs_noopt_kategori,train,"Menurutmu, apakah teks berikut: Pilkada Serentak, Megawati Hanya Minta Jangan ada Intimidasi dan Politik Uang https:\/\/t.co\/zHhvJ4qrrY, termasuk dalam kategori ujaran kebencian atau tidak?",tidak
3847,id_hatespeech,id_hatespeech_nusantara_text,585194c2-9f25-4f75-a136-37600940fdba,hate_or_noHate_zs_noopt_kategori,train,"Menurutmu, apakah teks berikut: #thw911 Saat Anies-Sandiaga Minta Doa Ustaz untuk Debat Pilkada https:\/\/t.co\/2odlrYteU1, termasuk dalam kategori ujaran kebencian atau tidak?",tidak
3848,id_hatespeech,id_hatespeech_nusantara_text,585194c2-9f25-4f75-a136-37600940fdba,hate_or_noHate_zs_noopt_kategori,train,"Menurutmu, apakah teks berikut: Jangan pernah lelah mengabdi untuk Indonesia Pak @basuki_btp. #TetapAhok!, termasuk dalam kategori ujaran kebencian atau tidak?",tidak
3849,id_hatespeech,id_hatespeech_nusantara_text,585194c2-9f25-4f75-a136-37600940fdba,hate_or_noHate_zs_noopt_kategori,train,"Menurutmu, apakah teks berikut: @LaitsSaja Jika Menang, Anies Siap Rangkul Paslon Lain Jika menang dalam kontestasi Pilkada https:\/\/t.co\/KG40YTelWX, termasuk dalam kategori ujaran kebencian atau tidak?",tidak
3850,id_hatespeech,id_hatespeech_nusantara_text,585194c2-9f25-4f75-a136-37600940fdba,hate_or_noHate_zs_noopt_kategori,train,"Menurutmu, apakah teks berikut: @LaitsSaja TNI-Polri Bersinergi Jaga Keamanan Jelang Pilkada DKI TNI dan Polri terus bersin https:\/\/t.co\/HP77I9lffG, termasuk dalam kategori ujaran kebencian atau tidak?",tidak
3851,id_hatespeech,id_hatespeech_nusantara_text,585194c2-9f25-4f75-a136-37600940fdba,hate_or_noHate_zs_noopt_kategori,train,"Menurutmu, apakah teks berikut: @novie_wednes72r Bismillah Inshaa ALLAH Agus Sylvi menang Pilkada DKI 1putaran dan jadi pemimpin yg amanah dan mencintai rakyat jakarta., termasuk dalam kategori ujaran kebencian atau tidak?",tidak
3852,id_hatespeech,id_hatespeech_nusantara_text,585194c2-9f25-4f75-a136-37600940fdba,hate_or_noHate_zs_noopt_kategori,train,"Menurutmu, apakah teks berikut: Trima kasih pak uda bikin jakarta lebih baik selama bapak menjabat...., termasuk dalam kategori ujaran kebencian atau tidak?",tidak
3853,id_hatespeech,id_hatespeech_nusantara_text,585194c2-9f25-4f75-a136-37600940fdba,hate_or_noHate_zs_noopt_kategori,train,"Menurutmu, apakah teks berikut: @nu_online sikap yang jelas dan tegas demi ketertiban dan keamanan ibu kota negara menjelang pilkada dki jakarta, termasuk dalam kategori ujaran kebencian atau tidak?",tidak
3854,id_hatespeech,id_hatespeech_nusantara_text,585194c2-9f25-4f75-a136-37600940fdba,hate_or_noHate_zs_noopt_kategori,train,"Menurutmu, apakah teks berikut: Rencana Tuhan lebih baik dari rencana manusia. Mungkin Ahok bs bekerja kebih baik di posisi lain, termasuk dalam kategori ujaran kebencian atau tidak?",tidak
3855,id_hatespeech,id_hatespeech_nusantara_text,585194c2-9f25-4f75-a136-37600940fdba,hate_or_noHate_zs_noopt_kategori,train,"Menurutmu, apakah teks berikut: walau kalah tp aku tetap merasa terhormat mendukung BADJA #TerimakasihAhok, termasuk dalam kategori ujaran kebencian atau tidak?",tidak
3856,id_hatespeech,id_hatespeech_nusantara_text,585194c2-9f25-4f75-a136-37600940fdba,hate_or_noHate_zs_noopt_kategori,train,"Menurutmu, apakah teks berikut: Basuki TP Ahok Wawancara informal dengan wartawan Balaikota: https:\/\/t.co\/g7iB5H5RUL, termasuk dalam kategori ujaran kebencian atau tidak?",tidak
3857,id_hatespeech,id_hatespeech_nusantara_text,585194c2-9f25-4f75-a136-37600940fdba,hate_or_noHate_zs_noopt_kategori,train,"Menurutmu, apakah teks berikut: Terimakasih Pak Ahok @basuki_btp #tetapahok karena kita memang siap kalah, dan selamat buat Gubernur baru, termasuk dalam kategori ujaran kebencian atau tidak?",tidak
3858,id_hatespeech,id_hatespeech_nusantara_text,585194c2-9f25-4f75-a136-37600940fdba,hate_or_noHate_zs_noopt_kategori,train,"Menurutmu, apakah teks berikut: LUCU !! Yuk Melihat AHOK Promosikan Musik Dangdut Kepada Tamu Mancanegara, termasuk dalam kategori ujaran kebencian atau tidak?",tidak
3859,id_hatespeech,id_hatespeech_nusantara_text,585194c2-9f25-4f75-a136-37600940fdba,hate_or_noHate_zs_noopt_kategori,train,"Menurutmu, apakah teks berikut: Minggu Tenang Pilkada, Ahok Fokus Kerja di Balai Kota: Peresmian-peresmian RPTRA CSR ditunda., termasuk dalam kategori ujaran kebencian atau tidak?",tidak
3860,id_hatespeech,id_hatespeech_nusantara_text,585194c2-9f25-4f75-a136-37600940fdba,hate_or_noHate_zs_noopt_kategori,train,"Menurutmu, apakah teks berikut: MANTAB !! AHOK dan Pemprov DKI Jakarta Terjunkan Alat Berat Untuk Keruk Sampah di Waduk Pluit, termasuk dalam kategori ujaran kebencian atau tidak?",tidak
3861,id_hatespeech,id_hatespeech_nusantara_text,585194c2-9f25-4f75-a136-37600940fdba,hate_or_noHate_zs_noopt_kategori,train,"Menurutmu, apakah teks berikut: Pagi Ini Polrestro Bekasi Gelar Pasukan Pilkada https:\/\/t.co\/ypRv5nNjSb, termasuk dalam kategori ujaran kebencian atau tidak?",tidak
3862,id_hatespeech,id_hatespeech_nusantara_text,585194c2-9f25-4f75-a136-37600940fdba,hate_or_noHate_zs_noopt_kategori,train,"Menurutmu, apakah teks berikut: Pak @basuki_btp saya hanya bantu menyampaikan. Sbg orang2 di sekitar Pak Ahok bisa menyampaikan ke beliau. @kurawa. #BlusukanAhok #Gue2, termasuk dalam kategori ujaran kebencian atau tidak?",tidak
3863,id_hatespeech,id_hatespeech_nusantara_text,585194c2-9f25-4f75-a136-37600940fdba,hate_or_noHate_zs_noopt_kategori,train,"Menurutmu, apakah teks berikut: pak ahok kalau anda jadi gubernur jangan lupa anda harus bangun provinsi Jambi buat lahan petani semua, dan jln kreta api jambi, riau, lampung, termasuk dalam kategori ujaran kebencian atau tidak?",tidak
3864,id_hatespeech,id_hatespeech_nusantara_text,585194c2-9f25-4f75-a136-37600940fdba,hate_or_noHate_zs_noopt_kategori,train,"Menurutmu, apakah teks berikut: Partai Nasdem Optimis Menang di Pilkada Serentak 2017 https:\/\/t.co\/EOAzcxai94, termasuk dalam kategori ujaran kebencian atau tidak?",tidak
3865,id_hatespeech,id_hatespeech_nusantara_text,585194c2-9f25-4f75-a136-37600940fdba,hate_or_noHate_zs_noopt_kategori,train,"Menurutmu, apakah teks berikut: biar kalah, tetap bangga. Sabar n iklas menerima nya. Masih bnyak jabatan lain untuk pak ahok. #TetapAhok, termasuk dalam kategori ujaran kebencian atau tidak?",tidak
3866,id_hatespeech,id_hatespeech_nusantara_text,585194c2-9f25-4f75-a136-37600940fdba,hate_or_noHate_zs_noopt_kategori,train,"Menurutmu, apakah teks berikut: Sabar n iklas ya pak. Apa pun hasil nya. Kita tetap dukung. Di mna pun/jabatn apa pun yg bpk emban nanti. #TetapAhok, termasuk dalam kategori ujaran kebencian atau tidak?",tidak
3867,id_hatespeech,id_hatespeech_nusantara_text,585194c2-9f25-4f75-a136-37600940fdba,hate_or_noHate_zs_noopt_kategori,train,"Menurutmu, apakah teks berikut: Wlaupun kita tak kenal,saya yakini slama ini kamu tlah bkerja kras tuk sebuah nilai yg diperjuangkan., termasuk dalam kategori ujaran kebencian atau tidak?",tidak
3868,id_hatespeech,id_hatespeech_nusantara_text,585194c2-9f25-4f75-a136-37600940fdba,hate_or_noHate_zs_noopt_kategori,train,"Menurutmu, apakah teks berikut: RT @ahokdijegal: Kita mgk bs mendukung dia dlm hal kejujuran dan niat baik utk melayani warga, tapi gantiin dia dlm hal pekerjaan, termasuk dalam kategori ujaran kebencian atau tidak?",tidak
3869,id_hatespeech,id_hatespeech_nusantara_text,585194c2-9f25-4f75-a136-37600940fdba,hate_or_noHate_zs_noopt_kategori,train,"Menurutmu, apakah teks berikut: Puluhan Personel Brimob Nunukan Diberangkatkan, Amankan Pilkada di Dua Provinsi, termasuk dalam kategori ujaran kebencian atau tidak?",tidak
3870,id_hatespeech,id_hatespeech_nusantara_text,585194c2-9f25-4f75-a136-37600940fdba,hate_or_noHate_zs_noopt_kategori,train,"Menurutmu, apakah teks berikut: @basuki_btp sing sabar pak.. Simpen energi bapak untuk bagian lain Indonesia... Gusti Allah mboten sare pak..., termasuk dalam kategori ujaran kebencian atau tidak?",tidak
3871,id_hatespeech,id_hatespeech_nusantara_text,585194c2-9f25-4f75-a136-37600940fdba,hate_or_noHate_zs_noopt_kategori,train,"Menurutmu, apakah teks berikut: Karena saya memilih dengan sehat maka saya kompensasikan dengan sarapan pagi yang, uhm, secara umum gak sehat. IMPAS, termasuk dalam kategori ujaran kebencian atau tidak?",tidak
3872,id_hatespeech,id_hatespeech_nusantara_text,585194c2-9f25-4f75-a136-37600940fdba,hate_or_noHate_zs_noopt_kategori,train,"Menurutmu, apakah teks berikut: RT @Aktualco: Mahfud MD Heran, UU Pemda Sangat Jelas Tapi Mendagri Keukeuh Pertahankan Ahok, termasuk dalam kategori ujaran kebencian atau tidak?",tidak
3873,id_hatespeech,id_hatespeech_nusantara_text,585194c2-9f25-4f75-a136-37600940fdba,hate_or_noHate_zs_noopt_kategori,train,"Menurutmu, apakah teks berikut: RT @AlissaWahid: Tuips, Ibu Sinta Nuriyah tidak pernah mengeluarkan pernyataan terkait pilkada DKI, termasuk dalam kategori ujaran kebencian atau tidak?",tidak
3874,id_hatespeech,id_hatespeech_nusantara_text,585194c2-9f25-4f75-a136-37600940fdba,hate_or_noHate_zs_noopt_kategori,train,"Menurutmu, apakah teks berikut: RT @AmaliaAmelCute2: Lebih tambah jatuh hati deh jadinya Tak bisa berpaling ke pilihan yg lain Tetap ke pak ahok -Djarotlah yg terbaik, termasuk dalam kategori ujaran kebencian atau tidak?",tidak
3875,id_hatespeech,id_hatespeech_nusantara_text,585194c2-9f25-4f75-a136-37600940fdba,hate_or_noHate_zs_noopt_kategori,train,"Menurutmu, apakah teks berikut: RT @AnakBaranusa: Yoi... Yang Jelas Pemenagnya itu hanya satu pasang calon, buka dua apa lagi tiga. 1, 2 dan 3 memiliki Peluang yg sama, termasuk dalam kategori ujaran kebencian atau tidak?",tidak
3876,id_hatespeech,id_hatespeech_nusantara_text,585194c2-9f25-4f75-a136-37600940fdba,hate_or_noHate_zs_noopt_kategori,train,"Menurutmu, apakah teks berikut: RT @AT_AbdillahToha: Aksi 112 tampaknya akan diubah jadi zikir pilkada. Sejauh yg saya tahu, zikir adalah ibadah dekatkan diri ke Allah., termasuk dalam kategori ujaran kebencian atau tidak?",tidak
3877,id_hatespeech,id_hatespeech_nusantara_text,585194c2-9f25-4f75-a136-37600940fdba,hate_or_noHate_zs_noopt_kategori,train,"Menurutmu, apakah teks berikut: RT @blogdokter: Janganlah karena pilkada dan kepentingan politik sesaat, persahabatan dan persaudaraan kita terputus | Kita adalah saudara., termasuk dalam kategori ujaran kebencian atau tidak?",tidak
3878,id_hatespeech,id_hatespeech_nusantara_text,585194c2-9f25-4f75-a136-37600940fdba,hate_or_noHate_zs_noopt_kategori,train,"Menurutmu, apakah teks berikut: RT @Brani2000: Pilkada di Beltim di kampung sendiri ahok hanya 33% suara. Di Babel kalah telak. Pilkada di DKI? paling cuma 3% suara, termasuk dalam kategori ujaran kebencian atau tidak?",tidak
3879,id_hatespeech,id_hatespeech_nusantara_text,585194c2-9f25-4f75-a136-37600940fdba,hate_or_noHate_zs_noopt_kategori,train,"Menurutmu, apakah teks berikut: RT @digembok: Ya allah... Beneran... Pak ahok akhirnya samperin si emak..., termasuk dalam kategori ujaran kebencian atau tidak?",tidak
3880,id_hatespeech,id_hatespeech_nusantara_text,585194c2-9f25-4f75-a136-37600940fdba,hate_or_noHate_zs_noopt_kategori,train,"Menurutmu, apakah teks berikut: Terimakasih Pak @basukibtp untuk 5 tahunnya, 3 tahun sbg wakil gubernur & 2 tahun sbg gubernur!, termasuk dalam kategori ujaran kebencian atau tidak?",tidak
3881,id_hatespeech,id_hatespeech_nusantara_text,585194c2-9f25-4f75-a136-37600940fdba,hate_or_noHate_zs_noopt_kategori,train,"Menurutmu, apakah teks berikut: RT @eliya_mkom: kesimpulannya tuips, mari kita menangkan Agus Sylvi SATU Putaran, gak perlu pakai 2 putaran segala, cuma habiskan waktu, termasuk dalam kategori ujaran kebencian atau tidak?",tidak
3882,id_hatespeech,id_hatespeech_nusantara_text,585194c2-9f25-4f75-a136-37600940fdba,hate_or_noHate_zs_noopt_kategori,train,"Menurutmu, apakah teks berikut: Dan selamat atas kemenangannya untuk bapak Anies & Sandi. Semoga Jakarta bisa bersatu lagi, termasuk dalam kategori ujaran kebencian atau tidak?",tidak
3883,id_hatespeech,id_hatespeech_nusantara_text,585194c2-9f25-4f75-a136-37600940fdba,hate_or_noHate_zs_noopt_kategori,train,"Menurutmu, apakah teks berikut: Bangga masih memiliki putra bangsa seperti pak Basuki dan pak Jarot., termasuk dalam kategori ujaran kebencian atau tidak?",tidak
3884,id_hatespeech,id_hatespeech_nusantara_text,585194c2-9f25-4f75-a136-37600940fdba,hate_or_noHate_zs_noopt_kategori,train,"Menurutmu, apakah teks berikut: Temen-temen, apapun pilihannya, masih ada kehidupan setelah pilkada. Mari saling merangkul & saatnya Jakarta maju dan bahagia bersama., termasuk dalam kategori ujaran kebencian atau tidak?",tidak
3885,id_hatespeech,id_hatespeech_nusantara_text,585194c2-9f25-4f75-a136-37600940fdba,hate_or_noHate_zs_noopt_kategori,train,"Menurutmu, apakah teks berikut: Selamat atas status barunya pak #Aniessandi, semangat ya pak, semoga semua sesuai dengan janjinya, termasuk dalam kategori ujaran kebencian atau tidak?",tidak
3886,id_hatespeech,id_hatespeech_nusantara_text,585194c2-9f25-4f75-a136-37600940fdba,hate_or_noHate_zs_noopt_kategori,train,"Menurutmu, apakah teks berikut: Pak ahok @basukibtp tetep semangat yaaa, saya akan selalu menghargai kerja keras bapak dan saya ucapkan selamat atas kemenangan paslon nomor 3 yaitu #AniesSandi!, termasuk dalam kategori ujaran kebencian atau tidak?",tidak
3887,id_hatespeech,id_hatespeech_nusantara_text,585194c2-9f25-4f75-a136-37600940fdba,hate_or_noHate_zs_noopt_kategori,train,"Menurutmu, apakah teks berikut: Terima kasih pak ahok pak djarot kami bangga perna di pimpin sama bapak berdua...tetap semangat...sukses terus pak, termasuk dalam kategori ujaran kebencian atau tidak?",tidak
3888,id_hatespeech,id_hatespeech_nusantara_text,585194c2-9f25-4f75-a136-37600940fdba,hate_or_noHate_zs_noopt_kategori,train,"Menurutmu, apakah teks berikut: Terima kasih Pak Ahok-Djarot telah bersama kami beberapa tahun ini, termasuk dalam kategori ujaran kebencian atau tidak?",tidak
3889,id_hatespeech,id_hatespeech_nusantara_text,585194c2-9f25-4f75-a136-37600940fdba,hate_or_noHate_zs_noopt_kategori,train,"Menurutmu, apakah teks berikut: RT @FerpuAdvocates: Sumarsono: Gaya Pak Ahok yg Kerja Keras Patut Dicontoh dan itu Bagus!!!, termasuk dalam kategori ujaran kebencian atau tidak?",tidak
3890,id_hatespeech,id_hatespeech_nusantara_text,585194c2-9f25-4f75-a136-37600940fdba,hate_or_noHate_zs_noopt_kategori,train,"Menurutmu, apakah teks berikut: RT @Franstone888: Klo semua mau jujur dan pake hati nurani, Ahok adlh yg terbaik buat Jakarta. Gubernur yg jujur dan benar2 perhatian pd warga, termasuk dalam kategori ujaran kebencian atau tidak?",tidak
3891,id_hatespeech,id_hatespeech_nusantara_text,585194c2-9f25-4f75-a136-37600940fdba,hate_or_noHate_zs_noopt_kategori,train,"Menurutmu, apakah teks berikut: Pak Ahok the best aku salut sama pak orang nya sabar dengan cobaan dari tuhan Pak Ahok is the best, termasuk dalam kategori ujaran kebencian atau tidak?",tidak
3892,id_hatespeech,id_hatespeech_nusantara_text,585194c2-9f25-4f75-a136-37600940fdba,hate_or_noHate_zs_noopt_kategori,train,"Menurutmu, apakah teks berikut: RT @hariadhi: Makasih Pak Ahok, sudah ajarkan kami makna peduli sama rakyat. Andai di masa depan saya dpt kesempatan, termasuk dalam kategori ujaran kebencian atau tidak?",tidak
3893,id_hatespeech,id_hatespeech_nusantara_text,585194c2-9f25-4f75-a136-37600940fdba,hate_or_noHate_zs_noopt_kategori,train,"Menurutmu, apakah teks berikut: RT @IpungLombok: Hadeuuuh.. Kenapa jadi gaduh gini Pilkada DKI ya... Padahal Pilkada serentak 2015 lalu aman aman saja?, termasuk dalam kategori ujaran kebencian atau tidak?",tidak
3894,id_hatespeech,id_hatespeech_nusantara_text,585194c2-9f25-4f75-a136-37600940fdba,hate_or_noHate_zs_noopt_kategori,train,"Menurutmu, apakah teks berikut: RT @MbakNevi: Masyarakat Transportasi Jakarta dukung Ahok-Djarot, https:\/\/t.co\/7fdwk8XvCB, termasuk dalam kategori ujaran kebencian atau tidak?",tidak
3895,id_hatespeech,id_hatespeech_nusantara_text,585194c2-9f25-4f75-a136-37600940fdba,hate_or_noHate_zs_noopt_kategori,train,"Menurutmu, apakah teks berikut: Saya sudah tidak tertarik melihat Debat Pilkada DKI, namun ada yang menarik. Salah satu Cagub sering mengepalkan tangan pada saat menjelas, termasuk dalam kategori ujaran kebencian atau tidak?",tidak
3896,id_hatespeech,id_hatespeech_nusantara_text,585194c2-9f25-4f75-a136-37600940fdba,hate_or_noHate_zs_noopt_kategori,train,"Menurutmu, apakah teks berikut: Semangat terus. Maju terus di dalam TUHAN. God Bless you more and forever bpk ahok dan family, termasuk dalam kategori ujaran kebencian atau tidak?",tidak
3897,id_hatespeech,id_hatespeech_nusantara_text,585194c2-9f25-4f75-a136-37600940fdba,hate_or_noHate_zs_noopt_kategori,train,"Menurutmu, apakah teks berikut: Selamat bertugas pak Anis, semoga Jakarta menjadi lebih baik lagi!, termasuk dalam kategori ujaran kebencian atau tidak?",tidak
3898,id_hatespeech,id_hatespeech_nusantara_text,585194c2-9f25-4f75-a136-37600940fdba,hate_or_noHate_zs_noopt_kategori,train,"Menurutmu, apakah teks berikut: @aniesbaswedan @sandiuno selamat ya pak, kami tunggu program terealisasi. Jangan kecewakan Jakarta, termasuk dalam kategori ujaran kebencian atau tidak?",tidak
3899,id_hatespeech,id_hatespeech_nusantara_text,585194c2-9f25-4f75-a136-37600940fdba,hate_or_noHate_zs_noopt_kategori,train,"Menurutmu, apakah teks berikut: Saya selalu mendoakan yg terbaik untk bapak dan bapak juga mendapatkan banyak ucapan dari saudara di gaza palestina, termasuk dalam kategori ujaran kebencian atau tidak?",tidak
3900,id_hatespeech,id_hatespeech_nusantara_text,585194c2-9f25-4f75-a136-37600940fdba,hate_or_noHate_zs_noopt_kategori,train,"Menurutmu, apakah teks berikut: Selamat untk bpk @aniesbaswedan & @sandiagauno atas kemenangannya. Semoga allah memberkahi disetiap langkah yg bapak ambil aminnn salam3jari, termasuk dalam kategori ujaran kebencian atau tidak?",tidak
3901,id_hatespeech,id_hatespeech_nusantara_text,585194c2-9f25-4f75-a136-37600940fdba,hate_or_noHate_zs_noopt_kategori,train,"Menurutmu, apakah teks berikut: RT @netmediatama: Mereka telah siap berikan yang terbaik di ajang debat terbuka!, termasuk dalam kategori ujaran kebencian atau tidak?",tidak
3902,id_hatespeech,id_hatespeech_nusantara_text,585194c2-9f25-4f75-a136-37600940fdba,hate_or_noHate_zs_noopt_kategori,train,"Menurutmu, apakah teks berikut: Pak anies dan pak @sandiuno selamat ya sudah terpilih jd gubernur dan wagub Jakarta., termasuk dalam kategori ujaran kebencian atau tidak?",tidak
3903,id_hatespeech,id_hatespeech_nusantara_text,585194c2-9f25-4f75-a136-37600940fdba,hate_or_noHate_zs_noopt_kategori,train,"Menurutmu, apakah teks berikut: RT @PartaiSocmed: Kejahatan perbankan yg di spin oleh tim AHY untuk kepentingan pilkada, termasuk dalam kategori ujaran kebencian atau tidak?",tidak
3904,id_hatespeech,id_hatespeech_nusantara_text,585194c2-9f25-4f75-a136-37600940fdba,hate_or_noHate_zs_noopt_kategori,train,"Menurutmu, apakah teks berikut: RT @swamediumcom: Agus-Sylvi Diprediksi Maju di Putaran Kedua Pilkada DKI versi Survey GRP, termasuk dalam kategori ujaran kebencian atau tidak?",tidak
3905,id_hatespeech,id_hatespeech_nusantara_text,585194c2-9f25-4f75-a136-37600940fdba,hate_or_noHate_zs_noopt_kategori,train,"Menurutmu, apakah teks berikut: RT @temanAhok: Alhamdulillah sambutan antusias warga di tiap blusukan pak Ahok selalu real. Ngga ada settingan., termasuk dalam kategori ujaran kebencian atau tidak?",tidak
3906,id_hatespeech,id_hatespeech_nusantara_text,585194c2-9f25-4f75-a136-37600940fdba,hate_or_noHate_zs_noopt_kategori,train,"Menurutmu, apakah teks berikut: Sampai detik ini pak ahok masih harapan terbesar saya #prayforjakarta, termasuk dalam kategori ujaran kebencian atau tidak?",tidak
3907,id_hatespeech,id_hatespeech_nusantara_text,585194c2-9f25-4f75-a136-37600940fdba,hate_or_noHate_zs_noopt_kategori,train,"Menurutmu, apakah teks berikut: Tuhan punya rencana yg indah buat Pak Ahok dan Pak Djarot, termasuk dalam kategori ujaran kebencian atau tidak?",tidak
3908,id_hatespeech,id_hatespeech_nusantara_text,585194c2-9f25-4f75-a136-37600940fdba,hate_or_noHate_zs_noopt_kategori,train,"Menurutmu, apakah teks berikut: Selamat dan terima kasih banyak untuk pak Ahok dan pak Djarot yg sudah menunjukan bahwa negara ini masih punya orang2 baik, termasuk dalam kategori ujaran kebencian atau tidak?",tidak
3909,id_hatespeech,id_hatespeech_nusantara_text,585194c2-9f25-4f75-a136-37600940fdba,hate_or_noHate_zs_noopt_kategori,train,"Menurutmu, apakah teks berikut: Terima kasih pak atas segala kebaikan untuk jakarta yang sudah kalian tancapkan di hati warga jakarta, termasuk dalam kategori ujaran kebencian atau tidak?",tidak
3910,id_hatespeech,id_hatespeech_nusantara_text,585194c2-9f25-4f75-a136-37600940fdba,hate_or_noHate_zs_noopt_kategori,train,"Menurutmu, apakah teks berikut: Pasti bapak anies sandi kemungkinan besar menang, termasuk dalam kategori ujaran kebencian atau tidak?",tidak
3911,id_hatespeech,id_hatespeech_nusantara_text,585194c2-9f25-4f75-a136-37600940fdba,hate_or_noHate_zs_noopt_kategori,train,"Menurutmu, apakah teks berikut: Terima kasih. Kepada pendukung kami, percayalah... Tuhan tahu yang terbaik. #JakartaPunyaSemua, termasuk dalam kategori ujaran kebencian atau tidak?",tidak
3912,id_hatespeech,id_hatespeech_nusantara_text,585194c2-9f25-4f75-a136-37600940fdba,hate_or_noHate_zs_noopt_kategori,train,"Menurutmu, apakah teks berikut: Gubernur dan wakil gubernur terbaik yang pernah jakarta miliki., termasuk dalam kategori ujaran kebencian atau tidak?",tidak
3913,id_hatespeech,id_hatespeech_nusantara_text,585194c2-9f25-4f75-a136-37600940fdba,hate_or_noHate_zs_noopt_kategori,train,"Menurutmu, apakah teks berikut: RT @triwul82: Jelang Akhir Masa Tugas, Plt Gubernur DKI Akui Kinerja Ahok https:\/\/t.co\/04ihgI5cwZ, termasuk dalam kategori ujaran kebencian atau tidak?",tidak
3914,id_hatespeech,id_hatespeech_nusantara_text,585194c2-9f25-4f75-a136-37600940fdba,hate_or_noHate_zs_noopt_kategori,train,"Menurutmu, apakah teks berikut: RT @Wolfcrime: Pendukung yang Telah Dibaiat tapi Tak Pilih Agus-Sylvi Akan Terima Risikonya, termasuk dalam kategori ujaran kebencian atau tidak?",tidak
3915,id_hatespeech,id_hatespeech_nusantara_text,585194c2-9f25-4f75-a136-37600940fdba,hate_or_noHate_zs_noopt_kategori,train,"Menurutmu, apakah teks berikut: Mutiara tetap mutiara Pak Ahok Djarot. Tuhan pny rencana yg lebih dahsyat utk Bapak ber2 utk Indonesia. Maju terus., termasuk dalam kategori ujaran kebencian atau tidak?",tidak
3916,id_hatespeech,id_hatespeech_nusantara_text,585194c2-9f25-4f75-a136-37600940fdba,hate_or_noHate_zs_noopt_kategori,train,"Menurutmu, apakah teks berikut: Tuhan percayakan hal yang lebih Besar lagi kepada Pak Ahok selain hanya menjadi Gubernur Dki jakarta., termasuk dalam kategori ujaran kebencian atau tidak?",tidak
3917,id_hatespeech,id_hatespeech_nusantara_text,585194c2-9f25-4f75-a136-37600940fdba,hate_or_noHate_zs_noopt_kategori,train,"Menurutmu, apakah teks berikut: I LOVE YOU PAK AHOK.AKU HANYA BISA BERDOA SEMOGA TUHAN MEMBERKATI. SALAM 2 JARI UNTUK PA AHOK I LOVE YOU, termasuk dalam kategori ujaran kebencian atau tidak?",tidak
3918,id_hatespeech,id_hatespeech_nusantara_text,585194c2-9f25-4f75-a136-37600940fdba,hate_or_noHate_zs_noopt_kategori,train,"Menurutmu, apakah teks berikut: Survei Terbaru: Anies-Sandi Melejit Jauh Tinggalkan Ahok-Djarot https:\/\/t.co\/2IHhuzPsbF, termasuk dalam kategori ujaran kebencian atau tidak?",tidak
3919,id_hatespeech,id_hatespeech_nusantara_text,585194c2-9f25-4f75-a136-37600940fdba,hate_or_noHate_zs_noopt_kategori,train,"Menurutmu, apakah teks berikut: Aku akui pak ahok itu tangguh sekali dan apa adanya, termasuk dalam kategori ujaran kebencian atau tidak?",tidak
3920,id_hatespeech,id_hatespeech_nusantara_text,585194c2-9f25-4f75-a136-37600940fdba,hate_or_noHate_zs_noopt_kategori,train,"Menurutmu, apakah teks berikut: saya selalu mendukung dan berdoa untukmu ahokdjarot terimakasih, termasuk dalam kategori ujaran kebencian atau tidak?",tidak
3921,id_hatespeech,id_hatespeech_nusantara_text,585194c2-9f25-4f75-a136-37600940fdba,hate_or_noHate_zs_noopt_kategori,train,"Menurutmu, apakah teks berikut: Meski Badj tak lagi menjadi pelayan rakyat...kami selalu berdoa terbaik buat Badja. Kami bangga pernah memiliki kalian., termasuk dalam kategori ujaran kebencian atau tidak?",tidak
3922,id_hatespeech,id_hatespeech_nusantara_text,585194c2-9f25-4f75-a136-37600940fdba,hate_or_noHate_zs_noopt_kategori,train,"Menurutmu, apakah teks berikut: Mudah2han pak ahok jadi nomor satu di Indonesia, termasuk dalam kategori ujaran kebencian atau tidak?",tidak
3923,id_hatespeech,id_hatespeech_nusantara_text,585194c2-9f25-4f75-a136-37600940fdba,hate_or_noHate_zs_noopt_kategori,train,"Menurutmu, apakah teks berikut: TPS Paslon Pilkada DKI Akan Dijaga Ketat, termasuk dalam kategori ujaran kebencian atau tidak?",tidak
3924,id_hatespeech,id_hatespeech_nusantara_text,585194c2-9f25-4f75-a136-37600940fdba,hate_or_noHate_zs_noopt_kategori,train,"Menurutmu, apakah teks berikut: saya bukan penduduk jakarta. tapi saya kagum pada sosok ahok dan jarot.allah memang punya rencana lain.selamat pada beliau, termasuk dalam kategori ujaran kebencian atau tidak?",tidak
3925,id_hatespeech,id_hatespeech_nusantara_text,585194c2-9f25-4f75-a136-37600940fdba,hate_or_noHate_zs_noopt_kategori,train,"Menurutmu, apakah teks berikut: Pak anies tolong bongkar lagi masjid yg di bangun pak ahok di daan mogot, termasuk dalam kategori ujaran kebencian atau tidak?",tidak
3926,id_hatespeech,id_hatespeech_nusantara_text,585194c2-9f25-4f75-a136-37600940fdba,hate_or_noHate_zs_noopt_kategori,train,"Menurutmu, apakah teks berikut: Yang blm pada move on mending bsk piknik aja mumpung long weekend hehehe, termasuk dalam kategori ujaran kebencian atau tidak?",tidak
3927,id_hatespeech,id_hatespeech_nusantara_text,585194c2-9f25-4f75-a136-37600940fdba,hate_or_noHate_zs_noopt_kategori,train,"Menurutmu, apakah teks berikut: Semoga bapak bisa meneladani sosok bang yos gubernur jakarta yang sangat cinta @persijajkt, termasuk dalam kategori ujaran kebencian atau tidak?",tidak
3928,id_hatespeech,id_hatespeech_nusantara_text,585194c2-9f25-4f75-a136-37600940fdba,hate_or_noHate_zs_noopt_kategori,train,"Menurutmu, apakah teks berikut: Pemimpin yg baik pemimpin yg mengerti akan jiwa pemuda, lanjutkan pak @aniesbaswedan, termasuk dalam kategori ujaran kebencian atau tidak?",tidak
3929,id_hatespeech,id_hatespeech_nusantara_text,585194c2-9f25-4f75-a136-37600940fdba,hate_or_noHate_zs_noopt_kategori,train,"Menurutmu, apakah teks berikut: kami disini mendulungmu untuk jakarta yg maju bukan hanya ekonomi nya tapi juga prestasi sepakbola nya, termasuk dalam kategori ujaran kebencian atau tidak?",tidak
3930,id_hatespeech,id_hatespeech_nusantara_text,585194c2-9f25-4f75-a136-37600940fdba,hate_or_noHate_zs_noopt_kategori,train,"Menurutmu, apakah teks berikut: Negara kita negara BHINEKA TUNGGAL IKA. jadi ga liat pemimpin dengan agama ,ras ,budaya, termasuk dalam kategori ujaran kebencian atau tidak?",tidak
3931,id_hatespeech,id_hatespeech_nusantara_text,585194c2-9f25-4f75-a136-37600940fdba,hate_or_noHate_zs_noopt_kategori,train,"Menurutmu, apakah teks berikut: pak @aniesbaswedan kami disini mendulungmu untuk jakarta yg maju bukan hanya ekonomi nya tapi juga prestasi sepakbola nya, termasuk dalam kategori ujaran kebencian atau tidak?",tidak
3932,id_hatespeech,id_hatespeech_nusantara_text,585194c2-9f25-4f75-a136-37600940fdba,hate_or_noHate_zs_noopt_kategori,train,"Menurutmu, apakah teks berikut: Gw yakin suatu saat pasti Pak @basuki_btp akan ada patungnya sebagai tanda jasa entah itu di indo atau di madame tussaud., termasuk dalam kategori ujaran kebencian atau tidak?",tidak
3933,id_hatespeech,id_hatespeech_nusantara_text,585194c2-9f25-4f75-a136-37600940fdba,hate_or_noHate_zs_noopt_kategori,train,"Menurutmu, apakah teks berikut: Doa itu sebaiknya yg baik2. Karena Tuhan juga baik. Klo doa jelek jahat, akan berbalik ke diri yg mendoakan loh, termasuk dalam kategori ujaran kebencian atau tidak?",tidak
3934,id_hatespeech,id_hatespeech_nusantara_text,585194c2-9f25-4f75-a136-37600940fdba,hate_or_noHate_zs_noopt_kategori,train,"Menurutmu, apakah teks berikut: #badja Jakarta tidak butuh kalian lagi, tapi Indonesia menunggu untuk pengabdian kalian., termasuk dalam kategori ujaran kebencian atau tidak?",tidak
3935,id_hatespeech,id_hatespeech_nusantara_text,585194c2-9f25-4f75-a136-37600940fdba,hate_or_noHate_zs_noopt_kategori,train,"Menurutmu, apakah teks berikut: Artikel saya untuk Mas @pandji. Dari reklamasi, penggusuran, DP 0 Rupiah, OKE OCE, hingga ""figur pemersatu""., termasuk dalam kategori ujaran kebencian atau tidak?",tidak
3936,id_hatespeech,id_hatespeech_nusantara_text,585194c2-9f25-4f75-a136-37600940fdba,hate_or_noHate_zs_noopt_kategori,train,"Menurutmu, apakah teks berikut: #BesokGueAhok Karena Terbukti Dan Teruji Dari Segi Kerjanya,Ahok Untuk DKI Jakarta Lebih Baik Kemudian #TetapAhok, termasuk dalam kategori ujaran kebencian atau tidak?",tidak
3937,id_hatespeech,id_hatespeech_nusantara_text,585194c2-9f25-4f75-a136-37600940fdba,hate_or_noHate_zs_noopt_kategori,train,"Menurutmu, apakah teks berikut: ga tinggal di Jakarta sih, tp 1 rumah ngotot banget dukung Pak @basuki_btp!, termasuk dalam kategori ujaran kebencian atau tidak?",tidak
3938,id_hatespeech,id_hatespeech_nusantara_text,585194c2-9f25-4f75-a136-37600940fdba,hate_or_noHate_zs_noopt_kategori,train,"Menurutmu, apakah teks berikut: Semangat Pilkada! Untukmu pilihanmu dan untukku pilihanku #tetapahok, termasuk dalam kategori ujaran kebencian atau tidak?",tidak
3939,id_hatespeech,id_hatespeech_nusantara_text,585194c2-9f25-4f75-a136-37600940fdba,hate_or_noHate_zs_noopt_kategori,train,"Menurutmu, apakah teks berikut: Tapi perbedaan vital di reklamasi sama perumahan, justru gak bisa berkutik sama sekali., termasuk dalam kategori ujaran kebencian atau tidak?",tidak
3940,id_hatespeech,id_hatespeech_nusantara_text,585194c2-9f25-4f75-a136-37600940fdba,hate_or_noHate_zs_noopt_kategori,train,"Menurutmu, apakah teks berikut: Sabar dulu jgn tergesa2 nagih, beliau belum dilantik baru bulan Oktober nanti., termasuk dalam kategori ujaran kebencian atau tidak?",tidak
3941,id_hatespeech,id_hatespeech_nusantara_text,585194c2-9f25-4f75-a136-37600940fdba,hate_or_noHate_zs_noopt_kategori,train,"Menurutmu, apakah teks berikut: Pak @aniesbaswedan knpa ngga mampir dulu ke tempat saya. Orangtua saya ngefans bgt, termasuk dalam kategori ujaran kebencian atau tidak?",tidak
3942,id_hatespeech,id_hatespeech_nusantara_text,585194c2-9f25-4f75-a136-37600940fdba,hate_or_noHate_zs_noopt_kategori,train,"Menurutmu, apakah teks berikut: Semoga @persijajkt lebih maju dengan adanya gubernur era baru., termasuk dalam kategori ujaran kebencian atau tidak?",tidak
3943,id_hatespeech,id_hatespeech_nusantara_text,585194c2-9f25-4f75-a136-37600940fdba,hate_or_noHate_zs_noopt_kategori,train,"Menurutmu, apakah teks berikut: Tetap di masyarakat jakarta dan selalu membuat jakarta lebih baik.Dan hasilnya pun sudah terbukti, termasuk dalam kategori ujaran kebencian atau tidak?",tidak
3944,id_hatespeech,id_hatespeech_nusantara_text,585194c2-9f25-4f75-a136-37600940fdba,hate_or_noHate_zs_noopt_kategori,train,"Menurutmu, apakah teks berikut: saya sebagai masyarakat jakarta salut terhadap kepemimpinan pak ahok., termasuk dalam kategori ujaran kebencian atau tidak?",tidak
3945,id_hatespeech,id_hatespeech_nusantara_text,585194c2-9f25-4f75-a136-37600940fdba,hate_or_noHate_zs_noopt_kategori,train,"Menurutmu, apakah teks berikut: Semua sayang ahok. Saya berharap ahok bisa jadi presiden selanjutnya bersama pak jokowi., termasuk dalam kategori ujaran kebencian atau tidak?",tidak
3946,id_hatespeech,id_hatespeech_nusantara_text,585194c2-9f25-4f75-a136-37600940fdba,hate_or_noHate_zs_noopt_kategori,train,"Menurutmu, apakah teks berikut: Bukan lagi milik jakarta lagi ahok tapi milik kita untuk membangun jakarta lebih baik, termasuk dalam kategori ujaran kebencian atau tidak?",tidak
3947,id_hatespeech,id_hatespeech_nusantara_text,585194c2-9f25-4f75-a136-37600940fdba,hate_or_noHate_zs_noopt_kategori,train,"Menurutmu, apakah teks berikut: Pak Ahok, jadi cagub di Bekasi aja ya pak... Bekasi mau dipimpin orang seperti bapak, biar ada perubahan lebih baik @basukibtp, termasuk dalam kategori ujaran kebencian atau tidak?",tidak
3948,id_hatespeech,id_hatespeech_nusantara_text,585194c2-9f25-4f75-a136-37600940fdba,hate_or_noHate_zs_noopt_kategori,train,"Menurutmu, apakah teks berikut: Kekalahan Ahok adalah kemunduran peradaban di Indonesia. Selamat datang radikalisme. Akal sehat sudah tidak ada dinegara ini., termasuk dalam kategori ujaran kebencian atau tidak?",tidak
3949,id_hatespeech,id_hatespeech_nusantara_text,585194c2-9f25-4f75-a136-37600940fdba,hate_or_noHate_zs_noopt_kategori,train,"Menurutmu, apakah teks berikut: Semangat pak ahok , bapak sudah berjuang sekuat tenaga dan sudah berusaha melakukan yang terbaik, terima kasih pak, termasuk dalam kategori ujaran kebencian atau tidak?",tidak
3950,id_hatespeech,id_hatespeech_nusantara_text,585194c2-9f25-4f75-a136-37600940fdba,hate_or_noHate_zs_noopt_kategori,train,"Menurutmu, apakah teks berikut: Terima Kasih pak sudah mengabdi dijakarta dengan segudang permintaan warga., termasuk dalam kategori ujaran kebencian atau tidak?",tidak
3951,id_hatespeech,id_hatespeech_nusantara_text,585194c2-9f25-4f75-a136-37600940fdba,hate_or_noHate_zs_noopt_kategori,train,"Menurutmu, apakah teks berikut: Mungkin ada kata kata yang menyakitkan ya pak, tapi semoga itu menjadi semangat untuk bapak kedepannya., termasuk dalam kategori ujaran kebencian atau tidak?",tidak
3952,id_hatespeech,id_hatespeech_nusantara_text,585194c2-9f25-4f75-a136-37600940fdba,hate_or_noHate_zs_noopt_kategori,train,"Menurutmu, apakah teks berikut: Walaupun bapak tidak menang. Tapi saya menikmati kerja keras bapak selama menjabat. Terima kasih untuk bapak ahok., termasuk dalam kategori ujaran kebencian atau tidak?",tidak
3953,id_hatespeech,id_hatespeech_nusantara_text,585194c2-9f25-4f75-a136-37600940fdba,hate_or_noHate_zs_noopt_kategori,train,"Menurutmu, apakah teks berikut: miris ya pak ahok...sukses slalu buat my idola pak ahok, termasuk dalam kategori ujaran kebencian atau tidak?",tidak
3954,id_hatespeech,id_hatespeech_nusantara_text,585194c2-9f25-4f75-a136-37600940fdba,hate_or_noHate_zs_noopt_kategori,train,"Menurutmu, apakah teks berikut: Gue lebih suka Ahok bantuin Jokowi ngurusin Indonesia agar lebih cepet maju, bukan hanya Jakarta., termasuk dalam kategori ujaran kebencian atau tidak?",tidak
3955,id_hatespeech,id_hatespeech_nusantara_text,585194c2-9f25-4f75-a136-37600940fdba,hate_or_noHate_zs_noopt_kategori,train,"Menurutmu, apakah teks berikut: Pak kok saya pngn peluk bapak sambil bilang "" pak tetap semangat ya, saya selalu mendoakan yg terbaik untuk bapak"", termasuk dalam kategori ujaran kebencian atau tidak?",tidak
3956,id_hatespeech,id_hatespeech_nusantara_text,585194c2-9f25-4f75-a136-37600940fdba,hate_or_noHate_zs_noopt_kategori,train,"Menurutmu, apakah teks berikut: aya bukan warga jakarta tp saya sering ke jakarta.....saya bangga jakarta pernah di pegang bapak. Jadi rapih pak sekarang....., termasuk dalam kategori ujaran kebencian atau tidak?",tidak
3957,id_hatespeech,id_hatespeech_nusantara_text,585194c2-9f25-4f75-a136-37600940fdba,hate_or_noHate_zs_noopt_kategori,train,"Menurutmu, apakah teks berikut: Maka seyogyanya pilihanku #TetapAhok karna terlihat pencerahan pd sistem birokrasi., termasuk dalam kategori ujaran kebencian atau tidak?",tidak
3958,id_hatespeech,id_hatespeech_nusantara_text,585194c2-9f25-4f75-a136-37600940fdba,hate_or_noHate_zs_noopt_kategori,train,"Menurutmu, apakah teks berikut: Pak ahok tetap menjadi gubenur dihatiku ...., termasuk dalam kategori ujaran kebencian atau tidak?",tidak
3959,id_hatespeech,id_hatespeech_nusantara_text,585194c2-9f25-4f75-a136-37600940fdba,hate_or_noHate_zs_noopt_kategori,train,"Menurutmu, apakah teks berikut: Dari lahir di Jakarta sampe detik ini baru gue liat kali & pintu air Manggarai bersih dari sampah ya pas jaman Jokowi sampe Ahok. #TetapAhok, termasuk dalam kategori ujaran kebencian atau tidak?",tidak
3960,id_hatespeech,id_hatespeech_nusantara_text,585194c2-9f25-4f75-a136-37600940fdba,hate_or_noHate_zs_noopt_kategori,train,"Menurutmu, apakah teks berikut: Gpp kalah. mungkin belom rejekinya ya pak. Bagi kami bapak tetap pemimpin yang jujur. Tetap berkarya nyata, termasuk dalam kategori ujaran kebencian atau tidak?",tidak
3961,id_hatespeech,id_hatespeech_nusantara_text,585194c2-9f25-4f75-a136-37600940fdba,hate_or_noHate_zs_noopt_kategori,train,"Menurutmu, apakah teks berikut: Selama 20 tahun tinggal di Jakarta, baru 5 tahun terakhir benar-benar terasa perubahan dan sadar kalau itu akitbat gubernurnya., termasuk dalam kategori ujaran kebencian atau tidak?",tidak
3962,id_hatespeech,id_hatespeech_nusantara_text,585194c2-9f25-4f75-a136-37600940fdba,hate_or_noHate_zs_noopt_kategori,train,"Menurutmu, apakah teks berikut: Aku cinta Pak Ahok. Terimakasih ya Pak atas jasa-jasa dan kerja nyatanya selama 5 tahun terakhir., termasuk dalam kategori ujaran kebencian atau tidak?",tidak
3963,id_hatespeech,id_hatespeech_nusantara_text,585194c2-9f25-4f75-a136-37600940fdba,hate_or_noHate_zs_noopt_kategori,train,"Menurutmu, apakah teks berikut: Tetap semangat pak ahok.... terimakasih atas semua yg anda berikan untuk jakarta. sukses selalu buat pak ahok., termasuk dalam kategori ujaran kebencian atau tidak?",tidak
3964,id_hatespeech,id_hatespeech_nusantara_text,585194c2-9f25-4f75-a136-37600940fdba,hate_or_noHate_zs_noopt_kategori,train,"Menurutmu, apakah teks berikut: Pak ahok kita tetap mendukung apapun yang terjadi, termasuk dalam kategori ujaran kebencian atau tidak?",tidak
3965,id_hatespeech,id_hatespeech_nusantara_text,585194c2-9f25-4f75-a136-37600940fdba,hate_or_noHate_zs_noopt_kategori,train,"Menurutmu, apakah teks berikut: Terima kasih banyak buat kinerja keras dari Pak Ahok dan team selama memimpin DKI Jakarta. Tetap semangat selalu Pak. God Bless Bapak & Family., termasuk dalam kategori ujaran kebencian atau tidak?",tidak
3966,id_hatespeech,id_hatespeech_nusantara_text,585194c2-9f25-4f75-a136-37600940fdba,hate_or_noHate_zs_noopt_kategori,train,"Menurutmu, apakah teks berikut: Bapak ahok sosok yang saya banggakan, terimakasih pak sudah merubah jakarta., termasuk dalam kategori ujaran kebencian atau tidak?",tidak
3967,id_hatespeech,id_hatespeech_nusantara_text,585194c2-9f25-4f75-a136-37600940fdba,hate_or_noHate_zs_noopt_kategori,train,"Menurutmu, apakah teks berikut: semoga pak ahok selalu dlm lindungan tuhan, saya sayang sama pak ahok, pak ahok orang baik., termasuk dalam kategori ujaran kebencian atau tidak?",tidak
3968,id_hatespeech,id_hatespeech_nusantara_text,585194c2-9f25-4f75-a136-37600940fdba,hate_or_noHate_zs_noopt_kategori,train,"Menurutmu, apakah teks berikut: Terima kasih pak Basuki. Sampai kapan pun sejarah akan mencatat bapak membawa perubahan bagi kami warga jakarta, termasuk dalam kategori ujaran kebencian atau tidak?",tidak
3969,id_hatespeech,id_hatespeech_nusantara_text,585194c2-9f25-4f75-a136-37600940fdba,hate_or_noHate_zs_noopt_kategori,train,"Menurutmu, apakah teks berikut: Lanjutkan perjuangan Pak, Bapak orang baik pasti ditempatkan di tempat yg lebih baik juga., termasuk dalam kategori ujaran kebencian atau tidak?",tidak
3970,id_hatespeech,id_hatespeech_nusantara_text,585194c2-9f25-4f75-a136-37600940fdba,hate_or_noHate_zs_noopt_kategori,train,"Menurutmu, apakah teks berikut: Kau lah yang terhebat.. Karna kau lah kami mendapat inspirasi dan pengalaman yang sangat berharga., termasuk dalam kategori ujaran kebencian atau tidak?",tidak
3971,id_hatespeech,id_hatespeech_nusantara_text,585194c2-9f25-4f75-a136-37600940fdba,hate_or_noHate_zs_noopt_kategori,train,"Menurutmu, apakah teks berikut: Buat Pak Ahok tetap berkarya pak. Masih ada kesempatan lebih baik di 2019, termasuk dalam kategori ujaran kebencian atau tidak?",tidak
3972,id_hatespeech,id_hatespeech_nusantara_text,585194c2-9f25-4f75-a136-37600940fdba,hate_or_noHate_zs_noopt_kategori,train,"Menurutmu, apakah teks berikut: Pak saya setuju kalo pak jadi gubenur karena kerja pak sangat bagus kerena kerja pak basuki tegas keluarga kami mendukung pak basuki, termasuk dalam kategori ujaran kebencian atau tidak?",tidak
3973,id_hatespeech,id_hatespeech_nusantara_text,585194c2-9f25-4f75-a136-37600940fdba,hate_or_noHate_zs_noopt_kategori,train,"Menurutmu, apakah teks berikut: Bapak tetap yg terbaik untuk jakarta..terima kasih pak untuk semua yg bapak kerjakan selama ini semoga Allah selalu meridhoi bapak dalam setiap langkah bapak.., termasuk dalam kategori ujaran kebencian atau tidak?",tidak
3974,id_hatespeech,id_hatespeech_nusantara_text,585194c2-9f25-4f75-a136-37600940fdba,hate_or_noHate_zs_noopt_kategori,train,"Menurutmu, apakah teks berikut: jabatan bukan hal penting yg terpenting bapak tetap orang terhebat di jakarta tentang kerja keras Pak Ahok..sekali lagi terima kasih Pak Ahok, termasuk dalam kategori ujaran kebencian atau tidak?",tidak
3975,id_hatespeech,id_hatespeech_nusantara_text,585194c2-9f25-4f75-a136-37600940fdba,hate_or_noHate_zs_noopt_kategori,train,"Menurutmu, apakah teks berikut: Pak Ahok....walau saya bukan warga DKI....saya sangat sedih bapak tidak terpilih lg jd Gubenur DKI....., termasuk dalam kategori ujaran kebencian atau tidak?",tidak
3976,id_hatespeech,id_hatespeech_nusantara_text,585194c2-9f25-4f75-a136-37600940fdba,hate_or_noHate_zs_noopt_kategori,train,"Menurutmu, apakah teks berikut: Hanya bpk lah gubernur satu satunya yg bisa membawa perubahan di Jakarta...semangat pak..., termasuk dalam kategori ujaran kebencian atau tidak?",tidak
3977,id_hatespeech,id_hatespeech_nusantara_text,585194c2-9f25-4f75-a136-37600940fdba,hate_or_noHate_zs_noopt_kategori,train,"Menurutmu, apakah teks berikut: Pak ahok, saya mempunyai ibu, ibu saya selalu mendoakan pak ahok setiap waktu dan setiap pagi jam 3 ibu saya sebenarnya kecewa dengan hasil pilkada, termasuk dalam kategori ujaran kebencian atau tidak?",tidak
3978,id_hatespeech,id_hatespeech_nusantara_text,585194c2-9f25-4f75-a136-37600940fdba,hate_or_noHate_zs_noopt_kategori,train,"Menurutmu, apakah teks berikut: tapi kalah menang itu biasa. kekuasaan ada di tangan tuhan, asal bapak ahok tidak menjual iman pak ahok dengan jabatan, termasuk dalam kategori ujaran kebencian atau tidak?",tidak
3979,id_hatespeech,id_hatespeech_nusantara_text,585194c2-9f25-4f75-a136-37600940fdba,hate_or_noHate_zs_noopt_kategori,train,"Menurutmu, apakah teks berikut: Terimakasih banyak pak ahok dan djarot untuk kerja tulus dan kerasnya untuk Jakarta.., termasuk dalam kategori ujaran kebencian atau tidak?",tidak
3980,id_hatespeech,id_hatespeech_nusantara_text,585194c2-9f25-4f75-a136-37600940fdba,hate_or_noHate_zs_noopt_kategori,train,"Menurutmu, apakah teks berikut: Media Asing Menyorot Hasil Pilkada Jakarta, termasuk dalam kategori ujaran kebencian atau tidak?",tidak
3981,id_hatespeech,id_hatespeech_nusantara_text,585194c2-9f25-4f75-a136-37600940fdba,hate_or_noHate_zs_noopt_kategori,train,"Menurutmu, apakah teks berikut: Ahok Banyak Belajar di Pilkada DKI, termasuk dalam kategori ujaran kebencian atau tidak?",tidak
3982,id_hatespeech,id_hatespeech_nusantara_text,585194c2-9f25-4f75-a136-37600940fdba,hate_or_noHate_zs_noopt_kategori,train,"Menurutmu, apakah teks berikut: Ini Pelajaran yang Dipetik Ahok dari Pilkada DKI, termasuk dalam kategori ujaran kebencian atau tidak?",tidak
3983,id_hatespeech,id_hatespeech_nusantara_text,585194c2-9f25-4f75-a136-37600940fdba,hate_or_noHate_zs_noopt_kategori,train,"Menurutmu, apakah teks berikut: Ahok: Lupakan Semua Masalah Kampanye dan Pilkada, termasuk dalam kategori ujaran kebencian atau tidak?",tidak
3984,id_hatespeech,id_hatespeech_nusantara_text,585194c2-9f25-4f75-a136-37600940fdba,hate_or_noHate_zs_noopt_kategori,train,"Menurutmu, apakah teks berikut: Presiden Percaya Pilkada DKI Hasilkan Pemimpin Terbaik, termasuk dalam kategori ujaran kebencian atau tidak?",tidak
3985,id_hatespeech,id_hatespeech_nusantara_text,585194c2-9f25-4f75-a136-37600940fdba,hate_or_noHate_zs_noopt_kategori,train,"Menurutmu, apakah teks berikut: Kapolri Pastikan Pilkada DKI Berjalan Lancar dan Sejuk, termasuk dalam kategori ujaran kebencian atau tidak?",tidak
3986,id_hatespeech,id_hatespeech_nusantara_text,585194c2-9f25-4f75-a136-37600940fdba,hate_or_noHate_zs_noopt_kategori,train,"Menurutmu, apakah teks berikut: Pengamat: Pilkada DKI Panas Karena Parpol Sulit Disiplinkan Massa, termasuk dalam kategori ujaran kebencian atau tidak?",tidak
3987,id_hatespeech,id_hatespeech_nusantara_text,585194c2-9f25-4f75-a136-37600940fdba,hate_or_noHate_zs_noopt_kategori,train,"Menurutmu, apakah teks berikut: Parpol Pendukung Ahok-Djarot Komitmen Jaga Pilkada Damai, termasuk dalam kategori ujaran kebencian atau tidak?",tidak
3988,id_hatespeech,id_hatespeech_nusantara_text,585194c2-9f25-4f75-a136-37600940fdba,hate_or_noHate_zs_noopt_kategori,train,"Menurutmu, apakah teks berikut: Amankan Pilkada DKI, Polisi Terapkan Dua Sistem Pengamanan, termasuk dalam kategori ujaran kebencian atau tidak?",tidak
3989,id_hatespeech,id_hatespeech_nusantara_text,585194c2-9f25-4f75-a136-37600940fdba,hate_or_noHate_zs_noopt_kategori,train,"Menurutmu, apakah teks berikut: Tiga Instansi Keluarkan Maklumat Larangan Mobilisasi Massa di Pilkada DKI, termasuk dalam kategori ujaran kebencian atau tidak?",tidak
3990,id_hatespeech,id_hatespeech_nusantara_text,585194c2-9f25-4f75-a136-37600940fdba,hate_or_noHate_zs_noopt_kategori,train,"Menurutmu, apakah teks berikut: TERNYATA BAJU YANG DIPAKAI AHOK DI DEBAT PILKADA YG SAYA TONTON MELALUI METRO TV SAMA DENGAN YANG DI TV ONE. BARUSAN SAYA CEK, termasuk dalam kategori ujaran kebencian atau tidak?",tidak
3991,id_hatespeech,id_hatespeech_nusantara_text,585194c2-9f25-4f75-a136-37600940fdba,hate_or_noHate_zs_noopt_kategori,train,"Menurutmu, apakah teks berikut: Sebagai warga negara yang baik, lo wajib ikut mensukseskan Pilkada Jakarta 2017. Temukan performa berbeda Debat Pilkada pukul 7, termasuk dalam kategori ujaran kebencian atau tidak?",tidak
3992,id_hatespeech,id_hatespeech_nusantara_text,585194c2-9f25-4f75-a136-37600940fdba,hate_or_noHate_zs_noopt_kategori,train,"Menurutmu, apakah teks berikut: Debat Terakhir Menentukan Elektabilitas di Pilkada DKI Putaran Kedua, termasuk dalam kategori ujaran kebencian atau tidak?",tidak
3993,id_hatespeech,id_hatespeech_nusantara_text,585194c2-9f25-4f75-a136-37600940fdba,hate_or_noHate_zs_noopt_kategori,train,"Menurutmu, apakah teks berikut: Terima kasih bapak ahok dengan jasa2 bapak selalu membangun jakarta lebih baik lagi, termasuk dalam kategori ujaran kebencian atau tidak?",tidak
3994,id_hatespeech,id_hatespeech_nusantara_text,585194c2-9f25-4f75-a136-37600940fdba,hate_or_noHate_zs_noopt_kategori,train,"Menurutmu, apakah teks berikut: Salut banget sm pak ahok.. benar2 berjiwa kesatria.. langsung mengucapkan selamat ke pasangan anis dan sandi.., termasuk dalam kategori ujaran kebencian atau tidak?",tidak
3995,id_hatespeech,id_hatespeech_nusantara_text,585194c2-9f25-4f75-a136-37600940fdba,hate_or_noHate_zs_noopt_kategori,train,"Menurutmu, apakah teks berikut: keluarga sudah ke menggunakan hak pilihnya pagi ini. Jangan lupa bagi warga Jakarta untuk datang ke TPS sebelum jam 1 siang!, termasuk dalam kategori ujaran kebencian atau tidak?",tidak
3996,id_hatespeech,id_hatespeech_nusantara_text,585194c2-9f25-4f75-a136-37600940fdba,hate_or_noHate_zs_noopt_kategori,train,"Menurutmu, apakah teks berikut: Terima kasih telah membuat Jakarta menjadi lebih baik pak... Tetap semangat!, termasuk dalam kategori ujaran kebencian atau tidak?",tidak
3997,id_hatespeech,id_hatespeech_nusantara_text,585194c2-9f25-4f75-a136-37600940fdba,hate_or_noHate_zs_noopt_kategori,train,"Menurutmu, apakah teks berikut: Pada akhirnya, orang jahat akan jatuh, dan orang baik, akan dibangkitkan!, termasuk dalam kategori ujaran kebencian atau tidak?",tidak
3998,id_hatespeech,id_hatespeech_nusantara_text,585194c2-9f25-4f75-a136-37600940fdba,hate_or_noHate_zs_noopt_kategori,train,"Menurutmu, apakah teks berikut: Meski dijatuhkan berkali2, Tuhan akan selalu mengangkat yg benar, termasuk dalam kategori ujaran kebencian atau tidak?",tidak
3999,id_hatespeech,id_hatespeech_nusantara_text,585194c2-9f25-4f75-a136-37600940fdba,hate_or_noHate_zs_noopt_kategori,train,"Menurutmu, apakah teks berikut: Rencana Bapak yang di surga itu lebih indah yangg kita inginkan bapak ahok tetap semangat ya pak, termasuk dalam kategori ujaran kebencian atau tidak?",tidak
4000,id_hatespeech,id_hatespeech_nusantara_text,585194c2-9f25-4f75-a136-37600940fdba,hate_or_noHate_zs_noopt_kategori,train,"Menurutmu, apakah teks berikut: Pak Basuki dan Pak Djarot tetap kuat didalam iman dan pengharapan..., termasuk dalam kategori ujaran kebencian atau tidak?",tidak
4001,id_hatespeech,id_hatespeech_nusantara_text,585194c2-9f25-4f75-a136-37600940fdba,hate_or_noHate_zs_noopt_kategori,train,"Menurutmu, apakah teks berikut: Yakin bahwa ini bukan jalan yang terbaik untuk anda dari hanya sekedar Gubernur dan Wakil gubernur DKI.., termasuk dalam kategori ujaran kebencian atau tidak?",tidak
4002,id_hatespeech,id_hatespeech_nusantara_text,585194c2-9f25-4f75-a136-37600940fdba,hate_or_noHate_zs_noopt_kategori,train,"Menurutmu, apakah teks berikut: Masyarakat Indonesia khusus DKI melihat pemimpin itu bukan dilihat hasil kerjanya, termasuk dalam kategori ujaran kebencian atau tidak?",tidak
4003,id_hatespeech,id_hatespeech_nusantara_text,585194c2-9f25-4f75-a136-37600940fdba,hate_or_noHate_zs_noopt_kategori,train,"Menurutmu, apakah teks berikut: Kami sebagai rakyat indonesia yang bukan berasal dari DKI turut mendoakan semoga pak Basuki dan pak Djarot tidak pernah lelah melayani kami dan tetap terus semangat, termasuk dalam kategori ujaran kebencian atau tidak?",tidak
4004,id_hatespeech,id_hatespeech_nusantara_text,585194c2-9f25-4f75-a136-37600940fdba,hate_or_noHate_zs_noopt_kategori,train,"Menurutmu, apakah teks berikut: jangan padam untuk kemanusiaan ya pak, saya mengenang semua hal manis yg telah bapak perjuangkan, termasuk dalam kategori ujaran kebencian atau tidak?",tidak
4005,id_hatespeech,id_hatespeech_nusantara_text,585194c2-9f25-4f75-a136-37600940fdba,hate_or_noHate_zs_noopt_kategori,train,"Menurutmu, apakah teks berikut: Saya doakan pak ahok dan tamengnya tidak kejang2, termasuk dalam kategori ujaran kebencian atau tidak?",tidak
4006,id_hatespeech,id_hatespeech_nusantara_text,585194c2-9f25-4f75-a136-37600940fdba,hate_or_noHate_zs_noopt_kategori,train,"Menurutmu, apakah teks berikut: Tetap semangat pak. Ahok.. Aku selalu dukung pak ahok djarot., termasuk dalam kategori ujaran kebencian atau tidak?",tidak
4007,id_hatespeech,id_hatespeech_nusantara_text,585194c2-9f25-4f75-a136-37600940fdba,hate_or_noHate_zs_noopt_kategori,train,"Menurutmu, apakah teks berikut: Pemenang Debat Pilkada DKI malam ini adalah...... IRA KOESNO!!!, termasuk dalam kategori ujaran kebencian atau tidak?",tidak
4008,id_hatespeech,id_hatespeech_nusantara_text,585194c2-9f25-4f75-a136-37600940fdba,hate_or_noHate_zs_noopt_kategori,train,"Menurutmu, apakah teks berikut: Selamat buat pasangan no 3, Anies-Sandi pemenang versi Quick Count... Terima kasih buat Ahok-Djarot atas kerja luar biasa untuk Jakarta..., termasuk dalam kategori ujaran kebencian atau tidak?",tidak
4009,id_hatespeech,id_hatespeech_nusantara_text,585194c2-9f25-4f75-a136-37600940fdba,hate_or_noHate_zs_noopt_kategori,train,"Menurutmu, apakah teks berikut: Semangat pak ahok walaupun saya warga bandung tapi saya yakin pak ahok yg jadi juara..., termasuk dalam kategori ujaran kebencian atau tidak?",tidak
4010,id_hatespeech,id_hatespeech_nusantara_text,585194c2-9f25-4f75-a136-37600940fdba,hate_or_noHate_zs_noopt_kategori,train,"Menurutmu, apakah teks berikut: yg jelas, kerja keras, pasti, dan jujur tetap pak ahok., termasuk dalam kategori ujaran kebencian atau tidak?",tidak
4011,id_hatespeech,id_hatespeech_nusantara_text,585194c2-9f25-4f75-a136-37600940fdba,hate_or_noHate_zs_noopt_kategori,train,"Menurutmu, apakah teks berikut: Maaf pak saya tidak bisa ikutan nyoblos, KTP saya jakarta, tapi saya skrg tinggal bandung, saya hanya bisa berdoa, termasuk dalam kategori ujaran kebencian atau tidak?",tidak
4012,id_hatespeech,id_hatespeech_nusantara_text,585194c2-9f25-4f75-a136-37600940fdba,hate_or_noHate_zs_noopt_kategori,train,"Menurutmu, apakah teks berikut: semoga ahokdjarot bisa terus melanjutkan visi misi nya untuk membangun kota Jakarta, agar lebih rapih bersih dan nyaman, termasuk dalam kategori ujaran kebencian atau tidak?",tidak
4013,id_hatespeech,id_hatespeech_nusantara_text,585194c2-9f25-4f75-a136-37600940fdba,hate_or_noHate_zs_noopt_kategori,train,"Menurutmu, apakah teks berikut: Dalam nama Tuhan Untuk jakarta yg lebih baik, termasuk dalam kategori ujaran kebencian atau tidak?",tidak
4014,id_hatespeech,id_hatespeech_nusantara_text,585194c2-9f25-4f75-a136-37600940fdba,hate_or_noHate_zs_noopt_kategori,train,"Menurutmu, apakah teks berikut: semagat buat pak Anies semoga selalu dalam rahmat tuhan YME, termasuk dalam kategori ujaran kebencian atau tidak?",tidak
4015,id_hatespeech,id_hatespeech_nusantara_text,585194c2-9f25-4f75-a136-37600940fdba,hate_or_noHate_zs_noopt_kategori,train,"Menurutmu, apakah teks berikut: semua warga DKI gunakan hak pilihmu....jangan takut kita smua warga yg punya hak dan sehat lahir batin, termasuk dalam kategori ujaran kebencian atau tidak?",tidak
4016,id_hatespeech,id_hatespeech_nusantara_text,585194c2-9f25-4f75-a136-37600940fdba,hate_or_noHate_zs_noopt_kategori,train,"Menurutmu, apakah teks berikut: semoga Tuhan memberikan seluruh masyarakat DKI jakarta keadilan sesuai pemimpin yg benar2 demi rakyat Amin., termasuk dalam kategori ujaran kebencian atau tidak?",tidak
4017,id_hatespeech,id_hatespeech_nusantara_text,585194c2-9f25-4f75-a136-37600940fdba,hate_or_noHate_zs_noopt_kategori,train,"Menurutmu, apakah teks berikut: Eks Pendukung Agus-Sylvi di Jakarta Timur Deklarasikan Dukungan Untuk Ahok-Djarot, termasuk dalam kategori ujaran kebencian atau tidak?",tidak
4018,id_hatespeech,id_hatespeech_nusantara_text,585194c2-9f25-4f75-a136-37600940fdba,hate_or_noHate_zs_noopt_kategori,train,"Menurutmu, apakah teks berikut: Ini pasti salah Jokowi, Ahok dan kafir-kafir ateis. https:\/\/t.co\/v2GRcUeStI, termasuk dalam kategori ujaran kebencian atau tidak?",iya
4019,id_hatespeech,id_hatespeech_nusantara_text,585194c2-9f25-4f75-a136-37600940fdba,hate_or_noHate_zs_noopt_kategori,train,"Menurutmu, apakah teks berikut: @fahmiabuazzam1 biar aja biar tai nya kena bapak lo itu ya. Loh tuh kan gak suka sm ahok jadi biar loh sm bpk loh sm ibu loh kena tai nya., termasuk dalam kategori ujaran kebencian atau tidak?",iya
4020,id_hatespeech,id_hatespeech_nusantara_text,585194c2-9f25-4f75-a136-37600940fdba,hate_or_noHate_zs_noopt_kategori,train,"Menurutmu, apakah teks berikut: RT @BungWinar: Angin memporakporandakan basis pemenangan Si Penista Agama...Cililitan.\nYa Alloh Ampuni Kami\n#JakartaBanjir, termasuk dalam kategori ujaran kebencian atau tidak?",iya
4021,id_hatespeech,id_hatespeech_nusantara_text,585194c2-9f25-4f75-a136-37600940fdba,hate_or_noHate_zs_noopt_kategori,train,"Menurutmu, apakah teks berikut: RT @Lupuz0503: Prestasi Ahok, \nSelain mjadi mafia koruptor n penista agama, dirinya bhasil tenggelamkan JKT MELALUI congoran CEBON, termasuk dalam kategori ujaran kebencian atau tidak?",iya
4022,id_hatespeech,id_hatespeech_nusantara_text,585194c2-9f25-4f75-a136-37600940fdba,hate_or_noHate_zs_noopt_kategori,train,"Menurutmu, apakah teks berikut: Ulama Kompak Nyatakan #HaramPemimpinKafir Pilih Ahok = Murtad!, termasuk dalam kategori ujaran kebencian atau tidak?",iya
4023,id_hatespeech,id_hatespeech_nusantara_text,585194c2-9f25-4f75-a136-37600940fdba,hate_or_noHate_zs_noopt_kategori,train,"Menurutmu, apakah teks berikut: KAU PENDIKAN TINGGI TAPI BODOH....GK ADA LARANG BAWA AGAMA..BIAR ORANG ISLAM YG DI BAYAR AHOK SADAR GK JADI MILIH AHOK GLA, termasuk dalam kategori ujaran kebencian atau tidak?",iya
4024,id_hatespeech,id_hatespeech_nusantara_text,585194c2-9f25-4f75-a136-37600940fdba,hate_or_noHate_zs_noopt_kategori,train,"Menurutmu, apakah teks berikut: @indopoints di tanah abang cina udah mulai resah dan stres gara2 si penista agama dan pilkada pasar jd sepi. Sepi sampai 2 minggu lg ha. ha, termasuk dalam kategori ujaran kebencian atau tidak?",iya
4025,id_hatespeech,id_hatespeech_nusantara_text,585194c2-9f25-4f75-a136-37600940fdba,hate_or_noHate_zs_noopt_kategori,train,"Menurutmu, apakah teks berikut: @investigator_RI betul dan semua pihak yg menentang si cina kafir ahok akan di kriminalisasi oleh polisi dgn smua rekayasa hukum nya, termasuk dalam kategori ujaran kebencian atau tidak?",iya
4026,id_hatespeech,id_hatespeech_nusantara_text,585194c2-9f25-4f75-a136-37600940fdba,hate_or_noHate_zs_noopt_kategori,train,"Menurutmu, apakah teks berikut: @YohanesTarigan9 saya ga habis pikir kenapa fanboy ahok bego bego ya pada ga ngerti sejarah. Gampang kejebak iklan. Maaf ya., termasuk dalam kategori ujaran kebencian atau tidak?",iya
4027,id_hatespeech,id_hatespeech_nusantara_text,585194c2-9f25-4f75-a136-37600940fdba,hate_or_noHate_zs_noopt_kategori,train,"Menurutmu, apakah teks berikut: @Zufrianto3 lebih baik pilih ahok drpd pilih yg se iman tp koruptor dn munafik !! Bodoh kau, termasuk dalam kategori ujaran kebencian atau tidak?",iya
4028,id_hatespeech,id_hatespeech_nusantara_text,585194c2-9f25-4f75-a136-37600940fdba,hate_or_noHate_zs_noopt_kategori,train,"Menurutmu, apakah teks berikut: Ahok si penghina Al - Qur'an dan Ulama ini selalu bersikap menjijikkan yaitu sok suci dan merasa paling benar https:\/\/t.co\/bTkCeTNk0g, termasuk dalam kategori ujaran kebencian atau tidak?",iya
4029,id_hatespeech,id_hatespeech_nusantara_text,585194c2-9f25-4f75-a136-37600940fdba,hate_or_noHate_zs_noopt_kategori,train,"Menurutmu, apakah teks berikut: Ayo umat Islam yg pinter, jgn percaya klo aksi 112 tdk ada hubungannya dgn pilkada, pihak AHY yg bayar anies yg untung \ud83d\ude01, termasuk dalam kategori ujaran kebencian atau tidak?",iya
4030,id_hatespeech,id_hatespeech_nusantara_text,585194c2-9f25-4f75-a136-37600940fdba,hate_or_noHate_zs_noopt_kategori,train,"Menurutmu, apakah teks berikut: #DebatFinalPilkadaJKT mampuuuusssssss mpoK Silvy!!!!, termasuk dalam kategori ujaran kebencian atau tidak?",iya
4031,id_hatespeech,id_hatespeech_nusantara_text,585194c2-9f25-4f75-a136-37600940fdba,hate_or_noHate_zs_noopt_kategori,train,"Menurutmu, apakah teks berikut: Hidup china komunis ! https:\/\/t.co\/b1RheVKrXl, termasuk dalam kategori ujaran kebencian atau tidak?",iya
4032,id_hatespeech,id_hatespeech_nusantara_text,585194c2-9f25-4f75-a136-37600940fdba,hate_or_noHate_zs_noopt_kategori,train,"Menurutmu, apakah teks berikut: Ini tuh kesalahan Jokowi dan Ahok si babi ateis. https:\/\/t.co\/v2GRcUeStI, termasuk dalam kategori ujaran kebencian atau tidak?",iya
4033,id_hatespeech,id_hatespeech_nusantara_text,585194c2-9f25-4f75-a136-37600940fdba,hate_or_noHate_zs_noopt_kategori,train,"Menurutmu, apakah teks berikut: Kalo ahok menang pilkada bikin video sex bareng anaknya dong tan.? https:\/\/t.co\/7msmThwwLK, termasuk dalam kategori ujaran kebencian atau tidak?",iya
4034,id_hatespeech,id_hatespeech_nusantara_text,585194c2-9f25-4f75-a136-37600940fdba,hate_or_noHate_zs_noopt_kategori,train,"Menurutmu, apakah teks berikut: Keluarga Besar Kami Yang Berdomisili di Jakarta TIDAK PILIH AHOK!! https:\/\/t.co\/GZKZFTpvCw Suara Ulama Bulat! #HaramPilihAhok #JanganGolput, termasuk dalam kategori ujaran kebencian atau tidak?",iya
4035,id_hatespeech,id_hatespeech_nusantara_text,585194c2-9f25-4f75-a136-37600940fdba,hate_or_noHate_zs_noopt_kategori,train,"Menurutmu, apakah teks berikut: ketutunan cina dari luar kota dan pulau mulai kejakarta mau coblos ahok dengan KTP aspal dari kamboja, termasuk dalam kategori ujaran kebencian atau tidak?",iya
4036,id_hatespeech,id_hatespeech_nusantara_text,585194c2-9f25-4f75-a136-37600940fdba,hate_or_noHate_zs_noopt_kategori,train,"Menurutmu, apakah teks berikut: RT @indopoints: china babi... china maling...\n#UsirChina https:\/\/t.co\/9y4HIWHJp2, termasuk dalam kategori ujaran kebencian atau tidak?",iya
4037,id_hatespeech,id_hatespeech_nusantara_text,585194c2-9f25-4f75-a136-37600940fdba,hate_or_noHate_zs_noopt_kategori,train,"Menurutmu, apakah teks berikut: RT @mosangada72: Masih mau memilih Agus-Sylvi???\nAnaknya SBY dan Keluarga Koruptor\n#BlusukanAhok\n#BerjamaahCoblosPecinya\u2026, termasuk dalam kategori ujaran kebencian atau tidak?",iya
4038,id_hatespeech,id_hatespeech_nusantara_text,585194c2-9f25-4f75-a136-37600940fdba,hate_or_noHate_zs_noopt_kategori,train,"Menurutmu, apakah teks berikut: tangkap ahok dan klompok nya yg melakukan pemalsuan e KTP karna merupakan penghiyanat bagi bangsa dan negara, termasuk dalam kategori ujaran kebencian atau tidak?",iya
4039,id_hatespeech,id_hatespeech_nusantara_text,585194c2-9f25-4f75-a136-37600940fdba,hate_or_noHate_zs_noopt_kategori,train,"Menurutmu, apakah teks berikut: Tangkap Ahok Sekarang Juga, Share Jika Setuju !!!, termasuk dalam kategori ujaran kebencian atau tidak?",iya
4040,id_hatespeech,id_hatespeech_nusantara_text,585194c2-9f25-4f75-a136-37600940fdba,hate_or_noHate_zs_noopt_kategori,train,"Menurutmu, apakah teks berikut: Sayang sekali Bangsa ini Paling jago kalau merasa-rasa. Yg mendukung Pak Ahok merasa paling benar, yg mendukung Mas Anies merasa paling suci, termasuk dalam kategori ujaran kebencian atau tidak?",iya
4041,id_hatespeech,id_hatespeech_nusantara_text,585194c2-9f25-4f75-a136-37600940fdba,hate_or_noHate_zs_noopt_kategori,train,"Menurutmu, apakah teks berikut: Video Ahok Menghina Agama Kristen Agama Konyol #AhokPecahBelahBangsa, termasuk dalam kategori ujaran kebencian atau tidak?",iya
4042,id_hatespeech,id_hatespeech_nusantara_text,585194c2-9f25-4f75-a136-37600940fdba,hate_or_noHate_zs_noopt_kategori,train,"Menurutmu, apakah teks berikut: Bukan Hanya Penista Agama, Bagi JPU Ahok Pemecah Belah Bangsa https:\/\/t.co\/6qkIFCjqhq, termasuk dalam kategori ujaran kebencian atau tidak?",iya
4043,id_hatespeech,id_hatespeech_nusantara_text,585194c2-9f25-4f75-a136-37600940fdba,hate_or_noHate_zs_noopt_kategori,train,"Menurutmu, apakah teks berikut: Mbak Sylviana please Anda sehat? #DebatFinalPilkadaJKT #perjuanganbelumselesai, termasuk dalam kategori ujaran kebencian atau tidak?",iya
4044,id_hatespeech,id_hatespeech_nusantara_text,585194c2-9f25-4f75-a136-37600940fdba,hate_or_noHate_zs_noopt_kategori,train,"Menurutmu, apakah teks berikut: Nomor 1 sok tau lagi lansung di skak wkwkwk #DebatFinalPilkadaJKT, termasuk dalam kategori ujaran kebencian atau tidak?",iya
4045,id_hatespeech,id_hatespeech_nusantara_text,585194c2-9f25-4f75-a136-37600940fdba,hate_or_noHate_zs_noopt_kategori,train,"Menurutmu, apakah teks berikut: RT @Gemacan70: Ayoo jaga keutuhan NKRI!!! Tangkap Penista Agama!!! #StopKriminalisasiUlama https:\/\/t.co\/dxIDQ4ZQHV, termasuk dalam kategori ujaran kebencian atau tidak?",iya
4046,id_hatespeech,id_hatespeech_nusantara_text,585194c2-9f25-4f75-a136-37600940fdba,hate_or_noHate_zs_noopt_kategori,train,"Menurutmu, apakah teks berikut: @Lupuz0503: Terlihat salah satu pendukung mafia koruptor dan penista agama, para gerombolan BANCI TITOT lakukan bidikan ke arah, termasuk dalam kategori ujaran kebencian atau tidak?",iya
4047,id_hatespeech,id_hatespeech_nusantara_text,585194c2-9f25-4f75-a136-37600940fdba,hate_or_noHate_zs_noopt_kategori,train,"Menurutmu, apakah teks berikut: tobat yuk sebelum terlambat. biar gerombolan JIL aja yg kita doakan konsisten bela kekafiran hingga akhir hayat https:\/\/t.co\/979uJ6ItrM, termasuk dalam kategori ujaran kebencian atau tidak?",iya
4048,id_hatespeech,id_hatespeech_nusantara_text,585194c2-9f25-4f75-a136-37600940fdba,hate_or_noHate_zs_noopt_kategori,train,"Menurutmu, apakah teks berikut: RT @UstadTengku: Ya Allah Jika Mereka Menempuh Cara2 Curang utk Memenangkan Si Penista Agama, Engkau Kirimkanlah MALAIKAT MAUT Utk menyeles\u2026, termasuk dalam kategori ujaran kebencian atau tidak?",iya
4049,id_hatespeech,id_hatespeech_nusantara_text,585194c2-9f25-4f75-a136-37600940fdba,hate_or_noHate_zs_noopt_kategori,train,"Menurutmu, apakah teks berikut: ;Kebanyakan fitnah nih mpok silvy #DebatFinalPilkadaJKT #Gue2, termasuk dalam kategori ujaran kebencian atau tidak?",iya
4050,id_hatespeech,id_hatespeech_nusantara_text,585194c2-9f25-4f75-a136-37600940fdba,hate_or_noHate_zs_noopt_kategori,train,"Menurutmu, apakah teks berikut: FPI: Pendukung Ahok kalah jumlah, dengan izin Allah kita gusur Gubernur koruptor dan penista agama https:\/\/t.co\/Jp7pGLRGiE, termasuk dalam kategori ujaran kebencian atau tidak?",iya
4051,id_hatespeech,id_hatespeech_nusantara_text,585194c2-9f25-4f75-a136-37600940fdba,hate_or_noHate_zs_noopt_kategori,train,"Menurutmu, apakah teks berikut: #JakartaBanjir Pemimpinnya gak punya akhlak yg baik... PENISTA AGAMA. https:\/\/t.co\/PNEGDJMPCH, termasuk dalam kategori ujaran kebencian atau tidak?",iya
4052,id_hatespeech,id_hatespeech_nusantara_text,585194c2-9f25-4f75-a136-37600940fdba,hate_or_noHate_zs_noopt_kategori,train,"Menurutmu, apakah teks berikut: RT @felixsiauw: tapi twit begini asik lo, kita jadi tau yang mana akun-akun pro-penista agama, akun-akun buzzer yang kerjanya menghujat :), termasuk dalam kategori ujaran kebencian atau tidak?",iya
4053,id_hatespeech,id_hatespeech_nusantara_text,585194c2-9f25-4f75-a136-37600940fdba,hate_or_noHate_zs_noopt_kategori,train,"Menurutmu, apakah teks berikut: @DivHumasHansip: ahoker siap bela penista agama https:\/\/t.co\/HxuU4rUDFX\, termasuk dalam kategori ujaran kebencian atau tidak?",iya
4054,id_hatespeech,id_hatespeech_nusantara_text,585194c2-9f25-4f75-a136-37600940fdba,hate_or_noHate_zs_noopt_kategori,train,"Menurutmu, apakah teks berikut: RT @alwinazar24: sepertinya CUCUnya DAJJAL telah hadir, termasuk dalam kategori ujaran kebencian atau tidak?",iya
4055,id_hatespeech,id_hatespeech_nusantara_text,585194c2-9f25-4f75-a136-37600940fdba,hate_or_noHate_zs_noopt_kategori,train,"Menurutmu, apakah teks berikut: Mereka Siang MALAM Maki2 Ulama Kita, Nongkrongi Medsos Ulama2\nBela PENISTA Agama yg SOMBONGNYA Minta AMPUN., termasuk dalam kategori ujaran kebencian atau tidak?",iya
4056,id_hatespeech,id_hatespeech_nusantara_text,585194c2-9f25-4f75-a136-37600940fdba,hate_or_noHate_zs_noopt_kategori,train,"Menurutmu, apakah teks berikut: RT @Jhonkosmik: Ada apa dengan mayoritas etnis China di DKI?\nMengapa begitu solid mendukung penista agama Islam?\n\nDendam?\nTidak nasionalis?, termasuk dalam kategori ujaran kebencian atau tidak?",iya
4057,id_hatespeech,id_hatespeech_nusantara_text,585194c2-9f25-4f75-a136-37600940fdba,hate_or_noHate_zs_noopt_kategori,train,"Menurutmu, apakah teks berikut: Mukanya mpo Silvy Asem bangett ngakak kena deh abis jahat sih #DebatFinalPilkadaJKT, termasuk dalam kategori ujaran kebencian atau tidak?",iya
4058,id_hatespeech,id_hatespeech_nusantara_text,585194c2-9f25-4f75-a136-37600940fdba,hate_or_noHate_zs_noopt_kategori,train,"Menurutmu, apakah teks berikut: RT @GodinJ760478: @tempodotco gara2 belain terdakwa penista agama jadi remek semua. Sukurin, termasuk dalam kategori ujaran kebencian atau tidak?",iya
4059,id_hatespeech,id_hatespeech_nusantara_text,585194c2-9f25-4f75-a136-37600940fdba,hate_or_noHate_zs_noopt_kategori,train,"Menurutmu, apakah teks berikut: RT @Chaeruddin_B: Sekumpulan Teman Penista Agama\nTdk ada empati buat korban banjir, hanya koar2 memuji junjunganya https:\/\/t.co\/XQFktDG74x, termasuk dalam kategori ujaran kebencian atau tidak?",iya
4060,id_hatespeech,id_hatespeech_nusantara_text,585194c2-9f25-4f75-a136-37600940fdba,hate_or_noHate_zs_noopt_kategori,train,"Menurutmu, apakah teks berikut: RT @TerorisSocmed: PENJARAKAN PENISTA AGAMA !!! ATAU @jokowi TURUN !!! https:\/\/t.co\/vqH0TNXaRz, termasuk dalam kategori ujaran kebencian atau tidak?",iya
4061,id_hatespeech,id_hatespeech_nusantara_text,585194c2-9f25-4f75-a136-37600940fdba,hate_or_noHate_zs_noopt_kategori,train,"Menurutmu, apakah teks berikut: Si penista agama, Jaga mulut aja gabisa apalagi jaga jkt?, termasuk dalam kategori ujaran kebencian atau tidak?",iya
4062,id_hatespeech,id_hatespeech_nusantara_text,585194c2-9f25-4f75-a136-37600940fdba,hate_or_noHate_zs_noopt_kategori,train,"Menurutmu, apakah teks berikut: Ahok : program paslon no. 1 ini programnya ngambang | yaiyalah pakkk gak ada program diaa cma ada celaan #DebatFinalPilkadaJKT, termasuk dalam kategori ujaran kebencian atau tidak?",iya
4063,id_hatespeech,id_hatespeech_nusantara_text,585194c2-9f25-4f75-a136-37600940fdba,hate_or_noHate_zs_noopt_kategori,train,"Menurutmu, apakah teks berikut: Akui saja Ahok dan Djarot kalian gagal atasi banjir.Orang kena banjir anda sibuk sidang kasus penista agama, termasuk dalam kategori ujaran kebencian atau tidak?",iya
4064,id_hatespeech,id_hatespeech_nusantara_text,585194c2-9f25-4f75-a136-37600940fdba,hate_or_noHate_zs_noopt_kategori,train,"Menurutmu, apakah teks berikut: RT @87_julay: Iyaa... Ahog Ngak pantes jadi pemimpin.. Pantesnya penista agama dipenjarakan!!! https:\/\/t.co\/YhhO40QWXS, termasuk dalam kategori ujaran kebencian atau tidak?",iya
4065,id_hatespeech,id_hatespeech_nusantara_text,585194c2-9f25-4f75-a136-37600940fdba,hate_or_noHate_zs_noopt_kategori,train,"Menurutmu, apakah teks berikut: RT @wongawas: Overdosis @Metro_TV membela penista agama. https:\/\/t.co\/i84RARpy5w, termasuk dalam kategori ujaran kebencian atau tidak?",iya
4066,id_hatespeech,id_hatespeech_nusantara_text,585194c2-9f25-4f75-a136-37600940fdba,hate_or_noHate_zs_noopt_kategori,train,"Menurutmu, apakah teks berikut: Kaga masuk diakal kite kalo suara seorang penista agama yg dah dikutuk ame umat islam suara nye bisa tinggi, emang sengaja ditinggiin tuh, termasuk dalam kategori ujaran kebencian atau tidak?",iya
4067,id_hatespeech,id_hatespeech_nusantara_text,585194c2-9f25-4f75-a136-37600940fdba,hate_or_noHate_zs_noopt_kategori,train,"Menurutmu, apakah teks berikut: RT @andreobz: Pantasan di pecat dr menteri...data2 aj ngawur dan memkasakan betul..hahaha #AhokPastiTumbang #paslon3 #pilgubdki, termasuk dalam kategori ujaran kebencian atau tidak?",iya
4068,id_hatespeech,id_hatespeech_nusantara_text,585194c2-9f25-4f75-a136-37600940fdba,hate_or_noHate_zs_noopt_kategori,train,"Menurutmu, apakah teks berikut: RT @BangsaPenguasa: Penjarakan ahoax penista agama atau jokowi turun.#KonsolidasiDewanPKB https:\/\/t.co\/XoW5eakIsk, termasuk dalam kategori ujaran kebencian atau tidak?",iya
4069,id_hatespeech,id_hatespeech_nusantara_text,585194c2-9f25-4f75-a136-37600940fdba,hate_or_noHate_zs_noopt_kategori,train,"Menurutmu, apakah teks berikut: Napa dibiarin tim si penista agama maen curang maren, emang sengaja dibiarin biar ntar digaplok umat islam rame2 se jakarta tuh penista, termasuk dalam kategori ujaran kebencian atau tidak?",iya
4070,id_hatespeech,id_hatespeech_nusantara_text,585194c2-9f25-4f75-a136-37600940fdba,hate_or_noHate_zs_noopt_kategori,train,"Menurutmu, apakah teks berikut: Hahahahhahaa silvy ohh silvy cacingan amat loe ahhh wkwkwkwkwkk #DebatFinalPilkadaJKT, termasuk dalam kategori ujaran kebencian atau tidak?",iya
4071,id_hatespeech,id_hatespeech_nusantara_text,585194c2-9f25-4f75-a136-37600940fdba,hate_or_noHate_zs_noopt_kategori,train,"Menurutmu, apakah teks berikut: RT @Rakyat_Angin: Ahok Taik. \""MENFITNAH\"". Emang lu tukang caci maki perempuannn!! Asuuu #AhokPastiTumbang #DebatFinalPilkadaJKT, termasuk dalam kategori ujaran kebencian atau tidak?",iya
4072,id_hatespeech,id_hatespeech_nusantara_text,585194c2-9f25-4f75-a136-37600940fdba,hate_or_noHate_zs_noopt_kategori,train,"Menurutmu, apakah teks berikut: RT @HasanArisandi: #AhokPastiTumbang fakta di bilang fitnah\n#DebatFinalPilkadaJKT, termasuk dalam kategori ujaran kebencian atau tidak?",iya
4073,id_hatespeech,id_hatespeech_nusantara_text,585194c2-9f25-4f75-a136-37600940fdba,hate_or_noHate_zs_noopt_kategori,train,"Menurutmu, apakah teks berikut: Shame on you silvy !! Ga malu fitnah?? Tuh rasain pak ahok panas, skak mat #DebatFinalPilkadaJKT, termasuk dalam kategori ujaran kebencian atau tidak?",iya
4074,id_hatespeech,id_hatespeech_nusantara_text,585194c2-9f25-4f75-a136-37600940fdba,hate_or_noHate_zs_noopt_kategori,train,"Menurutmu, apakah teks berikut: Bu silvi anti pns level rendah katanya #DebatFinalPilkadaJKT, termasuk dalam kategori ujaran kebencian atau tidak?",iya
4075,id_hatespeech,id_hatespeech_nusantara_text,585194c2-9f25-4f75-a136-37600940fdba,hate_or_noHate_zs_noopt_kategori,train,"Menurutmu, apakah teks berikut: RT @AnnisaFYtr: Hanya Orang Islam Yang Bodoh dan Goblok Yang Memilik Ahok! #DebatFinalPilkadaJKT, termasuk dalam kategori ujaran kebencian atau tidak?",iya
4076,id_hatespeech,id_hatespeech_nusantara_text,585194c2-9f25-4f75-a136-37600940fdba,hate_or_noHate_zs_noopt_kategori,train,"Menurutmu, apakah teks berikut: @DivHumasHansip: fitnah FPI pecah adalah ulah ahoker yg melihat elektabilitas ahok tinggal 10%,mereka kelojotan melihat MUI+NU+Muhammadi, termasuk dalam kategori ujaran kebencian atau tidak?",iya
4077,id_hatespeech,id_hatespeech_nusantara_text,585194c2-9f25-4f75-a136-37600940fdba,hate_or_noHate_zs_noopt_kategori,train,"Menurutmu, apakah teks berikut: Norak banget iklan mantan mendikbud @aniesbaswedan ini. Tambah gak respech.. inilah tenun kebangsaan yg dia maksud.\u2026 https:\/\/t.co\/Ux7HEYkBLG, termasuk dalam kategori ujaran kebencian atau tidak?",iya
4078,id_hatespeech,id_hatespeech_nusantara_text,585194c2-9f25-4f75-a136-37600940fdba,hate_or_noHate_zs_noopt_kategori,train,"Menurutmu, apakah teks berikut: RT @DivHumasHansip: yg nebar kebencian itu ahok mbak,masa mbak gak tau sih sampai dia jadi terdakwa loh @AnizzahGedrun, termasuk dalam kategori ujaran kebencian atau tidak?",iya
4079,id_hatespeech,id_hatespeech_nusantara_text,585194c2-9f25-4f75-a136-37600940fdba,hate_or_noHate_zs_noopt_kategori,train,"Menurutmu, apakah teks berikut: pertanyaan dari Bu Sylvi gak mutu amat. #DebatFinalPilkadaJKT, termasuk dalam kategori ujaran kebencian atau tidak?",iya
4080,id_hatespeech,id_hatespeech_nusantara_text,585194c2-9f25-4f75-a136-37600940fdba,hate_or_noHate_zs_noopt_kategori,train,"Menurutmu, apakah teks berikut: Huuu sylvi tak tahu apa-apa asal ngoceh #NobarAhokDjarot #DebatFinalPilkadaJKT, termasuk dalam kategori ujaran kebencian atau tidak?",iya
4081,id_hatespeech,id_hatespeech_nusantara_text,585194c2-9f25-4f75-a136-37600940fdba,hate_or_noHate_zs_noopt_kategori,train,"Menurutmu, apakah teks berikut: Sylvi keliatan bloonnya #DebatFinalPilkadaJKT, termasuk dalam kategori ujaran kebencian atau tidak?",iya
4082,id_hatespeech,id_hatespeech_nusantara_text,585194c2-9f25-4f75-a136-37600940fdba,hate_or_noHate_zs_noopt_kategori,train,"Menurutmu, apakah teks berikut: RT @WanitaRevolusi: Ahoax penista agama kembali mengolok olok surat AL-MAIDAH 51. Cc @Dahnilanzar, termasuk dalam kategori ujaran kebencian atau tidak?",iya
4083,id_hatespeech,id_hatespeech_nusantara_text,585194c2-9f25-4f75-a136-37600940fdba,hate_or_noHate_zs_noopt_kategori,train,"Menurutmu, apakah teks berikut: #JakartaBanjir Pemimpinnya gak punya akhlak yg baik... PENISTA AGAMA., termasuk dalam kategori ujaran kebencian atau tidak?",iya
4084,id_hatespeech,id_hatespeech_nusantara_text,585194c2-9f25-4f75-a136-37600940fdba,hate_or_noHate_zs_noopt_kategori,train,"Menurutmu, apakah teks berikut: #DebatFinalPilkadaJKT mati kau hok, termasuk dalam kategori ujaran kebencian atau tidak?",iya
4085,id_hatespeech,id_hatespeech_nusantara_text,585194c2-9f25-4f75-a136-37600940fdba,hate_or_noHate_zs_noopt_kategori,train,"Menurutmu, apakah teks berikut: Yg ga punya program bisanya cuma fitnah. Ciri Orang yg demen ngambil kjp kontan #DebatFinalPilkadaJKT, termasuk dalam kategori ujaran kebencian atau tidak?",iya
4086,id_hatespeech,id_hatespeech_nusantara_text,585194c2-9f25-4f75-a136-37600940fdba,hate_or_noHate_zs_noopt_kategori,train,"Menurutmu, apakah teks berikut: Mpok silvi nyinyir melulu pertanyaan nya tapi sayang sesat! Maklum sih dese emakemak! #DebatFinalDKI #DebatFinalPilkadaJKT, termasuk dalam kategori ujaran kebencian atau tidak?",iya
4087,id_hatespeech,id_hatespeech_nusantara_text,585194c2-9f25-4f75-a136-37600940fdba,hate_or_noHate_zs_noopt_kategori,train,"Menurutmu, apakah teks berikut: RT @bajigurceleng: @jpnncom hahaha jelas2 buat pilkada dasar polisi made in cina pelindung penista agama, termasuk dalam kategori ujaran kebencian atau tidak?",iya
4088,id_hatespeech,id_hatespeech_nusantara_text,585194c2-9f25-4f75-a136-37600940fdba,hate_or_noHate_zs_noopt_kategori,train,"Menurutmu, apakah teks berikut: Kurangnya pemberdayaan wanita DKI Jakarta bisa dilihat dari telaknya perbedaan warna muka dan warna tangan mpok sylvi #DebatFinalPilkadaJKT, termasuk dalam kategori ujaran kebencian atau tidak?",iya
4089,id_hatespeech,id_hatespeech_nusantara_text,585194c2-9f25-4f75-a136-37600940fdba,hate_or_noHate_zs_noopt_kategori,train,"Menurutmu, apakah teks berikut: Agus silvy Tukang Fitnah #DebatFinalPilkadaJKT, termasuk dalam kategori ujaran kebencian atau tidak?",iya
4090,id_hatespeech,id_hatespeech_nusantara_text,585194c2-9f25-4f75-a136-37600940fdba,hate_or_noHate_zs_noopt_kategori,train,"Menurutmu, apakah teks berikut: #DebatFinalPilkadaJKT yaudah gus sini kalo ga sakit secara fisik daripada verbal gw gebukin lo rame2, termasuk dalam kategori ujaran kebencian atau tidak?",iya
4091,id_hatespeech,id_hatespeech_nusantara_text,585194c2-9f25-4f75-a136-37600940fdba,hate_or_noHate_zs_noopt_kategori,train,"Menurutmu, apakah teks berikut: Keluarga kita gak ada yg maling coyy gak perlu trauma kaleeeee emang kluarga ente?, termasuk dalam kategori ujaran kebencian atau tidak?",iya
4092,id_hatespeech,id_hatespeech_nusantara_text,585194c2-9f25-4f75-a136-37600940fdba,hate_or_noHate_zs_noopt_kategori,train,"Menurutmu, apakah teks berikut: JG KAITKAN JOKOWI DENGAN AHOK KATA JOHAN BUDI. KATA KAMI. SEBAB JOKOWI ANJING. SEDANGKAN AHOK BABI. YA JELAS BERBEDA. WALAUPUN OTAKNYA SAMA, termasuk dalam kategori ujaran kebencian atau tidak?",iya
4093,id_hatespeech,id_hatespeech_nusantara_text,585194c2-9f25-4f75-a136-37600940fdba,hate_or_noHate_zs_noopt_kategori,train,"Menurutmu, apakah teks berikut: Bajingan lu silvy #DebatFinalPilkadaJKT, termasuk dalam kategori ujaran kebencian atau tidak?",iya
4094,id_hatespeech,id_hatespeech_nusantara_text,585194c2-9f25-4f75-a136-37600940fdba,hate_or_noHate_zs_noopt_kategori,train,"Menurutmu, apakah teks berikut: Hasil Akhir, Menyatakan @jokowi Melindungi Ahok TERDAKWA PENISTA AGAMA !!!, termasuk dalam kategori ujaran kebencian atau tidak?",iya
4095,id_hatespeech,id_hatespeech_nusantara_text,585194c2-9f25-4f75-a136-37600940fdba,hate_or_noHate_zs_noopt_kategori,train,"Menurutmu, apakah teks berikut: RT @SiBonekaKayu: Selepas banjir Jakarta 212 Pendukung Ahok mengganti narasi doa. Semua demi keuntungan Sang Penista Agama, termasuk dalam kategori ujaran kebencian atau tidak?",iya
4096,id_hatespeech,id_hatespeech_nusantara_text,585194c2-9f25-4f75-a136-37600940fdba,hate_or_noHate_zs_noopt_kategori,train,"Menurutmu, apakah teks berikut: Tionghoa katanya kaya? Kok pada putus sekolah? Kebanyakan dugem?, termasuk dalam kategori ujaran kebencian atau tidak?",iya
4097,id_hatespeech,id_hatespeech_nusantara_text,585194c2-9f25-4f75-a136-37600940fdba,hate_or_noHate_zs_noopt_kategori,train,"Menurutmu, apakah teks berikut: Gusur Ahok demi Indonesia. Teladan buruk pembangkangan hukum dan anti kemanusiaan di Jakarta jgn tertular ke daerah. #CoblosPecinya, termasuk dalam kategori ujaran kebencian atau tidak?",iya
4098,id_hatespeech,id_hatespeech_nusantara_text,585194c2-9f25-4f75-a136-37600940fdba,hate_or_noHate_zs_noopt_kategori,train,"Menurutmu, apakah teks berikut: BUAT AHOKER YANG TAKUT MATINYA GG DISHOLATIN , TENANG ADA ABU JANDA UST GADUNGAN YG SIAP SHOLATIN AHOKER & JOKOWER, termasuk dalam kategori ujaran kebencian atau tidak?",iya
4099,id_hatespeech,id_hatespeech_nusantara_text,585194c2-9f25-4f75-a136-37600940fdba,hate_or_noHate_zs_noopt_kategori,train,"Menurutmu, apakah teks berikut: Mampuuss ! Di tembak dalem banget silvyy .. lo urusin tuh dapurr ! Gak punya program demennya nyerang terus !!! #gue2 #DebatFinalPilkadaJKT, termasuk dalam kategori ujaran kebencian atau tidak?",iya
4100,id_hatespeech,id_hatespeech_nusantara_text,585194c2-9f25-4f75-a136-37600940fdba,hate_or_noHate_zs_noopt_kategori,train,"Menurutmu, apakah teks berikut: Anjir baru kali ini lihat orang bego mau debat pilkada. Kerjanya nyerang karakter. Shame on you mpok silvy and agus. #DebatFinalPilkadaJKT, termasuk dalam kategori ujaran kebencian atau tidak?",iya
4101,id_hatespeech,id_hatespeech_nusantara_text,585194c2-9f25-4f75-a136-37600940fdba,hate_or_noHate_zs_noopt_kategori,train,"Menurutmu, apakah teks berikut: Uang Taipan tuh. Nanti dibayar dengan ratusan penggusuran biadab oleh Ahok., termasuk dalam kategori ujaran kebencian atau tidak?",iya
4102,id_hatespeech,id_hatespeech_nusantara_text,585194c2-9f25-4f75-a136-37600940fdba,hate_or_noHate_zs_noopt_kategori,train,"Menurutmu, apakah teks berikut: CINA ASU https:\/\/t.co\/zM1BsjAIHA, termasuk dalam kategori ujaran kebencian atau tidak?",iya
4103,id_hatespeech,id_hatespeech_nusantara_text,585194c2-9f25-4f75-a136-37600940fdba,hate_or_noHate_zs_noopt_kategori,train,"Menurutmu, apakah teks berikut: Ketika ngomong, Sylvi keliatan oke. Tapi begitu didebat Ahok, Sylvi langsung kekuatan goblok., termasuk dalam kategori ujaran kebencian atau tidak?",iya
4104,id_hatespeech,id_hatespeech_nusantara_text,585194c2-9f25-4f75-a136-37600940fdba,hate_or_noHate_zs_noopt_kategori,train,"Menurutmu, apakah teks berikut: Jangankan Banjir, Tuhan aja Dilawan Sama Ahok #JakartaBanjir Tapi Jakarta hari Ini Bukan Banjir, Hanya GENANGAN., termasuk dalam kategori ujaran kebencian atau tidak?",iya
4105,id_hatespeech,id_hatespeech_nusantara_text,585194c2-9f25-4f75-a136-37600940fdba,hate_or_noHate_zs_noopt_kategori,train,"Menurutmu, apakah teks berikut: ADA PEMIMPIM PRIBUMI knp pilih PEMIMPIN IMPOR yg g BERADAB tukang BERBOHONG yuk PRIBUMIKAN DKI milik BANGSA IND @Gemacan70 @TerorisSocmed, termasuk dalam kategori ujaran kebencian atau tidak?",iya
4106,id_hatespeech,id_hatespeech_nusantara_text,585194c2-9f25-4f75-a136-37600940fdba,hate_or_noHate_zs_noopt_kategori,train,"Menurutmu, apakah teks berikut: Karna dia ga punya program hanya modal bacot doang, termasuk dalam kategori ujaran kebencian atau tidak?",iya
4107,id_hatespeech,id_hatespeech_nusantara_text,585194c2-9f25-4f75-a136-37600940fdba,hate_or_noHate_zs_noopt_kategori,train,"Menurutmu, apakah teks berikut: Pendukung berarti dia bagian dr penista agama tersebut!!! Dukung gerakan ini 100%, termasuk dalam kategori ujaran kebencian atau tidak?",iya
4108,id_hatespeech,id_hatespeech_nusantara_text,585194c2-9f25-4f75-a136-37600940fdba,hate_or_noHate_zs_noopt_kategori,train,"Menurutmu, apakah teks berikut: Narkoba yg paling berbahaya adalah ILUSI KESUCIAN AHOK SANG PENISTA., termasuk dalam kategori ujaran kebencian atau tidak?",iya
4109,id_hatespeech,id_hatespeech_nusantara_text,585194c2-9f25-4f75-a136-37600940fdba,hate_or_noHate_zs_noopt_kategori,train,"Menurutmu, apakah teks berikut: @tribunnews emang ahok siapa?? Orang penting?? Dia hanya penista agama!!, termasuk dalam kategori ujaran kebencian atau tidak?",iya
4110,id_hatespeech,id_hatespeech_nusantara_text,585194c2-9f25-4f75-a136-37600940fdba,hate_or_noHate_zs_noopt_kategori,train,"Menurutmu, apakah teks berikut: cina mah duitnya dari hasil maling di Indonesia di balikin lgi berkedok invest plus bawa gembel2 & napi dari Cina negeri nenek moyang ahok, termasuk dalam kategori ujaran kebencian atau tidak?",iya
4111,id_hatespeech,id_hatespeech_nusantara_text,585194c2-9f25-4f75-a136-37600940fdba,hate_or_noHate_zs_noopt_kategori,train,"Menurutmu, apakah teks berikut: Tangkap Ahok @basuki_btp skrng juga, koruptor reklamasi Jakarta dan penista Agama Islam., termasuk dalam kategori ujaran kebencian atau tidak?",iya
4112,id_hatespeech,id_hatespeech_nusantara_text,585194c2-9f25-4f75-a136-37600940fdba,hate_or_noHate_zs_noopt_kategori,train,"Menurutmu, apakah teks berikut: keliatan banget bego nya mpok silvy and agus. #DebatFinalPilkadaJKT, termasuk dalam kategori ujaran kebencian atau tidak?",iya
4113,id_hatespeech,id_hatespeech_nusantara_text,585194c2-9f25-4f75-a136-37600940fdba,hate_or_noHate_zs_noopt_kategori,train,"Menurutmu, apakah teks berikut: Yg Ahokers, Klo gak seneng ama cuitan gw silahkan unfollow krn gw Anti AHOK (Si Penista Agama Islam), termasuk dalam kategori ujaran kebencian atau tidak?",iya
4114,id_hatespeech,id_hatespeech_nusantara_text,585194c2-9f25-4f75-a136-37600940fdba,hate_or_noHate_zs_noopt_kategori,train,"Menurutmu, apakah teks berikut: AGAMA DI NISTAKAN! ULAMA DI LECEHKAN!! Ini Alasannya #HaramPemimpinKafir, termasuk dalam kategori ujaran kebencian atau tidak?",iya
4115,id_hatespeech,id_hatespeech_nusantara_text,585194c2-9f25-4f75-a136-37600940fdba,hate_or_noHate_zs_noopt_kategori,train,"Menurutmu, apakah teks berikut: RT @FredyBastian3: Cara serang Ahok : Kafir galak, termasuk dalam kategori ujaran kebencian atau tidak?",iya
4116,id_hatespeech,id_hatespeech_nusantara_text,585194c2-9f25-4f75-a136-37600940fdba,hate_or_noHate_zs_noopt_kategori,train,"Menurutmu, apakah teks berikut: @umnia77 @ruhutsitompul @sahal_as anjing2 ahok.kaum babi lo bnyk bacot.mnding duel sma gw., termasuk dalam kategori ujaran kebencian atau tidak?",iya
4117,id_hatespeech,id_hatespeech_nusantara_text,585194c2-9f25-4f75-a136-37600940fdba,hate_or_noHate_zs_noopt_kategori,train,"Menurutmu, apakah teks berikut: Ahok memang verbalnya keras. Pelampiasan dan pelarian karena kelelakiannya lunak., termasuk dalam kategori ujaran kebencian atau tidak?",iya
4118,id_hatespeech,id_hatespeech_nusantara_text,585194c2-9f25-4f75-a136-37600940fdba,hate_or_noHate_zs_noopt_kategori,train,"Menurutmu, apakah teks berikut: yg maling itu kan china2 babi BLBI , korupsi nya triliunan , termasuk si AHok korupsi 2 triliun.., termasuk dalam kategori ujaran kebencian atau tidak?",iya
4119,id_hatespeech,id_hatespeech_nusantara_text,585194c2-9f25-4f75-a136-37600940fdba,hate_or_noHate_zs_noopt_kategori,train,"Menurutmu, apakah teks berikut: Mimpi djan farid jakarta lebih islami dari aceh jika ahok terpilih itu ibarat babi merindukan halal, termasuk dalam kategori ujaran kebencian atau tidak?",iya
4120,id_hatespeech,id_hatespeech_nusantara_text,585194c2-9f25-4f75-a136-37600940fdba,hate_or_noHate_zs_noopt_kategori,train,"Menurutmu, apakah teks berikut: @KompasTV @ridwankamil ridwal kamil memang hebat dan top nggak kaya ahok tukang penista agama dan koruptor, termasuk dalam kategori ujaran kebencian atau tidak?",iya
4121,id_hatespeech,id_hatespeech_nusantara_text,585194c2-9f25-4f75-a136-37600940fdba,hate_or_noHate_zs_noopt_kategori,train,"Menurutmu, apakah teks berikut: @TPK_RI ITULAH si ahok kutil babi, termasuk dalam kategori ujaran kebencian atau tidak?",iya
4122,id_hatespeech,id_hatespeech_nusantara_text,585194c2-9f25-4f75-a136-37600940fdba,hate_or_noHate_zs_noopt_kategori,train,"Menurutmu, apakah teks berikut: Dasar si Kutil babi ahok memang Tukang Bohong. selain Bohong ahok jg biasa Menyalahkan yg lain menutupi Kegagalan nya . contoh soal banjir, termasuk dalam kategori ujaran kebencian atau tidak?",iya
4123,id_hatespeech,id_hatespeech_nusantara_text,585194c2-9f25-4f75-a136-37600940fdba,hate_or_noHate_zs_noopt_kategori,train,"Menurutmu, apakah teks berikut: @PonkEcha @Fahrihamzah Si Terdakwa Penista Agama Alias Si Ahok Babi Jamban tuh yang Morfotin Uang Rakyat Jakarta, termasuk dalam kategori ujaran kebencian atau tidak?",iya
4124,id_hatespeech,id_hatespeech_nusantara_text,585194c2-9f25-4f75-a136-37600940fdba,hate_or_noHate_zs_noopt_kategori,train,"Menurutmu, apakah teks berikut: Om...Ahoknya...Mana Om,Katanya Si BABi Ahok Bisa Ngatasi Banjir...Om...BABi Jgn Membual Om...?!!?, termasuk dalam kategori ujaran kebencian atau tidak?",iya
4125,id_hatespeech,id_hatespeech_nusantara_text,585194c2-9f25-4f75-a136-37600940fdba,hate_or_noHate_zs_noopt_kategori,train,"Menurutmu, apakah teks berikut: kenapa anak babi jalan nya nunduk???karena malu liat ulah bapak nya yang ngebelain ahok.., termasuk dalam kategori ujaran kebencian atau tidak?",iya
4126,id_hatespeech,id_hatespeech_nusantara_text,585194c2-9f25-4f75-a136-37600940fdba,hate_or_noHate_zs_noopt_kategori,train,"Menurutmu, apakah teks berikut: Perilaku Si BABI @jokoanwar ini memang benci dgn hal berbau Islam. Cocok dgn Ahok. @SiBonekaKayu, termasuk dalam kategori ujaran kebencian atau tidak?",iya
4127,id_hatespeech,id_hatespeech_nusantara_text,585194c2-9f25-4f75-a136-37600940fdba,hate_or_noHate_zs_noopt_kategori,train,"Menurutmu, apakah teks berikut: @budimandjatmiko ahok si kutil babi kembali ke rumah lembang kenapa jakarta jadi banjir bud?, termasuk dalam kategori ujaran kebencian atau tidak?",iya
4128,id_hatespeech,id_hatespeech_nusantara_text,585194c2-9f25-4f75-a136-37600940fdba,hate_or_noHate_zs_noopt_kategori,train,"Menurutmu, apakah teks berikut: #jujur orang cerdas dan pintar pilih orang imam dan mampu memimpin ..bisa sholat...bisa ngaji..santun, sopan..tidak seperti babi kafir ahok, termasuk dalam kategori ujaran kebencian atau tidak?",iya
4129,id_hatespeech,id_hatespeech_nusantara_text,585194c2-9f25-4f75-a136-37600940fdba,hate_or_noHate_zs_noopt_kategori,train,"Menurutmu, apakah teks berikut: Teman Ahok emank TAI. apalagi pemimpinnya kek BABI! @temanahok, termasuk dalam kategori ujaran kebencian atau tidak?",iya
4130,id_hatespeech,id_hatespeech_nusantara_text,585194c2-9f25-4f75-a136-37600940fdba,hate_or_noHate_zs_noopt_kategori,train,"Menurutmu, apakah teks berikut: Mana para babi ahok yg ngejek onta, biar di injek2 ama onta, termasuk dalam kategori ujaran kebencian atau tidak?",iya
4131,id_hatespeech,id_hatespeech_nusantara_text,585194c2-9f25-4f75-a136-37600940fdba,hate_or_noHate_zs_noopt_kategori,train,"Menurutmu, apakah teks berikut: @gotcancer2 bukannya stigma babi itu milik tuhan elu si ahok kafir, termasuk dalam kategori ujaran kebencian atau tidak?",iya
4132,id_hatespeech,id_hatespeech_nusantara_text,585194c2-9f25-4f75-a136-37600940fdba,hate_or_noHate_zs_noopt_kategori,train,"Menurutmu, apakah teks berikut: Kampungan ya pendukung AHY https:\/\/t.co\/GmezpOYLsY, termasuk dalam kategori ujaran kebencian atau tidak?",iya
4133,id_hatespeech,id_hatespeech_nusantara_text,585194c2-9f25-4f75-a136-37600940fdba,hate_or_noHate_zs_noopt_kategori,train,"Menurutmu, apakah teks berikut: @Ananda_harahaP udah lu jgn panik gitu. ahok si kutil babi bakal tumbang kok di putaran kedua. teruskan cuapcuap mu di sosmed, gak ngaruh., termasuk dalam kategori ujaran kebencian atau tidak?",iya
4134,id_hatespeech,id_hatespeech_nusantara_text,585194c2-9f25-4f75-a136-37600940fdba,hate_or_noHate_zs_noopt_kategori,train,"Menurutmu, apakah teks berikut: ahok tidak layak seperti manusia, dia lebih tepat seperti babi yg tidak punya akal pikiran dan jiwa manusiawi, termasuk dalam kategori ujaran kebencian atau tidak?",iya
4135,id_hatespeech,id_hatespeech_nusantara_text,585194c2-9f25-4f75-a136-37600940fdba,hate_or_noHate_zs_noopt_kategori,train,"Menurutmu, apakah teks berikut: @haloJakarta Ahok (BTP) Basuki Tai Babi, termasuk dalam kategori ujaran kebencian atau tidak?",iya
4136,id_hatespeech,id_hatespeech_nusantara_text,585194c2-9f25-4f75-a136-37600940fdba,hate_or_noHate_zs_noopt_kategori,train,"Menurutmu, apakah teks berikut: RT @diyahaudya: @yusuf_dumdum Yg ada, cacimaki penista agama tapi ternyata ketauan poligami ngumpet2. Apa mau digituin? Saya sih ogah., termasuk dalam kategori ujaran kebencian atau tidak?",iya
4137,id_hatespeech,id_hatespeech_nusantara_text,585194c2-9f25-4f75-a136-37600940fdba,hate_or_noHate_zs_noopt_kategori,train,"Menurutmu, apakah teks berikut: @adichandramang2 @CummaRachel @korban_gusur iya , trump memang penista agama atau anti islam emang hubungannya dgn anis apa?, termasuk dalam kategori ujaran kebencian atau tidak?",iya
4138,id_hatespeech,id_hatespeech_nusantara_text,585194c2-9f25-4f75-a136-37600940fdba,hate_or_noHate_zs_noopt_kategori,train,"Menurutmu, apakah teks berikut: @adichandramang2\nAda aseng KOPLO pembela si PENISTA AGAMA yg durjana nyuruh org lain ngaji!, termasuk dalam kategori ujaran kebencian atau tidak?",iya
4139,id_hatespeech,id_hatespeech_nusantara_text,585194c2-9f25-4f75-a136-37600940fdba,hate_or_noHate_zs_noopt_kategori,train,"Menurutmu, apakah teks berikut: @bayprio Itulah kebodohan para penista agama, sudah saatnya pilih pemimpin yg mengerjakan shalat 5 waktu, termasuk dalam kategori ujaran kebencian atau tidak?",iya
4140,id_hatespeech,id_hatespeech_nusantara_text,585194c2-9f25-4f75-a136-37600940fdba,hate_or_noHate_zs_noopt_kategori,train,"Menurutmu, apakah teks berikut: @iwanfals pilih Anis sandi doong..jgn pilih si penista agama pemecah NKRI, termasuk dalam kategori ujaran kebencian atau tidak?",iya
4141,id_hatespeech,id_hatespeech_nusantara_text,585194c2-9f25-4f75-a136-37600940fdba,hate_or_noHate_zs_noopt_kategori,train,"Menurutmu, apakah teks berikut: @posmetroinfo Emang terdakwa penista agama, salahnya dimana coba, kl yg biasa bikin hoax metrotipu aman2 aja tuh dewan peres, termasuk dalam kategori ujaran kebencian atau tidak?",iya
4142,id_hatespeech,id_hatespeech_nusantara_text,585194c2-9f25-4f75-a136-37600940fdba,hate_or_noHate_zs_noopt_kategori,train,"Menurutmu, apakah teks berikut: @RamadanMalka Pamor RK jadi seakan tak ada artinya jika parpol pengusungnya pendukung penista agama..., termasuk dalam kategori ujaran kebencian atau tidak?",iya
4143,id_hatespeech,id_hatespeech_nusantara_text,585194c2-9f25-4f75-a136-37600940fdba,hate_or_noHate_zs_noopt_kategori,train,"Menurutmu, apakah teks berikut: @RestySeterah si ahok pantasnya dinobatkan sbgai Babi ngepret, termasuk dalam kategori ujaran kebencian atau tidak?",iya
4144,id_hatespeech,id_hatespeech_nusantara_text,585194c2-9f25-4f75-a136-37600940fdba,hate_or_noHate_zs_noopt_kategori,train,"Menurutmu, apakah teks berikut: @roninpribumi @dewanpers yg salah itu mereka menulis TERDAKWA PENISTA AGAMA,coba klo ditulis BAGINDA YANG MULIA pasti ga masalah..cuih.., termasuk dalam kategori ujaran kebencian atau tidak?",iya
4145,id_hatespeech,id_hatespeech_nusantara_text,585194c2-9f25-4f75-a136-37600940fdba,hate_or_noHate_zs_noopt_kategori,train,"Menurutmu, apakah teks berikut: Faktanya Cina2 parasit tuh ngotot belain si penista Agama @PradanaBhakti @IrianaPasirua @PutraSumedang18 @khoirulilham12 @ronavioleta, termasuk dalam kategori ujaran kebencian atau tidak?",iya
4146,id_hatespeech,id_hatespeech_nusantara_text,585194c2-9f25-4f75-a136-37600940fdba,hate_or_noHate_zs_noopt_kategori,train,"Menurutmu, apakah teks berikut: jokowi ratu adil apaan..??? dia ga ada keturunan darah biruadanya DARAH KOTOR cina babi..!!! https://t.co/JtwFRRdLF4, termasuk dalam kategori ujaran kebencian atau tidak?",iya
4147,id_hatespeech,id_hatespeech_nusantara_text,585194c2-9f25-4f75-a136-37600940fdba,hate_or_noHate_zs_noopt_kategori,train,"Menurutmu, apakah teks berikut: RT @RestySeterah: Keren nih apps kawal TPS .. Yuk gabung buat pastikan cagub terdakwa penista Agama lebih cepat diantar kehabitatnya, termasuk dalam kategori ujaran kebencian atau tidak?",iya
4148,id_hatespeech,id_hatespeech_nusantara_text,585194c2-9f25-4f75-a136-37600940fdba,hate_or_noHate_zs_noopt_kategori,train,"Menurutmu, apakah teks berikut: Kalau lo gak tau apa-apa ya jangan berkoar sembarangan dong, keliatan banget kalau lo itu beneran bego :)) #FuckYou, termasuk dalam kategori ujaran kebencian atau tidak?",iya
4149,id_hatespeech,id_hatespeech_nusantara_text,585194c2-9f25-4f75-a136-37600940fdba,hate_or_noHate_zs_noopt_kategori,train,"Menurutmu, apakah teks berikut: @AHMADDHANIPRAST ahmad dhani yang terhormat paling babi paling anjing aing kontol paling lonte tungu saat nya karier mu akan habis!!!!, termasuk dalam kategori ujaran kebencian atau tidak?",iya
4150,id_hatespeech,id_hatespeech_nusantara_text,585194c2-9f25-4f75-a136-37600940fdba,hate_or_noHate_zs_noopt_kategori,train,"Menurutmu, apakah teks berikut: Kang @ridwankamil ,fakta hari ini,partai pendukung si penista agama sangat dibenci rakyat,termasuk rakyat Jabar. https://t.co/b2WetyvrbZ, termasuk dalam kategori ujaran kebencian atau tidak?",iya
4151,id_hatespeech,id_hatespeech_nusantara_text,585194c2-9f25-4f75-a136-37600940fdba,hate_or_noHate_zs_noopt_kategori,train,"Menurutmu, apakah teks berikut: plis jangan sok kecantikan selalu pacarin artis2 yang lagi meletek, jijik gw liatnya, termasuk dalam kategori ujaran kebencian atau tidak?",iya
4152,id_hatespeech,id_hatespeech_nusantara_text,585194c2-9f25-4f75-a136-37600940fdba,hate_or_noHate_zs_noopt_kategori,train,"Menurutmu, apakah teks berikut: paling mau muntah liat lagak nya @AHMADDHANIPRAST, jadi orang sok iye banget hoek, termasuk dalam kategori ujaran kebencian atau tidak?",iya
4153,id_hatespeech,id_hatespeech_nusantara_text,585194c2-9f25-4f75-a136-37600940fdba,hate_or_noHate_zs_noopt_kategori,train,"Menurutmu, apakah teks berikut: @Metro_TV kalau boleh saya ngomong ingin saya katakan ahmad dhani monyet babi anjing. tapi itu tidak boleh, termasuk dalam kategori ujaran kebencian atau tidak?",iya
4154,id_hatespeech,id_hatespeech_nusantara_text,585194c2-9f25-4f75-a136-37600940fdba,hate_or_noHate_zs_noopt_kategori,train,"Menurutmu, apakah teks berikut: perempuan kaya lo mending mati aja deh, jelek aja, gausa sok jadi make up artist!, termasuk dalam kategori ujaran kebencian atau tidak?",iya
4155,id_hatespeech,id_hatespeech_nusantara_text,585194c2-9f25-4f75-a136-37600940fdba,hate_or_noHate_zs_noopt_kategori,train,"Menurutmu, apakah teks berikut: ahmad dhani itu borok, sampah, babi, anjing. Saya adalah orang pertama yg sangat muak liat muka dhani dan saya berbangga., termasuk dalam kategori ujaran kebencian atau tidak?",iya
4156,id_hatespeech,id_hatespeech_nusantara_text,585194c2-9f25-4f75-a136-37600940fdba,hate_or_noHate_zs_noopt_kategori,train,"Menurutmu, apakah teks berikut: Lah emang sdh jelas2 si ahok terdakwa penista agama. Malu woy! https://t.co/2K0HlMpR9t, termasuk dalam kategori ujaran kebencian atau tidak?",iya
4157,id_hatespeech,id_hatespeech_nusantara_text,585194c2-9f25-4f75-a136-37600940fdba,hate_or_noHate_zs_noopt_kategori,train,"Menurutmu, apakah teks berikut: Keputusan ERKA hari ini harus kita HORMATI, begitupun sebaliknya KAMI tidak akan memilih partai pendukung PENISTA AGAMA., termasuk dalam kategori ujaran kebencian atau tidak?",iya
4158,id_hatespeech,id_hatespeech_nusantara_text,585194c2-9f25-4f75-a136-37600940fdba,hate_or_noHate_zs_noopt_kategori,train,"Menurutmu, apakah teks berikut: Lupakan @ridwankamil biarkan karam dg kapal munafiknya. kita bangun jabar dg kapal yg bersih. Delete partai pendukung penista agama dari hati, termasuk dalam kategori ujaran kebencian atau tidak?",iya
4159,id_hatespeech,id_hatespeech_nusantara_text,585194c2-9f25-4f75-a136-37600940fdba,hate_or_noHate_zs_noopt_kategori,train,"Menurutmu, apakah teks berikut: Masalah dunia dan masalah nafsu ya kang @ridwankamil . Kata2 kok bersayap kayak burung hantu. https://t.co/mwClbkU4sT, termasuk dalam kategori ujaran kebencian atau tidak?",iya
4160,id_hatespeech,id_hatespeech_nusantara_text,585194c2-9f25-4f75-a136-37600940fdba,hate_or_noHate_zs_noopt_kategori,train,"Menurutmu, apakah teks berikut: Penista Agama menjadi Santri Kehormatan.Yang kasih ini ke ahok otaknya perlu direparasi.Demi Pulkada nama Santri yg baik kailan jual belikan, termasuk dalam kategori ujaran kebencian atau tidak?",iya
4161,id_hatespeech,id_hatespeech_nusantara_text,585194c2-9f25-4f75-a136-37600940fdba,hate_or_noHate_zs_noopt_kategori,train,"Menurutmu, apakah teks berikut: Payah banget @ridwankamil maju Jabar1 pakai partai Nasdem pendukung penista agama, ente lagi butuh uang ya kang? Payah loe!!, termasuk dalam kategori ujaran kebencian atau tidak?",iya
4162,id_hatespeech,id_hatespeech_nusantara_text,585194c2-9f25-4f75-a136-37600940fdba,hate_or_noHate_zs_noopt_kategori,train,"Menurutmu, apakah teks berikut: polisi yg jadi imam sholat ini adalah seorang penista agama, bodoh, BERISLAM cuma ikut2an. COPOT KAPOLRES JAKBAR !! https://t.co/s2h2Ybrthm, termasuk dalam kategori ujaran kebencian atau tidak?",iya
4163,id_hatespeech,id_hatespeech_nusantara_text,585194c2-9f25-4f75-a136-37600940fdba,hate_or_noHate_zs_noopt_kategori,train,"Menurutmu, apakah teks berikut: RT @ferdyfrodoo: @bayprio Itulah kebodohan para penista agama, sudah saatnya pilih pemimpin yg mengerjakan shalat 5 waktu, termasuk dalam kategori ujaran kebencian atau tidak?",iya
4164,id_hatespeech,id_hatespeech_nusantara_text,585194c2-9f25-4f75-a136-37600940fdba,hate_or_noHate_zs_noopt_kategori,train,"Menurutmu, apakah teks berikut: RT @Ra_Ria_Rana: GAK HABIS PIKIR???\n\nTINGGAL NUNGGU ADZAB ALLAH NIH NEGERI,,,, PEMIMPINNYA SDH DZALIM https://t.co/UmZK4bTyi4, termasuk dalam kategori ujaran kebencian atau tidak?",iya
4165,id_hatespeech,id_hatespeech_nusantara_text,585194c2-9f25-4f75-a136-37600940fdba,hate_or_noHate_zs_noopt_kategori,train,"Menurutmu, apakah teks berikut: Sini lu, kami enggak mau kampung kami didatangi sama penista agama, https://t.co/1z3MtHs9ck, termasuk dalam kategori ujaran kebencian atau tidak?",iya
4166,id_hatespeech,id_hatespeech_nusantara_text,585194c2-9f25-4f75-a136-37600940fdba,hate_or_noHate_zs_noopt_kategori,train,"Menurutmu, apakah teks berikut: SETUJU SAYA,KLAU AHOK DAPAT GELAR SANTRI KEHORMATAN.... TAPI SANTRI KEHORMATAN BABI.... https://t.co/uD16d7Gwhd, termasuk dalam kategori ujaran kebencian atau tidak?",iya
4167,id_hatespeech,id_hatespeech_nusantara_text,585194c2-9f25-4f75-a136-37600940fdba,hate_or_noHate_zs_noopt_kategori,train,"Menurutmu, apakah teks berikut: Senang dong ada yg fans mati sampai lupa kalau dia bego banget https://t.co/ctJFC5a8Zz, termasuk dalam kategori ujaran kebencian atau tidak?",iya
4168,id_hatespeech,id_hatespeech_nusantara_text,585194c2-9f25-4f75-a136-37600940fdba,hate_or_noHate_zs_noopt_kategori,train,"Menurutmu, apakah teks berikut: @AHMADDHANIPRAST LO TUH BABI ANJING. Mampus kalah jatuh miskin deh #bekasisah, termasuk dalam kategori ujaran kebencian atau tidak?",iya
4169,id_hatespeech,id_hatespeech_nusantara_text,585194c2-9f25-4f75-a136-37600940fdba,hate_or_noHate_zs_noopt_kategori,train,"Menurutmu, apakah teks berikut: @bayprio : Si AHOAK @basuki_btp CINA ANJING KAFIR PENISTA AGAMA ISLAM....!!!, termasuk dalam kategori ujaran kebencian atau tidak?",iya
4170,id_hatespeech,id_hatespeech_nusantara_text,585194c2-9f25-4f75-a136-37600940fdba,hate_or_noHate_zs_noopt_kategori,train,"Menurutmu, apakah teks berikut: @AHMADDHANIPRAST aku katakan anjing kpd ahmad dani, boleh....aku katakan babi kpd ahmad dhani, boleh..., termasuk dalam kategori ujaran kebencian atau tidak?",iya
4171,id_hatespeech,id_hatespeech_nusantara_text,585194c2-9f25-4f75-a136-37600940fdba,hate_or_noHate_zs_noopt_kategori,train,"Menurutmu, apakah teks berikut: @Bisniscom haha memaki untuk melawan mah harus, drpd ditindas pemimpin munafik melindungi penista agama, dll. Agama no 1 (islam), taubat rot, termasuk dalam kategori ujaran kebencian atau tidak?",iya
4172,id_hatespeech,id_hatespeech_nusantara_text,585194c2-9f25-4f75-a136-37600940fdba,hate_or_noHate_zs_noopt_kategori,train,"Menurutmu, apakah teks berikut: @Anakran63208433 @5ec4a1e80d3c48c @aniesbaswedan pikiran anak bani kampret g beda jauh sma penista agama. Penfitnah, Penipu Dan Garong.., termasuk dalam kategori ujaran kebencian atau tidak?",iya
4173,id_hatespeech,id_hatespeech_nusantara_text,585194c2-9f25-4f75-a136-37600940fdba,hate_or_noHate_zs_noopt_kategori,train,"Menurutmu, apakah teks berikut: @Gemacan70 itu yg cewe pake kerudung ngapain ya? Setiap kali konfrensi pers ada aja.. Pencitraan Islami kaliiii... Bwahaha..!!, termasuk dalam kategori ujaran kebencian atau tidak?",iya
4174,id_hatespeech,id_hatespeech_nusantara_text,585194c2-9f25-4f75-a136-37600940fdba,hate_or_noHate_zs_noopt_kategori,train,"Menurutmu, apakah teks berikut: @republikaonline spt ahok dulu .. nasdem disusul dg cs nya .. yg mendukung paslon penista agama dan tukang caci maki tai tai .., termasuk dalam kategori ujaran kebencian atau tidak?",iya
4175,id_hatespeech,id_hatespeech_nusantara_text,585194c2-9f25-4f75-a136-37600940fdba,hate_or_noHate_zs_noopt_kategori,train,"Menurutmu, apakah teks berikut: @topan_julian1 kalo mecin jangan dijadiin cemilan mangkannya kang. Jadi begonya bego banget., termasuk dalam kategori ujaran kebencian atau tidak?",iya
4176,id_hatespeech,id_hatespeech_nusantara_text,585194c2-9f25-4f75-a136-37600940fdba,hate_or_noHate_zs_noopt_kategori,train,"Menurutmu, apakah teks berikut: @ulinyusron cm didoain kalau saya mah ketemu si penista agama langsung saya ceburin laut yg direklamasi ijin sembunyi2 buat tumbal reklamasi, termasuk dalam kategori ujaran kebencian atau tidak?",iya
4177,id_hatespeech,id_hatespeech_nusantara_text,585194c2-9f25-4f75-a136-37600940fdba,hate_or_noHate_zs_noopt_kategori,train,"Menurutmu, apakah teks berikut: @ymerdeka33 @ach_qodr @basuki_btp cabe2an bisa nya hanya bbm.n facrbook.n!! Masalah politik mana tau doi, tau nya berita2 sampah pencitraan, termasuk dalam kategori ujaran kebencian atau tidak?",iya
4178,id_hatespeech,id_hatespeech_nusantara_text,585194c2-9f25-4f75-a136-37600940fdba,hate_or_noHate_zs_noopt_kategori,train,"Menurutmu, apakah teks berikut: INI MANUSIA APA ANJING MATI-MATIAN RELA JADI MURTADZ DEMI BABI AHOK KAFIR. https://t.co/2XXN5CFdVM, termasuk dalam kategori ujaran kebencian atau tidak?",iya
4179,id_hatespeech,id_hatespeech_nusantara_text,585194c2-9f25-4f75-a136-37600940fdba,hate_or_noHate_zs_noopt_kategori,train,"Menurutmu, apakah teks berikut: ini semua berawal dari AHOK JAMBAN yg dibela aparat, para kristen serta china kafir yang lain semakin berani menghi https://t.co/qUutkrlsP3, termasuk dalam kategori ujaran kebencian atau tidak?",iya
4180,id_hatespeech,id_hatespeech_nusantara_text,585194c2-9f25-4f75-a136-37600940fdba,hate_or_noHate_zs_noopt_kategori,train,"Menurutmu, apakah teks berikut: Kami lebih resah anda jd presiden!!!! hidup anda penuh drama dan pencitraan, main FTV aja joko judulnya https://t.co/T2BUgLTnUO, termasuk dalam kategori ujaran kebencian atau tidak?",iya
4181,id_hatespeech,id_hatespeech_nusantara_text,585194c2-9f25-4f75-a136-37600940fdba,hate_or_noHate_zs_noopt_kategori,train,"Menurutmu, apakah teks berikut: Mana bisa percya lagi,sdgkan induknya penista smp skrg lum ditahan tp malah dibela. https://t.co/Oc1vGdX0Z4, termasuk dalam kategori ujaran kebencian atau tidak?",iya
4182,id_hatespeech,id_hatespeech_nusantara_text,585194c2-9f25-4f75-a136-37600940fdba,hate_or_noHate_zs_noopt_kategori,train,"Menurutmu, apakah teks berikut: Mari seluruh Muslim CYBER Army mulai skrg ganti semua sebutan A....K menjadi Terdakwa Penista Agama !, termasuk dalam kategori ujaran kebencian atau tidak?",iya
4183,id_hatespeech,id_hatespeech_nusantara_text,585194c2-9f25-4f75-a136-37600940fdba,hate_or_noHate_zs_noopt_kategori,train,"Menurutmu, apakah teks berikut: Orang Islam lebih suka si HOAX penista agama, menjaga lisan dan tindakan dari hal-hal yang merusak hubungan... https://t.co/FLhW31wXdU, termasuk dalam kategori ujaran kebencian atau tidak?",iya
4184,id_hatespeech,id_hatespeech_nusantara_text,585194c2-9f25-4f75-a136-37600940fdba,hate_or_noHate_zs_noopt_kategori,train,"Menurutmu, apakah teks berikut: RT @izzah_pandeka: #Nomor2Koruptor negeri para korup diasuh cino babi https://t.co/wJXalyPxPn, termasuk dalam kategori ujaran kebencian atau tidak?",iya
4185,id_hatespeech,id_hatespeech_nusantara_text,585194c2-9f25-4f75-a136-37600940fdba,hate_or_noHate_zs_noopt_kategori,train,"Menurutmu, apakah teks berikut: RT @Gemacan70: Hajar bleh hanya untuk bela #Nomor2Koruptor...cuihhhhhh https://t.co/o4nnZBkNYS, termasuk dalam kategori ujaran kebencian atau tidak?",iya
4186,id_hatespeech,id_hatespeech_nusantara_text,585194c2-9f25-4f75-a136-37600940fdba,hate_or_noHate_zs_noopt_kategori,train,"Menurutmu, apakah teks berikut: RT @korban_gusur: @RakyatBiasa1945 Ada CEBONG GENDHENG NGAMUK2 belain si HOMO PENISTA AGAMA!! HAHAHA @OshMuslim @RebusKentang @m3g4, termasuk dalam kategori ujaran kebencian atau tidak?",iya
4187,id_hatespeech,id_hatespeech_nusantara_text,585194c2-9f25-4f75-a136-37600940fdba,hate_or_noHate_zs_noopt_kategori,train,"Menurutmu, apakah teks berikut: RT @Ustadtengku1: @RizieqSyihabFPI tolol itu banyak yg bela penista agama walau sudah tersangka, termasuk dalam kategori ujaran kebencian atau tidak?",iya
4188,id_hatespeech,id_hatespeech_nusantara_text,585194c2-9f25-4f75-a136-37600940fdba,hate_or_noHate_zs_noopt_kategori,train,"Menurutmu, apakah teks berikut: Orang punya saksi anjing dikasus babi.. Tolol https://t.co/ssePg5FCXm, termasuk dalam kategori ujaran kebencian atau tidak?",iya
4189,id_hatespeech,id_hatespeech_nusantara_text,585194c2-9f25-4f75-a136-37600940fdba,hate_or_noHate_zs_noopt_kategori,train,"Menurutmu, apakah teks berikut: Si Ahok kampret emang gak becus kerja. Pencitraan mlulu tuh si Ahok kampret. https://t.co/yM5ViOFvpc, termasuk dalam kategori ujaran kebencian atau tidak?",iya
4190,id_hatespeech,id_hatespeech_nusantara_text,585194c2-9f25-4f75-a136-37600940fdba,hate_or_noHate_zs_noopt_kategori,train,"Menurutmu, apakah teks berikut: Sini lu, kami enggak mau kampung kami didatangi sama penista agama, https://t.co/1z3MtHs9ck, termasuk dalam kategori ujaran kebencian atau tidak?",iya
4191,id_hatespeech,id_hatespeech_nusantara_text,585194c2-9f25-4f75-a136-37600940fdba,hate_or_noHate_zs_noopt_kategori,train,"Menurutmu, apakah teks berikut: Tanda2 kiamat x yak, masih banyak aja orang muslim yg mengingkari Al-Quran dan pilih Penista Agama. #Nomor2Koruptor #Nomor2Koruptor, termasuk dalam kategori ujaran kebencian atau tidak?",iya
4192,id_hatespeech,id_hatespeech_nusantara_text,585194c2-9f25-4f75-a136-37600940fdba,hate_or_noHate_zs_noopt_kategori,train,"Menurutmu, apakah teks berikut: #JanganMauDibohongiAhok sebab Ahok Sumber Kekacauan Politik, Ramaikan Aski 313 FIGHT!! https://t.co/WOBxlxvZnx, termasuk dalam kategori ujaran kebencian atau tidak?",iya
4193,id_hatespeech,id_hatespeech_nusantara_text,585194c2-9f25-4f75-a136-37600940fdba,hate_or_noHate_zs_noopt_kategori,train,"Menurutmu, apakah teks berikut: #MataNajwaDebatJakarta Anies anda SADIS. Topengmu terbuka lebar malam ini. Biar warga DKI yg menilai...apa yg anda katakan adalah PENGECUT, termasuk dalam kategori ujaran kebencian atau tidak?",iya
4194,id_hatespeech,id_hatespeech_nusantara_text,585194c2-9f25-4f75-a136-37600940fdba,hate_or_noHate_zs_noopt_kategori,train,"Menurutmu, apakah teks berikut: Anies congornya aja gede. Realisasinya gak ada. Janji terus dari awal bisanya paling korupsi. Balik jadi dosen aja bangsat., termasuk dalam kategori ujaran kebencian atau tidak?",iya
4195,id_hatespeech,id_hatespeech_nusantara_text,585194c2-9f25-4f75-a136-37600940fdba,hate_or_noHate_zs_noopt_kategori,train,"Menurutmu, apakah teks berikut: #MataNajwaDebatJakarta Hebatnya, Ahok masih mau salaman loh sm Pak Anies yang Amat terhormat. Idih gw sih ogah., termasuk dalam kategori ujaran kebencian atau tidak?",iya
4196,id_hatespeech,id_hatespeech_nusantara_text,585194c2-9f25-4f75-a136-37600940fdba,hate_or_noHate_zs_noopt_kategori,train,"Menurutmu, apakah teks berikut: #MataNajwaDebatJakarta kalau untuk urusan bacot memang anis nya juaranya..memang kita bakal makan bacot di jakarta..haha..paslon yg aneh gede bacot doang., termasuk dalam kategori ujaran kebencian atau tidak?",iya
4197,id_hatespeech,id_hatespeech_nusantara_text,585194c2-9f25-4f75-a136-37600940fdba,hate_or_noHate_zs_noopt_kategori,train,"Menurutmu, apakah teks berikut: #MataNajwaDebatJakarta pak anies banyak omdo dulu waktu jd menteri terobosannya apa?? skrg ngomong ky sok Jago bgt, termasuk dalam kategori ujaran kebencian atau tidak?",iya
4198,id_hatespeech,id_hatespeech_nusantara_text,585194c2-9f25-4f75-a136-37600940fdba,hate_or_noHate_zs_noopt_kategori,train,"Menurutmu, apakah teks berikut: #MataNajwaDebatJakarta si Cina Babi ahok bloon banget. Sok pinter banget lagi. Asal bukan Ahok, termasuk dalam kategori ujaran kebencian atau tidak?",iya
4199,id_hatespeech,id_hatespeech_nusantara_text,585194c2-9f25-4f75-a136-37600940fdba,hate_or_noHate_zs_noopt_kategori,train,"Menurutmu, apakah teks berikut: #MataNajwaDebatJakarta lucu banget jawaban ahok.. gak nyambung. Ditanya apa di jawab apa. Kena skak mat d pertanyaan isu agama tdi. Dasar cina tolol hahaha, termasuk dalam kategori ujaran kebencian atau tidak?",iya
4200,id_hatespeech,id_hatespeech_nusantara_text,585194c2-9f25-4f75-a136-37600940fdba,hate_or_noHate_zs_noopt_kategori,train,"Menurutmu, apakah teks berikut: #MataNajwaDebatJakarta topeng anda hari ini fix terbuka @aniesbaswedan .. anda sama dgn yg mendukung anda.. BAU BUSUK, termasuk dalam kategori ujaran kebencian atau tidak?",iya
4201,id_hatespeech,id_hatespeech_nusantara_text,585194c2-9f25-4f75-a136-37600940fdba,hate_or_noHate_zs_noopt_kategori,train,"Menurutmu, apakah teks berikut: #MataNajwaDebatJakarta Pak Anies suka nyinyir, suka memutar balik kan fakta, ga punya program yg jelas bisanya jelekkan kinerja pak Basuki, termasuk dalam kategori ujaran kebencian atau tidak?",iya
4202,id_hatespeech,id_hatespeech_nusantara_text,585194c2-9f25-4f75-a136-37600940fdba,hate_or_noHate_zs_noopt_kategori,train,"Menurutmu, apakah teks berikut: Babi... iya memang si Ahok gak jauh kayak Babi.., termasuk dalam kategori ujaran kebencian atau tidak?",iya
4203,id_hatespeech,id_hatespeech_nusantara_text,585194c2-9f25-4f75-a136-37600940fdba,hate_or_noHate_zs_noopt_kategori,train,"Menurutmu, apakah teks berikut: Si tengkuk babi sipit bangke agen dajjal mau jadi onta hahaha. Orang waras juga tau kasus ahok dipaksakan!!, termasuk dalam kategori ujaran kebencian atau tidak?",iya
4204,id_hatespeech,id_hatespeech_nusantara_text,585194c2-9f25-4f75-a136-37600940fdba,hate_or_noHate_zs_noopt_kategori,train,"Menurutmu, apakah teks berikut: itu kan kata ahok kafir..umat islam anti ahok karena ahok itu kafr ditambah ahok itu cina yg suka makan babi & bir, termasuk dalam kategori ujaran kebencian atau tidak?",iya
4205,id_hatespeech,id_hatespeech_nusantara_text,585194c2-9f25-4f75-a136-37600940fdba,hate_or_noHate_zs_noopt_kategori,train,"Menurutmu, apakah teks berikut: gw harus bilang Babi Ahok apa dong selain kafir, gw hanya pengen gerombolannyA Babi Ahok merasakan bagaiamana klo di anjing2in, Bangsat2in, termasuk dalam kategori ujaran kebencian atau tidak?",iya
4206,id_hatespeech,id_hatespeech_nusantara_text,585194c2-9f25-4f75-a136-37600940fdba,hate_or_noHate_zs_noopt_kategori,train,"Menurutmu, apakah teks berikut: sibabi china sangat biadab memperlakukan kaum PRIBUMI, dan para jongon2 spt banser & nu nusantara mendukung ketimpangan ini, biadabnya mrk!, termasuk dalam kategori ujaran kebencian atau tidak?",iya
4207,id_hatespeech,id_hatespeech_nusantara_text,585194c2-9f25-4f75-a136-37600940fdba,hate_or_noHate_zs_noopt_kategori,train,"Menurutmu, apakah teks berikut: ahok kafir takut debat dengan rakyat asli pribumi nelayan dan para pakar reklamasi dari rakyat.. ahok kafir bencong, termasuk dalam kategori ujaran kebencian atau tidak?",iya
4208,id_hatespeech,id_hatespeech_nusantara_text,585194c2-9f25-4f75-a136-37600940fdba,hate_or_noHate_zs_noopt_kategori,train,"Menurutmu, apakah teks berikut: nampaknya sudah satu paket penyokong cina babi pasti juga sokong LGBT, termasuk dalam kategori ujaran kebencian atau tidak?",iya
4209,id_hatespeech,id_hatespeech_nusantara_text,585194c2-9f25-4f75-a136-37600940fdba,hate_or_noHate_zs_noopt_kategori,train,"Menurutmu, apakah teks berikut: kebiadaban ahok cina kafir anak2 rakyat kecil pribumi dan ibu2 islam semua digusur dari rumahnya serta kehidupannya, termasuk dalam kategori ujaran kebencian atau tidak?",iya
4210,id_hatespeech,id_hatespeech_nusantara_text,585194c2-9f25-4f75-a136-37600940fdba,hate_or_noHate_zs_noopt_kategori,train,"Menurutmu, apakah teks berikut: tim ahok yg otak wc otak tumpul justru anies itu sdh komit sekali dgn pancasila ,ahok kafir sgt tdk bs berpancasila, termasuk dalam kategori ujaran kebencian atau tidak?",iya
4211,id_hatespeech,id_hatespeech_nusantara_text,585194c2-9f25-4f75-a136-37600940fdba,hate_or_noHate_zs_noopt_kategori,train,"Menurutmu, apakah teks berikut: #MataNajwaDebatJakarta Pak Anies sudah meninggalkan ketenangan dan ketulusannya dalam debat malam ini, mjd agitatif dan licik. semoga kalah kau anjing, termasuk dalam kategori ujaran kebencian atau tidak?",iya
4212,id_hatespeech,id_hatespeech_nusantara_text,585194c2-9f25-4f75-a136-37600940fdba,hate_or_noHate_zs_noopt_kategori,train,"Menurutmu, apakah teks berikut: SELAMA PROSES #SidangAhok WASPADAI ULAMA2 KUBU AHOK..YAKNI ULAMA2 ""MUNAFIK"" YANG SESAT DAN MENYESATKAN..!!, termasuk dalam kategori ujaran kebencian atau tidak?",iya
4213,id_hatespeech,id_hatespeech_nusantara_text,585194c2-9f25-4f75-a136-37600940fdba,hate_or_noHate_zs_noopt_kategori,train,"Menurutmu, apakah teks berikut: anies akan merangkul dua2nya untuk persatuan tidak spt ente dangkal & cekak intelektual hanya jadi budak ahok kafir., termasuk dalam kategori ujaran kebencian atau tidak?",iya
4214,id_hatespeech,id_hatespeech_nusantara_text,585194c2-9f25-4f75-a136-37600940fdba,hate_or_noHate_zs_noopt_kategori,train,"Menurutmu, apakah teks berikut: kebiadaban ahok cina kafir rakyat kecil yg jadi PKL & asongan2 digusur2 dan dianiaya spt teroris, ahok kafir biadab, termasuk dalam kategori ujaran kebencian atau tidak?",iya
4215,id_hatespeech,id_hatespeech_nusantara_text,585194c2-9f25-4f75-a136-37600940fdba,hate_or_noHate_zs_noopt_kategori,train,"Menurutmu, apakah teks berikut: RT @LeonartoRabono: tapi kenyataanya jutaan rakyat kecil asli pribumi yg miskin justru semakin dimiskinkan oleh ahok cina kafir...., termasuk dalam kategori ujaran kebencian atau tidak?",iya
4216,id_hatespeech,id_hatespeech_nusantara_text,585194c2-9f25-4f75-a136-37600940fdba,hate_or_noHate_zs_noopt_kategori,train,"Menurutmu, apakah teks berikut: Itulah Indonesia. Yg dibully org yg bener.Yg salah dan binatang2 seperti nomor tiga dibiarin berkeliaran #matanajwadebatjakarta pak an https://t.co/jYSg6x1A, termasuk dalam kategori ujaran kebencian atau tidak?",iya
4217,id_hatespeech,id_hatespeech_nusantara_text,585194c2-9f25-4f75-a136-37600940fdba,hate_or_noHate_zs_noopt_kategori,train,"Menurutmu, apakah teks berikut: #SidangAhok smg sipenista agama n ateknya matinya tdk wjar n jasadnya tdk dtrma tnh n dia tdk prnh mrs kn sorga,aamiin semoga tuhan setuju, termasuk dalam kategori ujaran kebencian atau tidak?",iya
4218,id_hatespeech,id_hatespeech_nusantara_text,585194c2-9f25-4f75-a136-37600940fdba,hate_or_noHate_zs_noopt_kategori,train,"Menurutmu, apakah teks berikut: iya,kelasnya penista agama,bs nya cm ngebacot doang yg arogan sk blg taik"" nenek lu,oh ya sumber waras n nama d kasus E ktp apkabar?skakmat, termasuk dalam kategori ujaran kebencian atau tidak?",iya
4219,id_hatespeech,id_hatespeech_nusantara_text,585194c2-9f25-4f75-a136-37600940fdba,hate_or_noHate_zs_noopt_kategori,train,"Menurutmu, apakah teks berikut: Penjarakan semua cina kafir dan ateis! Termasuk Ahok pemimpin babi tukang korupsi!, termasuk dalam kategori ujaran kebencian atau tidak?",iya
4220,id_hatespeech,id_hatespeech_nusantara_text,585194c2-9f25-4f75-a136-37600940fdba,hate_or_noHate_zs_noopt_kategori,train,"Menurutmu, apakah teks berikut: Kampanye rasis ngmg nya pihak ahok yg di untungkan.. Goblok kafir mana ada di untungkan.. Kalau pada di perkosa bunuh lu enak berduit, termasuk dalam kategori ujaran kebencian atau tidak?",iya
4221,id_hatespeech,id_hatespeech_nusantara_text,585194c2-9f25-4f75-a136-37600940fdba,hate_or_noHate_zs_noopt_kategori,train,"Menurutmu, apakah teks berikut: hahaha idiot bilang kpd orang2 kafir terurama para nasrani pendukung2 ahok kafir jangan memasuki wilayah2 syariat islam, termasuk dalam kategori ujaran kebencian atau tidak?",iya
4222,id_hatespeech,id_hatespeech_nusantara_text,585194c2-9f25-4f75-a136-37600940fdba,hate_or_noHate_zs_noopt_kategori,train,"Menurutmu, apakah teks berikut: I HASIL MAKMAK KALIAN JUAL PUKINYA. BAGI KSLIAN YG BERPIHAK KEPADA PKI DAN SI AHOK ANAK CHINA ANJING KAFIR INI. SERTA NKRI BUKAN DIDAPAT, termasuk dalam kategori ujaran kebencian atau tidak?",iya
4223,id_hatespeech,id_hatespeech_nusantara_text,585194c2-9f25-4f75-a136-37600940fdba,hate_or_noHate_zs_noopt_kategori,train,"Menurutmu, apakah teks berikut: Tim pendukung sakit jiwa, kehilangan akal sehat & ide #IklanAhokJahat, termasuk dalam kategori ujaran kebencian atau tidak?",iya
4224,id_hatespeech,id_hatespeech_nusantara_text,585194c2-9f25-4f75-a136-37600940fdba,hate_or_noHate_zs_noopt_kategori,train,"Menurutmu, apakah teks berikut: #IklanAhokJahat Hati hati Mereka Mulai Prustasi dan Memainkan Cara cara Kasar !! Karena hasil dari berbagai survei si penista agama kalah!!, termasuk dalam kategori ujaran kebencian atau tidak?",iya
4225,id_hatespeech,id_hatespeech_nusantara_text,585194c2-9f25-4f75-a136-37600940fdba,hate_or_noHate_zs_noopt_kategori,train,"Menurutmu, apakah teks berikut: HOOKK, masuk gorong"" aja loe #IklanAhokJahat, termasuk dalam kategori ujaran kebencian atau tidak?",iya
4226,id_hatespeech,id_hatespeech_nusantara_text,585194c2-9f25-4f75-a136-37600940fdba,hate_or_noHate_zs_noopt_kategori,train,"Menurutmu, apakah teks berikut: Kayak gini nih kampanye Tim AniesSandiUno ke kampung2 mengintimidasi masyarakat. Kampungan ye? #ASUtenan, termasuk dalam kategori ujaran kebencian atau tidak?",iya
4227,id_hatespeech,id_hatespeech_nusantara_text,585194c2-9f25-4f75-a136-37600940fdba,hate_or_noHate_zs_noopt_kategori,train,"Menurutmu, apakah teks berikut: SI KUTIL BABI TELAH MELECEHKAN PRIBUMI DAN UMAT ISLAM #IklanAhokJahat, termasuk dalam kategori ujaran kebencian atau tidak?",iya
4228,id_hatespeech,id_hatespeech_nusantara_text,585194c2-9f25-4f75-a136-37600940fdba,hate_or_noHate_zs_noopt_kategori,train,"Menurutmu, apakah teks berikut: NGOMONG AJA ENTE SAMA KACA! MEMECAH BELAH KERUKUNAN LAGI HOK ENTE BISANYA. NGACO! #IklanAhokJahat, termasuk dalam kategori ujaran kebencian atau tidak?",iya
4229,id_hatespeech,id_hatespeech_nusantara_text,585194c2-9f25-4f75-a136-37600940fdba,hate_or_noHate_zs_noopt_kategori,train,"Menurutmu, apakah teks berikut: #iklanahokjahat Terorist nyata di Indonesia... Bukan wahabi, bukan Onta Tapi Babi Babi milik Cina Penebar Teror sesungguhnya...., termasuk dalam kategori ujaran kebencian atau tidak?",iya
4230,id_hatespeech,id_hatespeech_nusantara_text,585194c2-9f25-4f75-a136-37600940fdba,hate_or_noHate_zs_noopt_kategori,train,"Menurutmu, apakah teks berikut: RT @TerorisSocmed: Sadarlah wahai anak Bangsa, Ibu Pertiwi Sedang Diporakporandakan Oleh Manusia BIADAB @basuki_btp Sebagai Aktor Utama, termasuk dalam kategori ujaran kebencian atau tidak?",iya
4231,id_hatespeech,id_hatespeech_nusantara_text,585194c2-9f25-4f75-a136-37600940fdba,hate_or_noHate_zs_noopt_kategori,train,"Menurutmu, apakah teks berikut: Sepertinya gerombolan @basuki_btp rindu kerusuhan, hati2 dikabul Tuhan #IklanAhokJahat, termasuk dalam kategori ujaran kebencian atau tidak?",iya
4232,id_hatespeech,id_hatespeech_nusantara_text,585194c2-9f25-4f75-a136-37600940fdba,hate_or_noHate_zs_noopt_kategori,train,"Menurutmu, apakah teks berikut: Ahok and Bani serbet and wereng Coklat MEMANCING UMAT MUSLIM supaya marah? dengan #IklanAhokJahat. KALIAN ITU KUMPULAN ORANG SINTING, termasuk dalam kategori ujaran kebencian atau tidak?",iya
4233,id_hatespeech,id_hatespeech_nusantara_text,585194c2-9f25-4f75-a136-37600940fdba,hate_or_noHate_zs_noopt_kategori,train,"Menurutmu, apakah teks berikut: #IklanAhokJahat baru ada direzim jokopret,setan,iblis,dajjal dibangkitkan dr kuburnya. Mereka gembira berpesta pora setelah lama dibelenggu, termasuk dalam kategori ujaran kebencian atau tidak?",iya
4234,id_hatespeech,id_hatespeech_nusantara_text,585194c2-9f25-4f75-a136-37600940fdba,hate_or_noHate_zs_noopt_kategori,train,"Menurutmu, apakah teks berikut: Yang anti cina & mau ganyang cina tuh siapaaaa..??? kami cuma anti AHOK sang Penista Agama! #kampanyeAhokJahat #IklanAhokJahat #kampanyeSARA, termasuk dalam kategori ujaran kebencian atau tidak?",iya
4235,id_hatespeech,id_hatespeech_nusantara_text,585194c2-9f25-4f75-a136-37600940fdba,hate_or_noHate_zs_noopt_kategori,train,"Menurutmu, apakah teks berikut: Udah bingung kalik mau pakai cara apa untuk kampanye. Sampai2 bikin fitnah yang kayak begituan. Depresi ya takut kalah? #IklanAhokJahat, termasuk dalam kategori ujaran kebencian atau tidak?",iya
4236,id_hatespeech,id_hatespeech_nusantara_text,585194c2-9f25-4f75-a136-37600940fdba,hate_or_noHate_zs_noopt_kategori,train,"Menurutmu, apakah teks berikut: Tahukah Anda apa persamaan antara malin kundang dengan Ahok? mereka berdua sama-sam DURHAKA!!!!!!! #ASBAK #iklanahokjahat #kampanyeahokjahat, termasuk dalam kategori ujaran kebencian atau tidak?",iya
4237,id_hatespeech,id_hatespeech_nusantara_text,585194c2-9f25-4f75-a136-37600940fdba,hate_or_noHate_zs_noopt_kategori,train,"Menurutmu, apakah teks berikut: HADUH KELAKUANMU HOK, SOK-SOKAN MENJAGA KEBERAGAMAN PADAHAL PROVOKATOR & RASIS!! #IklanAhokJahat, termasuk dalam kategori ujaran kebencian atau tidak?",iya
4238,id_hatespeech,id_hatespeech_nusantara_text,585194c2-9f25-4f75-a136-37600940fdba,hate_or_noHate_zs_noopt_kategori,train,"Menurutmu, apakah teks berikut: RT @sarwandi_sr: #IklanAhokJahat bikin darah mendidih. bangsat penuh dengan propaganda. emang lo kira islam radikal ?Kalau kami mau, termasuk dalam kategori ujaran kebencian atau tidak?",iya
4239,id_hatespeech,id_hatespeech_nusantara_text,585194c2-9f25-4f75-a136-37600940fdba,hate_or_noHate_zs_noopt_kategori,train,"Menurutmu, apakah teks berikut: Kapolda Babi! Biadap dan Bodoh! Gak punya otak kali., termasuk dalam kategori ujaran kebencian atau tidak?",iya
4240,id_hatespeech,id_hatespeech_nusantara_text,585194c2-9f25-4f75-a136-37600940fdba,hate_or_noHate_zs_noopt_kategori,train,"Menurutmu, apakah teks berikut: Jangan2 lagi deh @basuki_btp hina islam, anda itu manusia hina dibandingkan agama yang mulia, anda bukan siapa2 & bukan apa2 #IklanAhokJahat, termasuk dalam kategori ujaran kebencian atau tidak?",iya
4241,id_hatespeech,id_hatespeech_nusantara_text,585194c2-9f25-4f75-a136-37600940fdba,hate_or_noHate_zs_noopt_kategori,train,"Menurutmu, apakah teks berikut: AHOK KAFIR DAN BUDAK2NYA ATAU ANJING2 NYA HANYA SEBAGAI SAMPAH AGAMA ISLAM DAN SAMPAH MASYARAKAT, termasuk dalam kategori ujaran kebencian atau tidak?",iya
4242,id_hatespeech,id_hatespeech_nusantara_text,585194c2-9f25-4f75-a136-37600940fdba,hate_or_noHate_zs_noopt_kategori,train,"Menurutmu, apakah teks berikut: umat agama islam dijakarta sangat haram dan sangat najis sekali dengan ahok kafir kristen..., termasuk dalam kategori ujaran kebencian atau tidak?",iya
4243,id_hatespeech,id_hatespeech_nusantara_text,585194c2-9f25-4f75-a136-37600940fdba,hate_or_noHate_zs_noopt_kategori,train,"Menurutmu, apakah teks berikut: 19 april CNN kibarkan bendera kuning atas kematian ahok-djarot...., termasuk dalam kategori ujaran kebencian atau tidak?",iya
4244,id_hatespeech,id_hatespeech_nusantara_text,585194c2-9f25-4f75-a136-37600940fdba,hate_or_noHate_zs_noopt_kategori,train,"Menurutmu, apakah teks berikut: itulah akibat ulah orang2 kafir nasrani persis seperti ahok kafir yg melarang jilbab kepada anak2 sekokah di jakarta...., termasuk dalam kategori ujaran kebencian atau tidak?",iya
4245,id_hatespeech,id_hatespeech_nusantara_text,585194c2-9f25-4f75-a136-37600940fdba,hate_or_noHate_zs_noopt_kategori,train,"Menurutmu, apakah teks berikut: baswedan pantas jadi gubernur jakarta dan komisioner KPK..... ahok kafir pantasnya jadi germo di alexis...., termasuk dalam kategori ujaran kebencian atau tidak?",iya
4246,id_hatespeech,id_hatespeech_nusantara_text,585194c2-9f25-4f75-a136-37600940fdba,hate_or_noHate_zs_noopt_kategori,train,"Menurutmu, apakah teks berikut: RT @yudijannis: #IklanAhokJahat bagaimana klo kita ganyang beneran hok?itu sih maunya elo ya hok,adu domba pribumi dengan tionghoa!!jangan, termasuk dalam kategori ujaran kebencian atau tidak?",iya
4247,id_hatespeech,id_hatespeech_nusantara_text,585194c2-9f25-4f75-a136-37600940fdba,hate_or_noHate_zs_noopt_kategori,train,"Menurutmu, apakah teks berikut: masalahnya djarot tidak bisa memikirkan rakyat kecil pribumi bisanya hanya membabu kpd cina2 betul2 songong jongkok., termasuk dalam kategori ujaran kebencian atau tidak?",iya
4248,id_hatespeech,id_hatespeech_nusantara_text,585194c2-9f25-4f75-a136-37600940fdba,hate_or_noHate_zs_noopt_kategori,train,"Menurutmu, apakah teks berikut: otak wc otak babi yg menerima ahok kafir & kamu, ahok kafir bkn sekedar menghina sdh anggap islam itu sampah, termasuk dalam kategori ujaran kebencian atau tidak?",iya
4249,id_hatespeech,id_hatespeech_nusantara_text,585194c2-9f25-4f75-a136-37600940fdba,hate_or_noHate_zs_noopt_kategori,train,"Menurutmu, apakah teks berikut: DALAM PUTARAN DUA NANTI JIKA SAMPAI AHOK KAFIR CURANG UMAT ISLAM SUDAH KOMITMEN JAKARTA AKAN DIJADIKAN LAUTAN API, SUDAH TIDAK MIKIR HUKUM, termasuk dalam kategori ujaran kebencian atau tidak?",iya
4250,id_hatespeech,id_hatespeech_nusantara_text,585194c2-9f25-4f75-a136-37600940fdba,hate_or_noHate_zs_noopt_kategori,train,"Menurutmu, apakah teks berikut: #IKLANAHOKJAHAT AHOK MENCIPTAKAN BARA API ANTARA RAKYAT PRIBUMI DENGAN TIONGHOA YG DIBALUT DENGAN PHOBIA.... AHOK KAFIR RASIS..., termasuk dalam kategori ujaran kebencian atau tidak?",iya
4251,id_hatespeech,id_hatespeech_nusantara_text,585194c2-9f25-4f75-a136-37600940fdba,hate_or_noHate_zs_noopt_kategori,train,"Menurutmu, apakah teks berikut: jangan heran pemerintahan jokowi sekarang ini budaknya kulinya cina2 ahok kafir dan 9 naga..., termasuk dalam kategori ujaran kebencian atau tidak?",iya
4252,id_hatespeech,id_hatespeech_nusantara_text,585194c2-9f25-4f75-a136-37600940fdba,hate_or_noHate_zs_noopt_kategori,train,"Menurutmu, apakah teks berikut: Ya itu namanya cawgub goblok gak ngerti peraturan debat....kelihatan bego dan liciknya itu sandiaga uno., termasuk dalam kategori ujaran kebencian atau tidak?",iya
4253,id_hatespeech,id_hatespeech_nusantara_text,585194c2-9f25-4f75-a136-37600940fdba,hate_or_noHate_zs_noopt_kategori,train,"Menurutmu, apakah teks berikut: BODOH jika para pendukung ahok yg Muslim tidak tersinggung sama sekali ! Tapi bisa aja sih Qur'an d hina saja mrka diam #IklanAhokJahat, termasuk dalam kategori ujaran kebencian atau tidak?",iya
4254,id_hatespeech,id_hatespeech_nusantara_text,585194c2-9f25-4f75-a136-37600940fdba,hate_or_noHate_zs_noopt_kategori,train,"Menurutmu, apakah teks berikut: Gubraaaaak!!!! Malu liatnya... Untung semalem debat ga kaya MATA NAJWA.. Coba kalo formatnya sama pasti Ringsek dah pasangan ASU..., termasuk dalam kategori ujaran kebencian atau tidak?",iya
4255,id_hatespeech,id_hatespeech_nusantara_text,585194c2-9f25-4f75-a136-37600940fdba,hate_or_noHate_zs_noopt_kategori,train,"Menurutmu, apakah teks berikut: YG JELAS OTAK AHOK-DJAROT SUDAH SANGAT TUMPUL SANGAT LOYO DAN STRESS..... SUDAH JEBOL HARUS DICOPOT DAN DIGANTI....., termasuk dalam kategori ujaran kebencian atau tidak?",iya
4256,id_hatespeech,id_hatespeech_nusantara_text,585194c2-9f25-4f75-a136-37600940fdba,hate_or_noHate_zs_noopt_kategori,train,"Menurutmu, apakah teks berikut: AHOK KAFIR BUKAN HANYA MALING TAPI JUGA GARONG, LAHAN LAUT MILIK NELAYAN DIRAMPOK & DIRAMPAS UNTUK REKLAMASI YG MENGUNTUNGKAN CINA2 KAFIR.., termasuk dalam kategori ujaran kebencian atau tidak?",iya
4257,id_hatespeech,id_hatespeech_nusantara_text,585194c2-9f25-4f75-a136-37600940fdba,hate_or_noHate_zs_noopt_kategori,train,"Menurutmu, apakah teks berikut: Sumpah bego bgt sih kesel gue. Kenapa ada org yg vote makhluk kayak Sandiaga Uno coba. Oh agama, termasuk dalam kategori ujaran kebencian atau tidak?",iya
4258,id_hatespeech,id_hatespeech_nusantara_text,585194c2-9f25-4f75-a136-37600940fdba,hate_or_noHate_zs_noopt_kategori,train,"Menurutmu, apakah teks berikut: responden2 yangg goblok2 belum faham & juga wartawan beritasatu juga goblok, nanti klo anies-sandy sudah memimpin sangat mudah, termasuk dalam kategori ujaran kebencian atau tidak?",iya
4259,id_hatespeech,id_hatespeech_nusantara_text,585194c2-9f25-4f75-a136-37600940fdba,hate_or_noHate_zs_noopt_kategori,train,"Menurutmu, apakah teks berikut: FPI RENOVASI MASJID ITU SANGAT TEPAT, AHOK KAFIR KRISTEN NGAPAIN NGURUSI MASJID2 APA HUBUNGANNYA....., termasuk dalam kategori ujaran kebencian atau tidak?",iya
4260,id_hatespeech,id_hatespeech_nusantara_text,585194c2-9f25-4f75-a136-37600940fdba,hate_or_noHate_zs_noopt_kategori,train,"Menurutmu, apakah teks berikut: MENGAPA ahoker KRISTEN & MUNAFIK tidak berhenti mengolok2 GEREJA stiap hari? Apakah mereka memang dibriefing ahok untuk menghina si BUMI DATAR?, termasuk dalam kategori ujaran kebencian atau tidak?",iya
4261,id_hatespeech,id_hatespeech_nusantara_text,585194c2-9f25-4f75-a136-37600940fdba,hate_or_noHate_zs_noopt_kategori,train,"Menurutmu, apakah teks berikut: uma surveynya si Botak yg menangkan Ahok. Karena apa? Karena dia Cina Kristen. Bukti kalo si Botak dukung sesama Cina Kristen, termasuk dalam kategori ujaran kebencian atau tidak?",iya
4262,id_hatespeech,id_hatespeech_nusantara_text,585194c2-9f25-4f75-a136-37600940fdba,hate_or_noHate_zs_noopt_kategori,train,"Menurutmu, apakah teks berikut: AHOK PEMECAH BELAH UMMAT, AJARAN KRISTEN KONYOL, demi meraup suara muslim, JELAS AHOK INI RASIS, PKI TULEN, termasuk dalam kategori ujaran kebencian atau tidak?",iya
4263,id_hatespeech,id_hatespeech_nusantara_text,585194c2-9f25-4f75-a136-37600940fdba,hate_or_noHate_zs_noopt_kategori,train,"Menurutmu, apakah teks berikut: Woy @aagym lu udah nonton yang ini? Fitnah? Pale lu peyang gym. https://t.co/U3QhuJpwg, termasuk dalam kategori ujaran kebencian atau tidak?",iya
4264,id_hatespeech,id_hatespeech_nusantara_text,585194c2-9f25-4f75-a136-37600940fdba,hate_or_noHate_zs_noopt_kategori,train,"Menurutmu, apakah teks berikut: Ahok :memilih pemimpin Berdasarkan agama melanggar konstitusi. Sebaiknya BABI INI DI BUNGKUS aja, CONGORNYAPECAH BELAH UMAT BERAGAMA., termasuk dalam kategori ujaran kebencian atau tidak?",iya
4265,id_hatespeech,id_hatespeech_nusantara_text,585194c2-9f25-4f75-a136-37600940fdba,hate_or_noHate_zs_noopt_kategori,train,"Menurutmu, apakah teks berikut: Saya pribumi, Kristen dan mendukung Ahok. Tapi saya paling anti dengan manusia2 bodoh dan goblok seperti Steven Hadisurya Sulistyo., termasuk dalam kategori ujaran kebencian atau tidak?",iya
4266,id_hatespeech,id_hatespeech_nusantara_text,585194c2-9f25-4f75-a136-37600940fdba,hate_or_noHate_zs_noopt_kategori,train,"Menurutmu, apakah teks berikut: Maksudnya terbukti KORUPSI dan PENISTAAN agama nya ya om, Bangsat lo, TAIK LO, maaf gw pake Bahasa Babi Ahok., termasuk dalam kategori ujaran kebencian atau tidak?",iya
4267,id_hatespeech,id_hatespeech_nusantara_text,585194c2-9f25-4f75-a136-37600940fdba,hate_or_noHate_zs_noopt_kategori,train,"Menurutmu, apakah teks berikut: Ehh TAIK, Bangsat lo, Omongan elo kayak IwAn bopeng, yg MO potong leher TNI, Bangsat lo IwAn bopeng, baek2in TNI. TAIK LO,, termasuk dalam kategori ujaran kebencian atau tidak?",iya
4268,id_hatespeech,id_hatespeech_nusantara_text,585194c2-9f25-4f75-a136-37600940fdba,hate_or_noHate_zs_noopt_kategori,train,"Menurutmu, apakah teks berikut: Ehh anak anjing Ahok, Kelan itu blon siuman, mending emut2 bool basuki lagi aja sana, kasih tau sama Babi yg lain, bool basuki wangi gitu, termasuk dalam kategori ujaran kebencian atau tidak?",iya
4269,id_hatespeech,id_hatespeech_nusantara_text,585194c2-9f25-4f75-a136-37600940fdba,hate_or_noHate_zs_noopt_kategori,train,"Menurutmu, apakah teks berikut: CWE CAKEP TP BEGO.PANTES GK LAKU.SI AHOK CINA BAU TAI.MAKAN BUBUR ENCER.AHOK FAHAM KOMUNIS.MENISTA ISLAM & KRISTEN, termasuk dalam kategori ujaran kebencian atau tidak?",iya
4270,id_hatespeech,id_hatespeech_nusantara_text,585194c2-9f25-4f75-a136-37600940fdba,hate_or_noHate_zs_noopt_kategori,train,"Menurutmu, apakah teks berikut: Dan ajeng pasti paham si Babi Ahok klo bicara santun, BANGSAT, TAIK, ANJING, SETAN LO, dngn intonasi yg familiar tuntuna, termasuk dalam kategori ujaran kebencian atau tidak?",iya
4271,id_hatespeech,id_hatespeech_nusantara_text,585194c2-9f25-4f75-a136-37600940fdba,hate_or_noHate_zs_noopt_kategori,train,"Menurutmu, apakah teks berikut: Itu dia, BUNUH AJA YG DIDEPAN MATA, DIA MAFIA KORUPTOR NYA, PENISTA AGAMA PULA, PANGGILAN POPULAR NYA BABI AHOK, termasuk dalam kategori ujaran kebencian atau tidak?",iya
4272,id_hatespeech,id_hatespeech_nusantara_text,585194c2-9f25-4f75-a136-37600940fdba,hate_or_noHate_zs_noopt_kategori,train,"Menurutmu, apakah teks berikut: Gimana dgn Sumber waras.. Trans Jakarta ko jokowi diem ajah.... Harusnya si kutil babi ahok di ganyang, termasuk dalam kategori ujaran kebencian atau tidak?",iya
4273,id_hatespeech,id_hatespeech_nusantara_text,585194c2-9f25-4f75-a136-37600940fdba,hate_or_noHate_zs_noopt_kategori,train,"Menurutmu, apakah teks berikut: Muka Si BABi Ahok Tuh Yg Mirip SERBET Lantai....@basuki_btp..., termasuk dalam kategori ujaran kebencian atau tidak?",iya
4274,id_hatespeech,id_hatespeech_nusantara_text,585194c2-9f25-4f75-a136-37600940fdba,hate_or_noHate_zs_noopt_kategori,train,"Menurutmu, apakah teks berikut: Betul bang hancurkan merka bang, musnahkan china babi dibumi pertiwi indonesia, berkedok reklamasi itu ahok, termasuk dalam kategori ujaran kebencian atau tidak?",iya
4275,id_hatespeech,id_hatespeech_nusantara_text,585194c2-9f25-4f75-a136-37600940fdba,hate_or_noHate_zs_noopt_kategori,train,"Menurutmu, apakah teks berikut: Sapa Yg bilang Ahok anti korupsi!?, klo grombolannyA NGOMONG gtu wajar, AHOK ITU MAFIA KORUPTOR SANG PENISTA AGAMA YG DILINDUNGI ISTANA PKI, termasuk dalam kategori ujaran kebencian atau tidak?",iya
4276,id_hatespeech,id_hatespeech_nusantara_text,585194c2-9f25-4f75-a136-37600940fdba,hate_or_noHate_zs_noopt_kategori,train,"Menurutmu, apakah teks berikut: Gw juga ngimpi SENTILIN BIJI BABI AHOK, pcetar Pcetar, langsung kejang2 die, ngadu ke Jkw, Jkw: makanye sunat dulu, bru NGOMONG Almaidah., termasuk dalam kategori ujaran kebencian atau tidak?",iya
4277,id_hatespeech,id_hatespeech_nusantara_text,585194c2-9f25-4f75-a136-37600940fdba,hate_or_noHate_zs_noopt_kategori,train,"Menurutmu, apakah teks berikut: Mudah2an gw ketemu sama SI BABI IWAN BOPENG DI TPS nya anjing Ahok, termasuk dalam kategori ujaran kebencian atau tidak?",iya
4278,id_hatespeech,id_hatespeech_nusantara_text,67209ca7-1b01-4357-9e1f-7139bc82a29c,hate_or_noHate_zs_opt_contains,train,"Dalam konteks ini, apakah teks yang mengandung kata-kata seperti: RT @spardaxyz: Fadli Zon Minta Mendagri Segera Menonaktifkan Ahok Jadi Gubernur DKI https:\/\/t.co\/KH5vIRwPdO, termasuk dalam kategori hatespeech?
- iya
- tidak",tidak
4279,id_hatespeech,id_hatespeech_nusantara_text,67209ca7-1b01-4357-9e1f-7139bc82a29c,hate_or_noHate_zs_opt_contains,train,"Dalam konteks ini, apakah teks yang mengandung kata-kata seperti: RT @baguscondromowo: Mereka terus melukai aksi dalam rangka memenjarakan Ahok atau Ahok gagal dalam Pilkada., termasuk dalam kategori hatespeech?
- iya
- tidak",tidak
4280,id_hatespeech,id_hatespeech_nusantara_text,67209ca7-1b01-4357-9e1f-7139bc82a29c,hate_or_noHate_zs_opt_contains,train,"Dalam konteks ini, apakah teks yang mengandung kata-kata seperti: Sylvi: bagaimana gurbernur melakukan kekerasan perempuan? Buktinya banyak ibu2 mau foto bareng #DebatFinalPilkadaJKT, termasuk dalam kategori hatespeech?
- iya
- tidak",tidak
4281,id_hatespeech,id_hatespeech_nusantara_text,67209ca7-1b01-4357-9e1f-7139bc82a29c,hate_or_noHate_zs_opt_contains,train,"Dalam konteks ini, apakah teks yang mengandung kata-kata seperti: Ahmad Dhani Tak Puas Debat Pilkada, Masalah Jalan di Bekasi Belum Sempat Terungkap https:\/\/t.co\/m3HopPLUID\u2026, termasuk dalam kategori hatespeech?
- iya
- tidak",tidak
4282,id_hatespeech,id_hatespeech_nusantara_text,67209ca7-1b01-4357-9e1f-7139bc82a29c,hate_or_noHate_zs_opt_contains,train,"Dalam konteks ini, apakah teks yang mengandung kata-kata seperti: RT @lisdaulay28: Waspada KTP palsu.....kawal PILKADA https:\/\/t.co\/OOoERQV4SM, termasuk dalam kategori hatespeech?
- iya
- tidak",tidak
4283,id_hatespeech,id_hatespeech_nusantara_text,67209ca7-1b01-4357-9e1f-7139bc82a29c,hate_or_noHate_zs_opt_contains,train,"Dalam konteks ini, apakah teks yang mengandung kata-kata seperti: @felixsiauw masih bnyak hal agamis yg bisa dibahas, kenapa ke pilkada terus, apa tingkat keimanan anda cuma sebatas pilkada????, termasuk dalam kategori hatespeech?
- iya
- tidak",tidak
4284,id_hatespeech,id_hatespeech_nusantara_text,67209ca7-1b01-4357-9e1f-7139bc82a29c,hate_or_noHate_zs_opt_contains,train,"Dalam konteks ini, apakah teks yang mengandung kata-kata seperti: @saidaqil apa maksud pernyataan. Anda? Apa anda mengaminkan kriminalisasi Ahok?? Hati2 jg dg mulutmu pak! https:\/\/t.co\/H4ODVaY0Md, termasuk dalam kategori hatespeech?
- iya
- tidak",tidak
4285,id_hatespeech,id_hatespeech_nusantara_text,67209ca7-1b01-4357-9e1f-7139bc82a29c,hate_or_noHate_zs_opt_contains,train,"Dalam konteks ini, apakah teks yang mengandung kata-kata seperti: Ahok Akan Integrasikan Transportasi Publik dengan Sistem Single Ticketing\u2026 https:\/\/t.co\/42PH7pqV0b #infoTribun, termasuk dalam kategori hatespeech?
- iya
- tidak",tidak
4286,id_hatespeech,id_hatespeech_nusantara_text,67209ca7-1b01-4357-9e1f-7139bc82a29c,hate_or_noHate_zs_opt_contains,train,"Dalam konteks ini, apakah teks yang mengandung kata-kata seperti: Ahok mampu melawan korupsi di ibukota, bangun infrastruktur, mencoba memperbaiki dengan berbagai trobosan dan works well., termasuk dalam kategori hatespeech?
- iya
- tidak",tidak
4287,id_hatespeech,id_hatespeech_nusantara_text,67209ca7-1b01-4357-9e1f-7139bc82a29c,hate_or_noHate_zs_opt_contains,train,"Dalam konteks ini, apakah teks yang mengandung kata-kata seperti: Awasi Kecurangan Pilkada, Agus - Sylvi Pakai Aplikasi Ini https:\/\/t.co\/xWZW4nUFIU, termasuk dalam kategori hatespeech?
- iya
- tidak",tidak
4288,id_hatespeech,id_hatespeech_nusantara_text,67209ca7-1b01-4357-9e1f-7139bc82a29c,hate_or_noHate_zs_opt_contains,train,"Dalam konteks ini, apakah teks yang mengandung kata-kata seperti: Bisa gak kita seperti Jokowi dan Ahok? Aku kalem, kamu tegas saling melengkapi. :'), termasuk dalam kategori hatespeech?
- iya
- tidak",tidak
4289,id_hatespeech,id_hatespeech_nusantara_text,67209ca7-1b01-4357-9e1f-7139bc82a29c,hate_or_noHate_zs_opt_contains,train,"Dalam konteks ini, apakah teks yang mengandung kata-kata seperti: Bos mau makan di istana ga, Di undang noh makan di istana Gebang tapinya https:\/\/t.co\/ns6cUYCpUj, termasuk dalam kategori hatespeech?
- iya
- tidak",tidak
4290,id_hatespeech,id_hatespeech_nusantara_text,67209ca7-1b01-4357-9e1f-7139bc82a29c,hate_or_noHate_zs_opt_contains,train,"Dalam konteks ini, apakah teks yang mengandung kata-kata seperti: Cuti Habis Ahok Jadi Gubernur DKI Lagi? Pengamat: Jangan Mengada-ada | Republika Online https:\/\/t.co\/T3kzvq9E4e, termasuk dalam kategori hatespeech?
- iya
- tidak",tidak
4291,id_hatespeech,id_hatespeech_nusantara_text,67209ca7-1b01-4357-9e1f-7139bc82a29c,hate_or_noHate_zs_opt_contains,train,"Dalam konteks ini, apakah teks yang mengandung kata-kata seperti: Debat terakhir Pilkada DKI Jakarta digelar Jumat malam. https:\/\/t.co\/e9ixz6Jllr, termasuk dalam kategori hatespeech?
- iya
- tidak",tidak
4292,id_hatespeech,id_hatespeech_nusantara_text,67209ca7-1b01-4357-9e1f-7139bc82a29c,hate_or_noHate_zs_opt_contains,train,"Dalam konteks ini, apakah teks yang mengandung kata-kata seperti: Demonstran FPD Malteng Desak Bawaslu Hentikan Sementara Tahapan Pilkada Maluku Tengah, termasuk dalam kategori hatespeech?
- iya
- tidak",tidak
4293,id_hatespeech,id_hatespeech_nusantara_text,67209ca7-1b01-4357-9e1f-7139bc82a29c,hate_or_noHate_zs_opt_contains,train,"Dalam konteks ini, apakah teks yang mengandung kata-kata seperti: Dulu Didesak Berhentikan Ahok Ngeles Usai Masa Cuti Pilkada, Sekarang Kampanye Mau Habis Kemendagri Ragu-ragu https:\/\/t.co\/92ss4trDcX, termasuk dalam kategori hatespeech?
- iya
- tidak",tidak
4294,id_hatespeech,id_hatespeech_nusantara_text,67209ca7-1b01-4357-9e1f-7139bc82a29c,hate_or_noHate_zs_opt_contains,train,"Dalam konteks ini, apakah teks yang mengandung kata-kata seperti: Gila gara2 pilkada, beberapa tokoh menampakkan watak aslinya., termasuk dalam kategori hatespeech?
- iya
- tidak",tidak
4295,id_hatespeech,id_hatespeech_nusantara_text,67209ca7-1b01-4357-9e1f-7139bc82a29c,hate_or_noHate_zs_opt_contains,train,"Dalam konteks ini, apakah teks yang mengandung kata-kata seperti: Gontor Izinkan Santrinya Pulang Kampung Nyoblos Pilkada DKI | Republika Online https:\/\/t.co\/JhNOT8ecNz, termasuk dalam kategori hatespeech?
- iya
- tidak",tidak
4296,id_hatespeech,id_hatespeech_nusantara_text,67209ca7-1b01-4357-9e1f-7139bc82a29c,hate_or_noHate_zs_opt_contains,train,"Dalam konteks ini, apakah teks yang mengandung kata-kata seperti: Gubernur non-aktif DKI Jakarta, Basuki Tjahaja Purnama atau Ahok, berencana merombak struktur jabatan pegawai... https:\/\/t.co\/cdKEZxF9xO, termasuk dalam kategori hatespeech?
- iya
- tidak",tidak
4297,id_hatespeech,id_hatespeech_nusantara_text,67209ca7-1b01-4357-9e1f-7139bc82a29c,hate_or_noHate_zs_opt_contains,train,"Dalam konteks ini, apakah teks yang mengandung kata-kata seperti: HEBAT .. !!! Imam Besar Masjid Istiqlal : Kalimat Ahok 100% Tidak Ada Penistaan AGAMA .. !! SEBARKAN, termasuk dalam kategori hatespeech?
- iya
- tidak",tidak
4298,id_hatespeech,id_hatespeech_nusantara_text,67209ca7-1b01-4357-9e1f-7139bc82a29c,hate_or_noHate_zs_opt_contains,train,"Dalam konteks ini, apakah teks yang mengandung kata-kata seperti: Ibu2 aja, kalo beli telor pake milih2 sblm ditimbang. Pdh telor kan mirip2. Ibu2 itu tahu, telor ada yg busuk, termasuk dalam kategori hatespeech?
- iya
- tidak",tidak
4299,id_hatespeech,id_hatespeech_nusantara_text,67209ca7-1b01-4357-9e1f-7139bc82a29c,hate_or_noHate_zs_opt_contains,train,"Dalam konteks ini, apakah teks yang mengandung kata-kata seperti: Ini Jawaban Ahok Saat Ditanya Terkait Persiapan Debat Pilgub Terakhir Besok https:\/\/t.co\/S6rlsAR7Y9, termasuk dalam kategori hatespeech?
- iya
- tidak",tidak
4300,id_hatespeech,id_hatespeech_nusantara_text,67209ca7-1b01-4357-9e1f-7139bc82a29c,hate_or_noHate_zs_opt_contains,train,"Dalam konteks ini, apakah teks yang mengandung kata-kata seperti: Ini Pesan Ahok di Hari Pers Nasional #KitaPastiPernah https:\/\/t.co\/h0L6mrjM3R, termasuk dalam kategori hatespeech?
- iya
- tidak",tidak
4301,id_hatespeech,id_hatespeech_nusantara_text,67209ca7-1b01-4357-9e1f-7139bc82a29c,hate_or_noHate_zs_opt_contains,train,"Dalam konteks ini, apakah teks yang mengandung kata-kata seperti: Istighotsah Bersama Ahok Catut Logo NU https:\/\/t.co\/U2rPY3C25R, termasuk dalam kategori hatespeech?
- iya
- tidak",tidak
4302,id_hatespeech,id_hatespeech_nusantara_text,67209ca7-1b01-4357-9e1f-7139bc82a29c,hate_or_noHate_zs_opt_contains,train,"Dalam konteks ini, apakah teks yang mengandung kata-kata seperti: Itu yang ngomong jangan pilih Ahok Djarot pernah ngerasain banjir ga sih? :(, termasuk dalam kategori hatespeech?
- iya
- tidak",tidak
4303,id_hatespeech,id_hatespeech_nusantara_text,67209ca7-1b01-4357-9e1f-7139bc82a29c,hate_or_noHate_zs_opt_contains,train,"Dalam konteks ini, apakah teks yang mengandung kata-kata seperti: Iya aja deh dripada hoax..., termasuk dalam kategori hatespeech?
- iya
- tidak",tidak
4304,id_hatespeech,id_hatespeech_nusantara_text,67209ca7-1b01-4357-9e1f-7139bc82a29c,hate_or_noHate_zs_opt_contains,train,"Dalam konteks ini, apakah teks yang mengandung kata-kata seperti: Jadi teringat para pelacur.belia yg dijual orang tuanya.sendiri di pantura.demi sesuap nasi https:\/\/t.co\/X5DdR7m693, termasuk dalam kategori hatespeech?
- iya
- tidak",tidak
4305,id_hatespeech,id_hatespeech_nusantara_text,67209ca7-1b01-4357-9e1f-7139bc82a29c,hate_or_noHate_zs_opt_contains,train,"Dalam konteks ini, apakah teks yang mengandung kata-kata seperti: jadi yg nyebar hoax ketahuan dong ada akun twitter nya lho, termasuk dalam kategori hatespeech?
- iya
- tidak",tidak
4306,id_hatespeech,id_hatespeech_nusantara_text,67209ca7-1b01-4357-9e1f-7139bc82a29c,hate_or_noHate_zs_opt_contains,train,"Dalam konteks ini, apakah teks yang mengandung kata-kata seperti: Mpok @sylviana_murni-nya tolong Mas @AgusYudhoyono, termasuk dalam kategori hatespeech?
- iya
- tidak",tidak
4307,id_hatespeech,id_hatespeech_nusantara_text,67209ca7-1b01-4357-9e1f-7139bc82a29c,hate_or_noHate_zs_opt_contains,train,"Dalam konteks ini, apakah teks yang mengandung kata-kata seperti: Ke Bidara beli mangga. Pulang nye liwat Slipi. Jangan lupa ingetin tetangga. Untuk milih Agus sylvi. #7HariLagiMilihAHY #AgusBersamaUlama, termasuk dalam kategori hatespeech?
- iya
- tidak",tidak
4308,id_hatespeech,id_hatespeech_nusantara_text,67209ca7-1b01-4357-9e1f-7139bc82a29c,hate_or_noHate_zs_opt_contains,train,"Dalam konteks ini, apakah teks yang mengandung kata-kata seperti: Serius tapi ada selipan hiburannya \ud83d\ude06\ud83d\ude06\ud83d\ude06 #pilkadadki2017 #DebatFinalPilkadaJKT, termasuk dalam kategori hatespeech?
- iya
- tidak",tidak
4309,id_hatespeech,id_hatespeech_nusantara_text,67209ca7-1b01-4357-9e1f-7139bc82a29c,hate_or_noHate_zs_opt_contains,train,"Dalam konteks ini, apakah teks yang mengandung kata-kata seperti: Sylvie sukses blunder bikin paslon 1 drop elektabilitasnya dengan fitnah dan spin salah pilih kader #DebatFinalPilkadaJKT, termasuk dalam kategori hatespeech?
- iya
- tidak",tidak
4310,id_hatespeech,id_hatespeech_nusantara_text,67209ca7-1b01-4357-9e1f-7139bc82a29c,hate_or_noHate_zs_opt_contains,train,"Dalam konteks ini, apakah teks yang mengandung kata-kata seperti: Ahok: mari berlomba program #DebatFinalPilkadaJKT, termasuk dalam kategori hatespeech?
- iya
- tidak",tidak
4311,id_hatespeech,id_hatespeech_nusantara_text,67209ca7-1b01-4357-9e1f-7139bc82a29c,hate_or_noHate_zs_opt_contains,train,"Dalam konteks ini, apakah teks yang mengandung kata-kata seperti: #DebatFinalPilkadaJKT aduh... Kecewa pertanyaan paslon 1...., termasuk dalam kategori hatespeech?
- iya
- tidak",tidak
4312,id_hatespeech,id_hatespeech_nusantara_text,67209ca7-1b01-4357-9e1f-7139bc82a29c,hate_or_noHate_zs_opt_contains,train,"Dalam konteks ini, apakah teks yang mengandung kata-kata seperti: RT @agusdansylvi: #DebatFinalPilkadaJKT Saya pilih nomor 1. Sektor informal akan dimajukan mas Agus dan Mpok Sylvi., termasuk dalam kategori hatespeech?
- iya
- tidak",tidak
4313,id_hatespeech,id_hatespeech_nusantara_text,67209ca7-1b01-4357-9e1f-7139bc82a29c,hate_or_noHate_zs_opt_contains,train,"Dalam konteks ini, apakah teks yang mengandung kata-kata seperti: RT @JTmor: Ahok pilihan terbaik untuk Jakarta, termasuk dalam kategori hatespeech?
- iya
- tidak",tidak
4314,id_hatespeech,id_hatespeech_nusantara_text,67209ca7-1b01-4357-9e1f-7139bc82a29c,hate_or_noHate_zs_opt_contains,train,"Dalam konteks ini, apakah teks yang mengandung kata-kata seperti: RT @augustfrankto: #DebatFinalPilkadaJKT Bu Silvy curhat karena pernah dimarahi sama Pak Ahok...hehe.., termasuk dalam kategori hatespeech?
- iya
- tidak",tidak
4315,id_hatespeech,id_hatespeech_nusantara_text,67209ca7-1b01-4357-9e1f-7139bc82a29c,hate_or_noHate_zs_opt_contains,train,"Dalam konteks ini, apakah teks yang mengandung kata-kata seperti: Mantap pak AHOK #DebatFinalPilkadaJKT, termasuk dalam kategori hatespeech?
- iya
- tidak",tidak
4316,id_hatespeech,id_hatespeech_nusantara_text,67209ca7-1b01-4357-9e1f-7139bc82a29c,hate_or_noHate_zs_opt_contains,train,"Dalam konteks ini, apakah teks yang mengandung kata-kata seperti: Ahok gagah kaya gatot kaca! #DebatFinalPilkadaJKT, termasuk dalam kategori hatespeech?
- iya
- tidak",tidak
4317,id_hatespeech,id_hatespeech_nusantara_text,67209ca7-1b01-4357-9e1f-7139bc82a29c,hate_or_noHate_zs_opt_contains,train,"Dalam konteks ini, apakah teks yang mengandung kata-kata seperti: Telaaaakkk nomer satuuuu. Nghahahaha #DebatFinalPilkadaJKT, termasuk dalam kategori hatespeech?
- iya
- tidak",tidak
4318,id_hatespeech,id_hatespeech_nusantara_text,67209ca7-1b01-4357-9e1f-7139bc82a29c,hate_or_noHate_zs_opt_contains,train,"Dalam konteks ini, apakah teks yang mengandung kata-kata seperti: Lomba adu program #DebatFinalPilkadaJKT #SkakSilvi, termasuk dalam kategori hatespeech?
- iya
- tidak",tidak
4319,id_hatespeech,id_hatespeech_nusantara_text,67209ca7-1b01-4357-9e1f-7139bc82a29c,hate_or_noHate_zs_opt_contains,train,"Dalam konteks ini, apakah teks yang mengandung kata-kata seperti: #DebatFinalPilkadaJKT Denger banyak program dan janji dan sering tau pas jadi ga dijalankan rasanya males aja sih., termasuk dalam kategori hatespeech?
- iya
- tidak",tidak
4320,id_hatespeech,id_hatespeech_nusantara_text,67209ca7-1b01-4357-9e1f-7139bc82a29c,hate_or_noHate_zs_opt_contains,train,"Dalam konteks ini, apakah teks yang mengandung kata-kata seperti: DEBAT CAGUB DKI ke 3 - 10 Februari 2017 - Segmen 3 Mantap Ahok SKAK Sylviana Murni\n\n#DebatFinalPilkadaJKT, termasuk dalam kategori hatespeech?
- iya
- tidak",tidak
4321,id_hatespeech,id_hatespeech_nusantara_text,67209ca7-1b01-4357-9e1f-7139bc82a29c,hate_or_noHate_zs_opt_contains,train,"Dalam konteks ini, apakah teks yang mengandung kata-kata seperti: Pertanyaan Ibu Silvy rada maksa.. #DebatFinalPilkadaJKT, termasuk dalam kategori hatespeech?
- iya
- tidak",tidak
4322,id_hatespeech,id_hatespeech_nusantara_text,67209ca7-1b01-4357-9e1f-7139bc82a29c,hate_or_noHate_zs_opt_contains,train,"Dalam konteks ini, apakah teks yang mengandung kata-kata seperti: Tanggal 15, pas pilkada nanti sy gak akan milih siapa-siapa ah!, termasuk dalam kategori hatespeech?
- iya
- tidak",tidak
4323,id_hatespeech,id_hatespeech_nusantara_text,67209ca7-1b01-4357-9e1f-7139bc82a29c,hate_or_noHate_zs_opt_contains,train,"Dalam konteks ini, apakah teks yang mengandung kata-kata seperti: Saya pribadi bakal prefer kok muslim dengan kapabilitas, tetapi lihat kondisinya Ahok menjadi pilihan plg realistis buat kemajuan DKI, termasuk dalam kategori hatespeech?
- iya
- tidak",tidak
4324,id_hatespeech,id_hatespeech_nusantara_text,67209ca7-1b01-4357-9e1f-7139bc82a29c,hate_or_noHate_zs_opt_contains,train,"Dalam konteks ini, apakah teks yang mengandung kata-kata seperti: Yang mendukung Mas Anies bukan berarti anti Pak Ahok, begitu Pula sebaliknya, termasuk dalam kategori hatespeech?
- iya
- tidak",tidak
4325,id_hatespeech,id_hatespeech_nusantara_text,67209ca7-1b01-4357-9e1f-7139bc82a29c,hate_or_noHate_zs_opt_contains,train,"Dalam konteks ini, apakah teks yang mengandung kata-kata seperti: Spanduk Tolak Salatkan Pembela Penista Agama juga Muncul di Kalibata https:\/\/t.co\/Sr1PbYtigN, termasuk dalam kategori hatespeech?
- iya
- tidak",tidak
4326,id_hatespeech,id_hatespeech_nusantara_text,67209ca7-1b01-4357-9e1f-7139bc82a29c,hate_or_noHate_zs_opt_contains,train,"Dalam konteks ini, apakah teks yang mengandung kata-kata seperti: #DebatFinalPilkadaJKT Telak banget anjir ngakak!, termasuk dalam kategori hatespeech?
- iya
- tidak",tidak
4327,id_hatespeech,id_hatespeech_nusantara_text,67209ca7-1b01-4357-9e1f-7139bc82a29c,hate_or_noHate_zs_opt_contains,train,"Dalam konteks ini, apakah teks yang mengandung kata-kata seperti: Ayo berlomba program jangan fitnah2 #DebatFinalPilkadaJKT, termasuk dalam kategori hatespeech?
- iya
- tidak",tidak
4328,id_hatespeech,id_hatespeech_nusantara_text,67209ca7-1b01-4357-9e1f-7139bc82a29c,hate_or_noHate_zs_opt_contains,train,"Dalam konteks ini, apakah teks yang mengandung kata-kata seperti: RT @deelestari: Akhirnya nggak ngantuk lagi! Yeay! #DebatFinalPilkadaJKT, termasuk dalam kategori hatespeech?
- iya
- tidak",tidak
4329,id_hatespeech,id_hatespeech_nusantara_text,67209ca7-1b01-4357-9e1f-7139bc82a29c,hate_or_noHate_zs_opt_contains,train,"Dalam konteks ini, apakah teks yang mengandung kata-kata seperti: Duh dibilang ga punya program paslon 1... kesian kesian kesian ... #debatfinalpilkadajkt, termasuk dalam kategori hatespeech?
- iya
- tidak",tidak
4330,id_hatespeech,id_hatespeech_nusantara_text,67209ca7-1b01-4357-9e1f-7139bc82a29c,hate_or_noHate_zs_opt_contains,train,"Dalam konteks ini, apakah teks yang mengandung kata-kata seperti: Tuntut Keadilan Bagi Penista Agama, Puluhan Jawara Betawi Ikuti Aksi 212 Jilid II https:\/\/t.co\/HWVuoZyYov, termasuk dalam kategori hatespeech?
- iya
- tidak",tidak
4331,id_hatespeech,id_hatespeech_nusantara_text,67209ca7-1b01-4357-9e1f-7139bc82a29c,hate_or_noHate_zs_opt_contains,train,"Dalam konteks ini, apakah teks yang mengandung kata-kata seperti: Keras nih ahok #DebatFinalPilkadaJKT, termasuk dalam kategori hatespeech?
- iya
- tidak",tidak
4332,id_hatespeech,id_hatespeech_nusantara_text,67209ca7-1b01-4357-9e1f-7139bc82a29c,hate_or_noHate_zs_opt_contains,train,"Dalam konteks ini, apakah teks yang mengandung kata-kata seperti: Paslon 3 Anies Sandiaga Uno 15 Feb 2017 Utk Jakarta Indonesia Raya OK OCE, termasuk dalam kategori hatespeech?
- iya
- tidak",tidak
4333,id_hatespeech,id_hatespeech_nusantara_text,67209ca7-1b01-4357-9e1f-7139bc82a29c,hate_or_noHate_zs_opt_contains,train,"Dalam konteks ini, apakah teks yang mengandung kata-kata seperti: Sesuai namanya: RONDE FINAL\n\n#DebatFinalPilkadaJKT, termasuk dalam kategori hatespeech?
- iya
- tidak",tidak
4334,id_hatespeech,id_hatespeech_nusantara_text,67209ca7-1b01-4357-9e1f-7139bc82a29c,hate_or_noHate_zs_opt_contains,train,"Dalam konteks ini, apakah teks yang mengandung kata-kata seperti: Mendagri Tambah Pusing, Ketika MA Emoh Keluarkan Fatwa Status Gubernur Penista Agama https:\/\/t.co\/J34aMQiMNi, termasuk dalam kategori hatespeech?
- iya
- tidak",tidak
4335,id_hatespeech,id_hatespeech_nusantara_text,67209ca7-1b01-4357-9e1f-7139bc82a29c,hate_or_noHate_zs_opt_contains,train,"Dalam konteks ini, apakah teks yang mengandung kata-kata seperti: Tolong adu program, termasuk dalam kategori hatespeech?
- iya
- tidak",tidak
4336,id_hatespeech,id_hatespeech_nusantara_text,67209ca7-1b01-4357-9e1f-7139bc82a29c,hate_or_noHate_zs_opt_contains,train,"Dalam konteks ini, apakah teks yang mengandung kata-kata seperti: Genderang perang makin kencang #DebatFinalPilkadaJKT, termasuk dalam kategori hatespeech?
- iya
- tidak",tidak
4337,id_hatespeech,id_hatespeech_nusantara_text,67209ca7-1b01-4357-9e1f-7139bc82a29c,hate_or_noHate_zs_opt_contains,train,"Dalam konteks ini, apakah teks yang mengandung kata-kata seperti: Mpok sylvi udah mulai emosi \ud83d\ude02\n #DebatFinalPilkadaJKT, termasuk dalam kategori hatespeech?
- iya
- tidak",tidak
4338,id_hatespeech,id_hatespeech_nusantara_text,67209ca7-1b01-4357-9e1f-7139bc82a29c,hate_or_noHate_zs_opt_contains,train,"Dalam konteks ini, apakah teks yang mengandung kata-kata seperti: Some people gabisa bedain kasar sama tegas. #DebatFinalPilkadaJKT, termasuk dalam kategori hatespeech?
- iya
- tidak",tidak
4339,id_hatespeech,id_hatespeech_nusantara_text,67209ca7-1b01-4357-9e1f-7139bc82a29c,hate_or_noHate_zs_opt_contains,train,"Dalam konteks ini, apakah teks yang mengandung kata-kata seperti: Beliau para pemimpin hebat Indonesia! Kita bangga https:\/\/t.co\/NAWbps9Xpt https:\/\/t.co\/5cC2U9AIEv, termasuk dalam kategori hatespeech?
- iya
- tidak",tidak
4340,id_hatespeech,id_hatespeech_nusantara_text,67209ca7-1b01-4357-9e1f-7139bc82a29c,hate_or_noHate_zs_opt_contains,train,"Dalam konteks ini, apakah teks yang mengandung kata-kata seperti: @InformasiDKI mungkin bu silvy jg pengen foto sama pak ahok hihihi #DebatFinalPilkadaJKT, termasuk dalam kategori hatespeech?
- iya
- tidak",tidak
4341,id_hatespeech,id_hatespeech_nusantara_text,67209ca7-1b01-4357-9e1f-7139bc82a29c,hate_or_noHate_zs_opt_contains,train,"Dalam konteks ini, apakah teks yang mengandung kata-kata seperti: #DebatFinalPilkadaJKT Mulai saling serang deh, termasuk dalam kategori hatespeech?
- iya
- tidak",tidak
4342,id_hatespeech,id_hatespeech_nusantara_text,67209ca7-1b01-4357-9e1f-7139bc82a29c,hate_or_noHate_zs_opt_contains,train,"Dalam konteks ini, apakah teks yang mengandung kata-kata seperti: RT @InaKinoy: baca ini dulu lah biar mendinginkan suasana #DebatFinalPilkadaJKT https:\/\/t.co\/Em9GCKc4qe, termasuk dalam kategori hatespeech?
- iya
- tidak",tidak
4343,id_hatespeech,id_hatespeech_nusantara_text,67209ca7-1b01-4357-9e1f-7139bc82a29c,hate_or_noHate_zs_opt_contains,train,"Dalam konteks ini, apakah teks yang mengandung kata-kata seperti: ayo berlomba program jgn pitnah doank.. #DebatFinalPilkadaJKT #BadjaPastimenang, termasuk dalam kategori hatespeech?
- iya
- tidak",tidak
4344,id_hatespeech,id_hatespeech_nusantara_text,67209ca7-1b01-4357-9e1f-7139bc82a29c,hate_or_noHate_zs_opt_contains,train,"Dalam konteks ini, apakah teks yang mengandung kata-kata seperti: RT @qronoz: Pokoknya kalo Ahok udah ngomong: Aduuuuuuh KELAR. #DebatFinalPilkadaJKT, termasuk dalam kategori hatespeech?
- iya
- tidak",tidak
4345,id_hatespeech,id_hatespeech_nusantara_text,67209ca7-1b01-4357-9e1f-7139bc82a29c,hate_or_noHate_zs_opt_contains,train,"Dalam konteks ini, apakah teks yang mengandung kata-kata seperti: Senjata makan tuan #DebatFinalPilkadaJKT #DebatFinalDKI, termasuk dalam kategori hatespeech?
- iya
- tidak",tidak
4346,id_hatespeech,id_hatespeech_nusantara_text,67209ca7-1b01-4357-9e1f-7139bc82a29c,hate_or_noHate_zs_opt_contains,train,"Dalam konteks ini, apakah teks yang mengandung kata-kata seperti: Ahok kekerasan verbal? Masa koruptor dielus2 #DebatFinalPilkadaJKT, termasuk dalam kategori hatespeech?
- iya
- tidak",tidak
4347,id_hatespeech,id_hatespeech_nusantara_text,67209ca7-1b01-4357-9e1f-7139bc82a29c,hate_or_noHate_zs_opt_contains,train,"Dalam konteks ini, apakah teks yang mengandung kata-kata seperti: RT @qronoz: Gak ada program yang mau diserang yang diserang karakternya. AHaY! \ud83d\ude02 #DebatFinalPilkadaJKT, termasuk dalam kategori hatespeech?
- iya
- tidak",tidak
4348,id_hatespeech,id_hatespeech_nusantara_text,67209ca7-1b01-4357-9e1f-7139bc82a29c,hate_or_noHate_zs_opt_contains,train,"Dalam konteks ini, apakah teks yang mengandung kata-kata seperti: Terkait Jakarta tak Ramah anak apa tanggapan Pak @aniesbaswedan https:\/\/t.co\/ufA55UWBcI, termasuk dalam kategori hatespeech?
- iya
- tidak",tidak
4349,id_hatespeech,id_hatespeech_nusantara_text,67209ca7-1b01-4357-9e1f-7139bc82a29c,hate_or_noHate_zs_opt_contains,train,"Dalam konteks ini, apakah teks yang mengandung kata-kata seperti: emang OK OCE anies dan sandi dalam mengatasi urbanisasi dan lapangan kerja #DebatFinalPilkadaJKT https:\/\/t.co\/BrCeCZSkux, termasuk dalam kategori hatespeech?
- iya
- tidak",tidak
4350,id_hatespeech,id_hatespeech_nusantara_text,67209ca7-1b01-4357-9e1f-7139bc82a29c,hate_or_noHate_zs_opt_contains,train,"Dalam konteks ini, apakah teks yang mengandung kata-kata seperti: Suporternya mulai kampungan paslon masih ngomong jg ...... #DebatFinalPilkadaJKT, termasuk dalam kategori hatespeech?
- iya
- tidak",tidak
4351,id_hatespeech,id_hatespeech_nusantara_text,67209ca7-1b01-4357-9e1f-7139bc82a29c,hate_or_noHate_zs_opt_contains,train,"Dalam konteks ini, apakah teks yang mengandung kata-kata seperti: Mulai seru ni #DebatFinalPilkadaJKT, termasuk dalam kategori hatespeech?
- iya
- tidak",tidak
4352,id_hatespeech,id_hatespeech_nusantara_text,67209ca7-1b01-4357-9e1f-7139bc82a29c,hate_or_noHate_zs_opt_contains,train,"Dalam konteks ini, apakah teks yang mengandung kata-kata seperti: #DebatFinalPilkadaJKT nangis nangis ketonjok lagi, termasuk dalam kategori hatespeech?
- iya
- tidak",tidak
4353,id_hatespeech,id_hatespeech_nusantara_text,67209ca7-1b01-4357-9e1f-7139bc82a29c,hate_or_noHate_zs_opt_contains,train,"Dalam konteks ini, apakah teks yang mengandung kata-kata seperti: RT @Kafyonaa: JADI DEBAT TERAKHIR NANTI MALAM PILIHANMU JATUH KE PASLON YANG MANA? #DebatFinalPilkadaJKT #Debat3PilkadaDKI, termasuk dalam kategori hatespeech?
- iya
- tidak",tidak
4354,id_hatespeech,id_hatespeech_nusantara_text,67209ca7-1b01-4357-9e1f-7139bc82a29c,hate_or_noHate_zs_opt_contains,train,"Dalam konteks ini, apakah teks yang mengandung kata-kata seperti: RT @magendajuang: Wkwkwk udah dah pilih Anies Sandi aja :) #DebatFinalPilkadaJKT https:\/\/t.co\/hMXhjyHBnJ, termasuk dalam kategori hatespeech?
- iya
- tidak",tidak
4355,id_hatespeech,id_hatespeech_nusantara_text,67209ca7-1b01-4357-9e1f-7139bc82a29c,hate_or_noHate_zs_opt_contains,train,"Dalam konteks ini, apakah teks yang mengandung kata-kata seperti: fitnah lebih kejam loh dari pembunuhan #DebatFinalPilkadaJKT, termasuk dalam kategori hatespeech?
- iya
- tidak",tidak
4356,id_hatespeech,id_hatespeech_nusantara_text,67209ca7-1b01-4357-9e1f-7139bc82a29c,hate_or_noHate_zs_opt_contains,train,"Dalam konteks ini, apakah teks yang mengandung kata-kata seperti: mari #debatsehat. jangan coba pakai #datasesat. #DebatFinalPilkadaJKT #DebatFinalDiKompasTV, termasuk dalam kategori hatespeech?
- iya
- tidak",tidak
4357,id_hatespeech,id_hatespeech_nusantara_text,67209ca7-1b01-4357-9e1f-7139bc82a29c,hate_or_noHate_zs_opt_contains,train,"Dalam konteks ini, apakah teks yang mengandung kata-kata seperti: RT @prastow: Apapun itu, keberanian Ahok membongkar mafia anggaran menjadi tonggak penting menuju APBD yg kredibel dan akuntabel., termasuk dalam kategori hatespeech?
- iya
- tidak",tidak
4358,id_hatespeech,id_hatespeech_nusantara_text,67209ca7-1b01-4357-9e1f-7139bc82a29c,hate_or_noHate_zs_opt_contains,train,"Dalam konteks ini, apakah teks yang mengandung kata-kata seperti: RT @SydSalesman: inilah wujud nasional-is-me dagangannya @pandji ... hebat! https:\/\/t.co\/0fYIG6c2xl, termasuk dalam kategori hatespeech?
- iya
- tidak",tidak
4359,id_hatespeech,id_hatespeech_nusantara_text,67209ca7-1b01-4357-9e1f-7139bc82a29c,hate_or_noHate_zs_opt_contains,train,"Dalam konteks ini, apakah teks yang mengandung kata-kata seperti: Pak dosen makin keliatan aslinya :(, termasuk dalam kategori hatespeech?
- iya
- tidak",tidak
4360,id_hatespeech,id_hatespeech_nusantara_text,67209ca7-1b01-4357-9e1f-7139bc82a29c,hate_or_noHate_zs_opt_contains,train,"Dalam konteks ini, apakah teks yang mengandung kata-kata seperti: RT @gabriellaanDini: Dulu di awal kampanye bukannya uda deklarasi anti SARA??? Tadinya gw pikir no.3 lebih mending dari no.1, termasuk dalam kategori hatespeech?
- iya
- tidak",tidak
4361,id_hatespeech,id_hatespeech_nusantara_text,67209ca7-1b01-4357-9e1f-7139bc82a29c,hate_or_noHate_zs_opt_contains,train,"Dalam konteks ini, apakah teks yang mengandung kata-kata seperti: #DebatFinalPilkadaJKT mateng mpok Silvy di bombardir Pak Ahok... jawaban cerdas Pak Ahok.., termasuk dalam kategori hatespeech?
- iya
- tidak",tidak
4362,id_hatespeech,id_hatespeech_nusantara_text,67209ca7-1b01-4357-9e1f-7139bc82a29c,hate_or_noHate_zs_opt_contains,train,"Dalam konteks ini, apakah teks yang mengandung kata-kata seperti: #DebatFinalPilkadaJKT mohon tenang, termasuk dalam kategori hatespeech?
- iya
- tidak",tidak
4363,id_hatespeech,id_hatespeech_nusantara_text,67209ca7-1b01-4357-9e1f-7139bc82a29c,hate_or_noHate_zs_opt_contains,train,"Dalam konteks ini, apakah teks yang mengandung kata-kata seperti: Yg no.1 nih ngomongin hal yg di luar program mulu ya. Ngga ada bhan ya bwt serang lawan.. Cape dehh! #DebatFinalDKI #DebatFinalPilkadaJKT, termasuk dalam kategori hatespeech?
- iya
- tidak",tidak
4364,id_hatespeech,id_hatespeech_nusantara_text,67209ca7-1b01-4357-9e1f-7139bc82a29c,hate_or_noHate_zs_opt_contains,train,"Dalam konteks ini, apakah teks yang mengandung kata-kata seperti: Cinta pak Ahok pokoknya #DebatFinalPilkadaJKT, termasuk dalam kategori hatespeech?
- iya
- tidak",tidak
4365,id_hatespeech,id_hatespeech_nusantara_text,67209ca7-1b01-4357-9e1f-7139bc82a29c,hate_or_noHate_zs_opt_contains,train,"Dalam konteks ini, apakah teks yang mengandung kata-kata seperti: #DebatFinalPilkadaJKT nggak cuma ibu2 yang pengen foto sama Ahok bapak2 juga lho, termasuk dalam kategori hatespeech?
- iya
- tidak",tidak
4366,id_hatespeech,id_hatespeech_nusantara_text,67209ca7-1b01-4357-9e1f-7139bc82a29c,hate_or_noHate_zs_opt_contains,train,"Dalam konteks ini, apakah teks yang mengandung kata-kata seperti: Mas Agus saya akui malam ini....rambut kamu bagus! #DebatFinalPilkadaJKT, termasuk dalam kategori hatespeech?
- iya
- tidak",tidak
4367,id_hatespeech,id_hatespeech_nusantara_text,67209ca7-1b01-4357-9e1f-7139bc82a29c,hate_or_noHate_zs_opt_contains,train,"Dalam konteks ini, apakah teks yang mengandung kata-kata seperti: RT @republikaonline: Ahok Janji Berani Tutup Tempat Hiburan Malam yang Jual Narkoba, termasuk dalam kategori hatespeech?
- iya
- tidak",tidak
4368,id_hatespeech,id_hatespeech_nusantara_text,67209ca7-1b01-4357-9e1f-7139bc82a29c,hate_or_noHate_zs_opt_contains,train,"Dalam konteks ini, apakah teks yang mengandung kata-kata seperti: Agus-Sylvi sisipkan bahasa jawa saat debat https:\/\/t.co\/fGTfXgaINx, termasuk dalam kategori hatespeech?
- iya
- tidak",tidak
4369,id_hatespeech,id_hatespeech_nusantara_text,67209ca7-1b01-4357-9e1f-7139bc82a29c,hate_or_noHate_zs_opt_contains,train,"Dalam konteks ini, apakah teks yang mengandung kata-kata seperti: RT @hariadhi: Ahok udah perhatikan penyandang disabilitas, jauuuh sebelum kandidat lain berjanji #NobarAhokDjarot #BadjaPastiJuara, termasuk dalam kategori hatespeech?
- iya
- tidak",tidak
4370,id_hatespeech,id_hatespeech_nusantara_text,67209ca7-1b01-4357-9e1f-7139bc82a29c,hate_or_noHate_zs_opt_contains,train,"Dalam konteks ini, apakah teks yang mengandung kata-kata seperti: Ahok keren!!! #DebatFinalPilkadaJKT, termasuk dalam kategori hatespeech?
- iya
- tidak",tidak
4371,id_hatespeech,id_hatespeech_nusantara_text,67209ca7-1b01-4357-9e1f-7139bc82a29c,hate_or_noHate_zs_opt_contains,train,"Dalam konteks ini, apakah teks yang mengandung kata-kata seperti: Gimana ya Tim Ahok kok makin disudutkan(?) Mungkin karena ini final kali y, termasuk dalam kategori hatespeech?
- iya
- tidak",tidak
4372,id_hatespeech,id_hatespeech_nusantara_text,67209ca7-1b01-4357-9e1f-7139bc82a29c,hate_or_noHate_zs_opt_contains,train,"Dalam konteks ini, apakah teks yang mengandung kata-kata seperti: Nih fakta buat yg asbun. #BadjaPastimenang #DebatFinalPilkadaJKT, termasuk dalam kategori hatespeech?
- iya
- tidak",tidak
4373,id_hatespeech,id_hatespeech_nusantara_text,67209ca7-1b01-4357-9e1f-7139bc82a29c,hate_or_noHate_zs_opt_contains,train,"Dalam konteks ini, apakah teks yang mengandung kata-kata seperti: Siap-siap meme CCTV. #DebatFinalPilkadaJKT #Debat3PilkadaDKI #DebatFinalDKI, termasuk dalam kategori hatespeech?
- iya
- tidak",tidak
4374,id_hatespeech,id_hatespeech_nusantara_text,67209ca7-1b01-4357-9e1f-7139bc82a29c,hate_or_noHate_zs_opt_contains,train,"Dalam konteks ini, apakah teks yang mengandung kata-kata seperti: Nyinyir tingkat nasional #DebatFinalPilkadaJKT, termasuk dalam kategori hatespeech?
- iya
- tidak",tidak
4375,id_hatespeech,id_hatespeech_nusantara_text,67209ca7-1b01-4357-9e1f-7139bc82a29c,hate_or_noHate_zs_opt_contains,train,"Dalam konteks ini, apakah teks yang mengandung kata-kata seperti: Drama bgt itu :(( #DebatFinalPilkadaJKT, termasuk dalam kategori hatespeech?
- iya
- tidak",tidak
4376,id_hatespeech,id_hatespeech_nusantara_text,67209ca7-1b01-4357-9e1f-7139bc82a29c,hate_or_noHate_zs_opt_contains,train,"Dalam konteks ini, apakah teks yang mengandung kata-kata seperti: Ini judulnya Debat atau nyerang paslon 2 ?????? #DebatFinalPilkadaJKT, termasuk dalam kategori hatespeech?
- iya
- tidak",tidak
4377,id_hatespeech,id_hatespeech_nusantara_text,67209ca7-1b01-4357-9e1f-7139bc82a29c,hate_or_noHate_zs_opt_contains,train,"Dalam konteks ini, apakah teks yang mengandung kata-kata seperti: Lha kok menyerang gitu ya #DebatFinalPilkadaJKT, termasuk dalam kategori hatespeech?
- iya
- tidak",tidak
4378,id_hatespeech,id_hatespeech_nusantara_text,67209ca7-1b01-4357-9e1f-7139bc82a29c,hate_or_noHate_zs_opt_contains,train,"Dalam konteks ini, apakah teks yang mengandung kata-kata seperti: Debat sama berantem beda tipis #DebatFinalPilkadaJKT, termasuk dalam kategori hatespeech?
- iya
- tidak",tidak
4379,id_hatespeech,id_hatespeech_nusantara_text,67209ca7-1b01-4357-9e1f-7139bc82a29c,hate_or_noHate_zs_opt_contains,train,"Dalam konteks ini, apakah teks yang mengandung kata-kata seperti: Orang tegas dibilang maki-maki orang -_- #DebatFinalPilkadaJKT, termasuk dalam kategori hatespeech?
- iya
- tidak",tidak
4380,id_hatespeech,id_hatespeech_nusantara_text,67209ca7-1b01-4357-9e1f-7139bc82a29c,hate_or_noHate_zs_opt_contains,train,"Dalam konteks ini, apakah teks yang mengandung kata-kata seperti: 1 atau 2 perempuan berbeda dengan kaum perempuan #DebatFinalPilkadaJK, termasuk dalam kategori hatespeech?
- iya
- tidak",tidak
4381,id_hatespeech,id_hatespeech_nusantara_text,67209ca7-1b01-4357-9e1f-7139bc82a29c,hate_or_noHate_zs_opt_contains,train,"Dalam konteks ini, apakah teks yang mengandung kata-kata seperti: mantap OK OCE anies sandi dalam mengatasi urbanisasi dan lapangan kerja, termasuk dalam kategori hatespeech?
- iya
- tidak",tidak
4382,id_hatespeech,id_hatespeech_nusantara_text,67209ca7-1b01-4357-9e1f-7139bc82a29c,hate_or_noHate_zs_opt_contains,train,"Dalam konteks ini, apakah teks yang mengandung kata-kata seperti: RT @WisnuDewobroto: Ga seru nih. selalu mengungkit masa lalu :). kekerasan Verbal semua pernah lakukan manusia biasa. #DebatFinalPilkadaJKT, termasuk dalam kategori hatespeech?
- iya
- tidak",tidak
4383,id_hatespeech,id_hatespeech_nusantara_text,67209ca7-1b01-4357-9e1f-7139bc82a29c,hate_or_noHate_zs_opt_contains,train,"Dalam konteks ini, apakah teks yang mengandung kata-kata seperti: satu perempuan bukan semua perempuan #DebatFinalPilkadaJKT, termasuk dalam kategori hatespeech?
- iya
- tidak",tidak
4384,id_hatespeech,id_hatespeech_nusantara_text,67209ca7-1b01-4357-9e1f-7139bc82a29c,hate_or_noHate_zs_opt_contains,train,"Dalam konteks ini, apakah teks yang mengandung kata-kata seperti: #DebatFinalPilkadaJKT Pertanyaan paslon 1 dpt dikategorikan sbg kekerasan dalam debat., termasuk dalam kategori hatespeech?
- iya
- tidak",tidak
4385,id_hatespeech,id_hatespeech_nusantara_text,67209ca7-1b01-4357-9e1f-7139bc82a29c,hate_or_noHate_zs_opt_contains,train,"Dalam konteks ini, apakah teks yang mengandung kata-kata seperti: @jokowi pak maafkan saya. Biarkan malam ini saja saya memposting ujaran kebencian. Hanya malam ini saja pak xoxo #DebatFinalPilkadaJKT, termasuk dalam kategori hatespeech?
- iya
- tidak",tidak
4386,id_hatespeech,id_hatespeech_nusantara_text,67209ca7-1b01-4357-9e1f-7139bc82a29c,hate_or_noHate_zs_opt_contains,train,"Dalam konteks ini, apakah teks yang mengandung kata-kata seperti: Semoga Allah memenangkan pak Anies-sandi https:\/\/t.co\/sns0rXRw3f, termasuk dalam kategori hatespeech?
- iya
- tidak",tidak
4387,id_hatespeech,id_hatespeech_nusantara_text,67209ca7-1b01-4357-9e1f-7139bc82a29c,hate_or_noHate_zs_opt_contains,train,"Dalam konteks ini, apakah teks yang mengandung kata-kata seperti: #DebatFinalPilkadaJKT non muslim coblos Ahok muslim coblos Djarot. Bagaimana?, termasuk dalam kategori hatespeech?
- iya
- tidak",tidak
4388,id_hatespeech,id_hatespeech_nusantara_text,67209ca7-1b01-4357-9e1f-7139bc82a29c,hate_or_noHate_zs_opt_contains,train,"Dalam konteks ini, apakah teks yang mengandung kata-kata seperti: #DebatFinalPilkadaJKT *pemimpin harus dapat ciptakan suasana damai tentram dan bukan adu domba atau hasutan, termasuk dalam kategori hatespeech?
- iya
- tidak",tidak
4389,id_hatespeech,id_hatespeech_nusantara_text,67209ca7-1b01-4357-9e1f-7139bc82a29c,hate_or_noHate_zs_opt_contains,train,"Dalam konteks ini, apakah teks yang mengandung kata-kata seperti: Saya bertanya kepada Bapak Presiden dan Kapolri OK OCE tuh apaan? #DebatFinalPilkadaJKT, termasuk dalam kategori hatespeech?
- iya
- tidak",tidak
4390,id_hatespeech,id_hatespeech_nusantara_text,67209ca7-1b01-4357-9e1f-7139bc82a29c,hate_or_noHate_zs_opt_contains,train,"Dalam konteks ini, apakah teks yang mengandung kata-kata seperti: Keliatan banget keberpihakan media #DebatFinalPilkadaJKT, termasuk dalam kategori hatespeech?
- iya
- tidak",tidak
4391,id_hatespeech,id_hatespeech_nusantara_text,67209ca7-1b01-4357-9e1f-7139bc82a29c,hate_or_noHate_zs_opt_contains,train,"Dalam konteks ini, apakah teks yang mengandung kata-kata seperti: RT @di_HatiKecil: Bagus nih ilustrasinya #DebatFinalPilkadaJKT https:\/\/t.co\/zAQLqrBiUF, termasuk dalam kategori hatespeech?
- iya
- tidak",tidak
4392,id_hatespeech,id_hatespeech_nusantara_text,67209ca7-1b01-4357-9e1f-7139bc82a29c,hate_or_noHate_zs_opt_contains,train,"Dalam konteks ini, apakah teks yang mengandung kata-kata seperti: RT @rezaoktovian: Ahok terlalu keren :'), termasuk dalam kategori hatespeech?
- iya
- tidak",tidak
4393,id_hatespeech,id_hatespeech_nusantara_text,67209ca7-1b01-4357-9e1f-7139bc82a29c,hate_or_noHate_zs_opt_contains,train,"Dalam konteks ini, apakah teks yang mengandung kata-kata seperti: isinya timeline twitter cm pilkada.. membosankan sekali.., termasuk dalam kategori hatespeech?
- iya
- tidak",tidak
4394,id_hatespeech,id_hatespeech_nusantara_text,67209ca7-1b01-4357-9e1f-7139bc82a29c,hate_or_noHate_zs_opt_contains,train,"Dalam konteks ini, apakah teks yang mengandung kata-kata seperti: Mohon tenang mohon tenang #DebatFinalPilkadaJKT, termasuk dalam kategori hatespeech?
- iya
- tidak",tidak
4395,id_hatespeech,id_hatespeech_nusantara_text,67209ca7-1b01-4357-9e1f-7139bc82a29c,hate_or_noHate_zs_opt_contains,train,"Dalam konteks ini, apakah teks yang mengandung kata-kata seperti: ah diulang. Jawabannya bisa beda kan? #DebatFinalPilkadaJKT, termasuk dalam kategori hatespeech?
- iya
- tidak",tidak
4396,id_hatespeech,id_hatespeech_nusantara_text,67209ca7-1b01-4357-9e1f-7139bc82a29c,hate_or_noHate_zs_opt_contains,train,"Dalam konteks ini, apakah teks yang mengandung kata-kata seperti: Perasaan bukan pertanyaan itu deh yg td dijawab om @aniesbaswedan audionya ga keluar atau ia ya? #DebatFinalPilkadaJKT, termasuk dalam kategori hatespeech?
- iya
- tidak",tidak
4397,id_hatespeech,id_hatespeech_nusantara_text,67209ca7-1b01-4357-9e1f-7139bc82a29c,hate_or_noHate_zs_opt_contains,train,"Dalam konteks ini, apakah teks yang mengandung kata-kata seperti: Boleh tinggal di pinggir kali meski bukan tanahnya boleh jualan di pinggir jalan, termasuk dalam kategori hatespeech?
- iya
- tidak",tidak
4398,id_hatespeech,id_hatespeech_nusantara_text,67209ca7-1b01-4357-9e1f-7139bc82a29c,hate_or_noHate_zs_opt_contains,train,"Dalam konteks ini, apakah teks yang mengandung kata-kata seperti: RT @rigenz123: Sehatkan Warga DKI Melalui #JakartaBerlari Barulah Pembangunan Dapat Sejahterakan Warganya. #DebatFinalPilkadaJKT, termasuk dalam kategori hatespeech?
- iya
- tidak",tidak
4399,id_hatespeech,id_hatespeech_nusantara_text,67209ca7-1b01-4357-9e1f-7139bc82a29c,hate_or_noHate_zs_opt_contains,train,"Dalam konteks ini, apakah teks yang mengandung kata-kata seperti: kalau kamu diputuskan pacar tanpa sebab mungkin program OKE OCE bisa jadi solusi nya #DebatFinalPilkadaJKT, termasuk dalam kategori hatespeech?
- iya
- tidak",tidak
4400,id_hatespeech,id_hatespeech_nusantara_text,67209ca7-1b01-4357-9e1f-7139bc82a29c,hate_or_noHate_zs_opt_contains,train,"Dalam konteks ini, apakah teks yang mengandung kata-kata seperti: Melibatkan yang paham pada bidangnya untuk duduk bersama memecahkan solusi. Cara kepemimpinan yg cerdas ! #DebatFinalPilkadaJKT, termasuk dalam kategori hatespeech?
- iya
- tidak",tidak
4401,id_hatespeech,id_hatespeech_nusantara_text,67209ca7-1b01-4357-9e1f-7139bc82a29c,hate_or_noHate_zs_opt_contains,train,"Dalam konteks ini, apakah teks yang mengandung kata-kata seperti: Justru laki-laki lah yang sering mengalami kekerasan verbal. Berapa kali dirimu dimarahi istrimu..? Ayo ngaku., termasuk dalam kategori hatespeech?
- iya
- tidak",tidak
4402,id_hatespeech,id_hatespeech_nusantara_text,67209ca7-1b01-4357-9e1f-7139bc82a29c,hate_or_noHate_zs_opt_contains,train,"Dalam konteks ini, apakah teks yang mengandung kata-kata seperti: RT @TirtoID: Soal gerakan-gerakan ala @aniesbaswedan #PeriksaData #DebatFinalPilkadaJKT, termasuk dalam kategori hatespeech?
- iya
- tidak",tidak
4403,id_hatespeech,id_hatespeech_nusantara_text,67209ca7-1b01-4357-9e1f-7139bc82a29c,hate_or_noHate_zs_opt_contains,train,"Dalam konteks ini, apakah teks yang mengandung kata-kata seperti: Mayoritas warga Jakarta ingin dipimpin Gubernur baru. Emang iya? #DebatFinalPilkadaJKT, termasuk dalam kategori hatespeech?
- iya
- tidak",tidak
4404,id_hatespeech,id_hatespeech_nusantara_text,67209ca7-1b01-4357-9e1f-7139bc82a29c,hate_or_noHate_zs_opt_contains,train,"Dalam konteks ini, apakah teks yang mengandung kata-kata seperti: Paslon 1 selalu nyerang paslon 2 ni #DebatFinalPilkadaJKT, termasuk dalam kategori hatespeech?
- iya
- tidak",tidak
4405,id_hatespeech,id_hatespeech_nusantara_text,67209ca7-1b01-4357-9e1f-7139bc82a29c,hate_or_noHate_zs_opt_contains,train,"Dalam konteks ini, apakah teks yang mengandung kata-kata seperti: RT @JktMajuBersama: Upaya Anies-Sandi untuk mendukung perempuan menjadi pelaku UKM :) #DebatFinalPilkadaJKT, termasuk dalam kategori hatespeech?
- iya
- tidak",tidak
4406,id_hatespeech,id_hatespeech_nusantara_text,67209ca7-1b01-4357-9e1f-7139bc82a29c,hate_or_noHate_zs_opt_contains,train,"Dalam konteks ini, apakah teks yang mengandung kata-kata seperti: Salah satu indikator meningkatnya kualitas hidup warga Jkt adl terus bisa tersenyum seperti Pak Djarot malam ini, termasuk dalam kategori hatespeech?
- iya
- tidak",tidak
4407,id_hatespeech,id_hatespeech_nusantara_text,67209ca7-1b01-4357-9e1f-7139bc82a29c,hate_or_noHate_zs_opt_contains,train,"Dalam konteks ini, apakah teks yang mengandung kata-kata seperti: Tontonan yg wajib ditunggu sehabis #DebatFinalPilkadaJKT, termasuk dalam kategori hatespeech?
- iya
- tidak",tidak
4408,id_hatespeech,id_hatespeech_nusantara_text,67209ca7-1b01-4357-9e1f-7139bc82a29c,hate_or_noHate_zs_opt_contains,train,"Dalam konteks ini, apakah teks yang mengandung kata-kata seperti: RT @ainouun: Pak Ahok : penyandang disabilitas bukan hanya mereka, suatu saat kita juga bisa jadi. #DebatFinalPilkadaJKT, termasuk dalam kategori hatespeech?
- iya
- tidak",tidak
4409,id_hatespeech,id_hatespeech_nusantara_text,67209ca7-1b01-4357-9e1f-7139bc82a29c,hate_or_noHate_zs_opt_contains,train,"Dalam konteks ini, apakah teks yang mengandung kata-kata seperti: RT @tribunjateng: Saat Jeda, Ahok dan Djarot Sapa Ganjar Pranowo dari Atas Panggung, termasuk dalam kategori hatespeech?
- iya
- tidak",tidak
4410,id_hatespeech,id_hatespeech_nusantara_text,67209ca7-1b01-4357-9e1f-7139bc82a29c,hate_or_noHate_zs_opt_contains,train,"Dalam konteks ini, apakah teks yang mengandung kata-kata seperti: @Boojaee sayang hyung cuma pencitraan :* wkwk, termasuk dalam kategori hatespeech?
- iya
- tidak",tidak
4411,id_hatespeech,id_hatespeech_nusantara_text,67209ca7-1b01-4357-9e1f-7139bc82a29c,hate_or_noHate_zs_opt_contains,train,"Dalam konteks ini, apakah teks yang mengandung kata-kata seperti: @kurawa Msh inget sm ibu penjual kue di balaikota, cm Pak Ahok yg tau klo si ibu sakit, ibu itu langsung diurus ke rs. Ini bukan pencitraan., termasuk dalam kategori hatespeech?
- iya
- tidak",tidak
4412,id_hatespeech,id_hatespeech_nusantara_text,67209ca7-1b01-4357-9e1f-7139bc82a29c,hate_or_noHate_zs_opt_contains,train,"Dalam konteks ini, apakah teks yang mengandung kata-kata seperti: Biar jajan naik sejuta https://t.co/veZ5PXxDfr, termasuk dalam kategori hatespeech?
- iya
- tidak",tidak
4413,id_hatespeech,id_hatespeech_nusantara_text,67209ca7-1b01-4357-9e1f-7139bc82a29c,hate_or_noHate_zs_opt_contains,train,"Dalam konteks ini, apakah teks yang mengandung kata-kata seperti: bio gw belum diganti astagfirullah rusak pencitraan cewe cantik, termasuk dalam kategori hatespeech?
- iya
- tidak",tidak
4414,id_hatespeech,id_hatespeech_nusantara_text,67209ca7-1b01-4357-9e1f-7139bc82a29c,hate_or_noHate_zs_opt_contains,train,"Dalam konteks ini, apakah teks yang mengandung kata-kata seperti: #MataNajwaDebatJakarta Ya ampun udh closing statement msh aja commentnya ky gitu ya, termasuk dalam kategori hatespeech?
- iya
- tidak",tidak
4415,id_hatespeech,id_hatespeech_nusantara_text,67209ca7-1b01-4357-9e1f-7139bc82a29c,hate_or_noHate_zs_opt_contains,train,"Dalam konteks ini, apakah teks yang mengandung kata-kata seperti: Hah uda closing statement?? Cepet bener?? #DebatFinalPilkadaJKT, termasuk dalam kategori hatespeech?
- iya
- tidak",tidak
4416,id_hatespeech,id_hatespeech_nusantara_text,67209ca7-1b01-4357-9e1f-7139bc82a29c,hate_or_noHate_zs_opt_contains,train,"Dalam konteks ini, apakah teks yang mengandung kata-kata seperti: RT @digembok: #DebatFinalPilkadaJKT kali ini keren.Biasanya ada sesi tanya-jawab Kali ini ada SESI CURHAT, termasuk dalam kategori hatespeech?
- iya
- tidak",tidak
4417,id_hatespeech,id_hatespeech_nusantara_text,67209ca7-1b01-4357-9e1f-7139bc82a29c,hate_or_noHate_zs_opt_contains,train,"Dalam konteks ini, apakah teks yang mengandung kata-kata seperti: Ketiga paslon gagal menjawab pertanyaan yang jawabannya harus memuji kebaikan paslon lain, termasuk dalam kategori hatespeech?
- iya
- tidak",tidak
4418,id_hatespeech,id_hatespeech_nusantara_text,67209ca7-1b01-4357-9e1f-7139bc82a29c,hate_or_noHate_zs_opt_contains,train,"Dalam konteks ini, apakah teks yang mengandung kata-kata seperti: Mari berjuang bersama SBYudhoyono utk memenangkan #SaduddinDhani di #PilkadaKabBekasi2017 #BekasiSAH #BekasiBerjaya, termasuk dalam kategori hatespeech?
- iya
- tidak",tidak
4419,id_hatespeech,id_hatespeech_nusantara_text,67209ca7-1b01-4357-9e1f-7139bc82a29c,hate_or_noHate_zs_opt_contains,train,"Dalam konteks ini, apakah teks yang mengandung kata-kata seperti: Jikapun aparatur bisa dibeli, kyai dan santri oplosan dibeli. Masih ada yng ASLI, siap MELAWAN KETIDAKADILAN https://t.co/riloAH9gAd, termasuk dalam kategori hatespeech?
- iya
- tidak",tidak
4420,id_hatespeech,id_hatespeech_nusantara_text,67209ca7-1b01-4357-9e1f-7139bc82a29c,hate_or_noHate_zs_opt_contains,train,"Dalam konteks ini, apakah teks yang mengandung kata-kata seperti: Pasangan mana yang unggul dalam debat kandidat Gubernur-Wagub DKI Jakarta Malam Ini?, termasuk dalam kategori hatespeech?
- iya
- tidak",tidak
4421,id_hatespeech,id_hatespeech_nusantara_text,67209ca7-1b01-4357-9e1f-7139bc82a29c,hate_or_noHate_zs_opt_contains,train,"Dalam konteks ini, apakah teks yang mengandung kata-kata seperti: Keberagaman itu datang dr hati terdalam, bukan dr pencitraan #Tetap3 #JKTBeragam, termasuk dalam kategori hatespeech?
- iya
- tidak",tidak
4422,id_hatespeech,id_hatespeech_nusantara_text,67209ca7-1b01-4357-9e1f-7139bc82a29c,hate_or_noHate_zs_opt_contains,train,"Dalam konteks ini, apakah teks yang mengandung kata-kata seperti: Membangun bangsa dan negara ini engga cukup dengan metoda pencitraan saja ,tanpa teruji lewat rekam jejak dan integritas tokohnya, termasuk dalam kategori hatespeech?
- iya
- tidak",tidak
4423,id_hatespeech,id_hatespeech_nusantara_text,67209ca7-1b01-4357-9e1f-7139bc82a29c,hate_or_noHate_zs_opt_contains,train,"Dalam konteks ini, apakah teks yang mengandung kata-kata seperti: RT @adelladellaide: Bersikap baik dan menjaga prilaku di depan umum bukan berarti pencitraan, bukan pula ""menjadi orang lain""., termasuk dalam kategori hatespeech?
- iya
- tidak",tidak
4424,id_hatespeech,id_hatespeech_nusantara_text,67209ca7-1b01-4357-9e1f-7139bc82a29c,hate_or_noHate_zs_opt_contains,train,"Dalam konteks ini, apakah teks yang mengandung kata-kata seperti: RT @FiersaBesari: Saat jujur, ada yg curiga. Saat berbuat baik, ada yg menuduh pencitraan. Saat bahagia, ada yg iri. Abaikan., termasuk dalam kategori hatespeech?
- iya
- tidak",tidak
4425,id_hatespeech,id_hatespeech_nusantara_text,67209ca7-1b01-4357-9e1f-7139bc82a29c,hate_or_noHate_zs_opt_contains,train,"Dalam konteks ini, apakah teks yang mengandung kata-kata seperti: Umat Islam yg peduli agama mrk, tentu tdk akan tergoda dg trik2 konyol seperti ini, InshaAllah umat Islam sdh sadar https://t.co/PFH1MPsKFO, termasuk dalam kategori hatespeech?
- iya
- tidak",tidak
4426,id_hatespeech,id_hatespeech_nusantara_text,67209ca7-1b01-4357-9e1f-7139bc82a29c,hate_or_noHate_zs_opt_contains,train,"Dalam konteks ini, apakah teks yang mengandung kata-kata seperti: #AniesIntoleran \nAnies Baswedan, tak lagi memiliki integritas dan kredibilitas sebagai seorang pemimpin. https://t.co/rv053Gt4j8, termasuk dalam kategori hatespeech?
- iya
- tidak",tidak
4427,id_hatespeech,id_hatespeech_nusantara_text,67209ca7-1b01-4357-9e1f-7139bc82a29c,hate_or_noHate_zs_opt_contains,train,"Dalam konteks ini, apakah teks yang mengandung kata-kata seperti: @agusriyadi12345 Apakah perlu semua berita ahok harus menggunakan penista agama. Misalnya Penista agama sedang kampanye di Jakarta pusat., termasuk dalam kategori hatespeech?
- iya
- tidak",tidak
4428,id_hatespeech,id_hatespeech_nusantara_text,67209ca7-1b01-4357-9e1f-7139bc82a29c,hate_or_noHate_zs_opt_contains,train,"Dalam konteks ini, apakah teks yang mengandung kata-kata seperti: @agusriyadi12345 Apakah tidak sadis, jika semua berita tentang ahok, judulnya diawali degan Terdakwa penista agama bukan menggunakan nama?, termasuk dalam kategori hatespeech?
- iya
- tidak",tidak
4429,id_hatespeech,id_hatespeech_nusantara_text,67209ca7-1b01-4357-9e1f-7139bc82a29c,hate_or_noHate_zs_opt_contains,train,"Dalam konteks ini, apakah teks yang mengandung kata-kata seperti: @Altefalken kemarin kan ada berita tentang penyakit mengingitis dari Babi, mksd gw apa nyambungnya sama ahok?, termasuk dalam kategori hatespeech?
- iya
- tidak",tidak
4430,id_hatespeech,id_hatespeech_nusantara_text,67209ca7-1b01-4357-9e1f-7139bc82a29c,hate_or_noHate_zs_opt_contains,train,"Dalam konteks ini, apakah teks yang mengandung kata-kata seperti: @ISejunnie @AHMADDHANIPRAST artis korea bisa world tour ahmad dhani bisa ?, termasuk dalam kategori hatespeech?
- iya
- tidak",tidak
4431,id_hatespeech,id_hatespeech_nusantara_text,67209ca7-1b01-4357-9e1f-7139bc82a29c,hate_or_noHate_zs_opt_contains,train,"Dalam konteks ini, apakah teks yang mengandung kata-kata seperti: @HaqueMarissa ,, ahok di jakarta , daging babi di bali apa hubungan nya ya??, termasuk dalam kategori hatespeech?
- iya
- tidak",tidak
4432,id_hatespeech,id_hatespeech_nusantara_text,67209ca7-1b01-4357-9e1f-7139bc82a29c,hate_or_noHate_zs_opt_contains,train,"Dalam konteks ini, apakah teks yang mengandung kata-kata seperti: Ahmad Dhani Bangkrut Ditagih Utang Melalui Video, Mantan Istrinya Jadi Janda Kaya Raya: Hampir setahun berlalu, https://t.co/22InRwRR26, termasuk dalam kategori hatespeech?
- iya
- tidak",tidak
4433,id_hatespeech,id_hatespeech_nusantara_text,67209ca7-1b01-4357-9e1f-7139bc82a29c,hate_or_noHate_zs_opt_contains,train,"Dalam konteks ini, apakah teks yang mengandung kata-kata seperti: Ahmad Dhani Sentil AHOK, eh Sandiaga Uno cengar cengir.!: https://t.co/vhDAAa3ShI melalui @YouTube, termasuk dalam kategori hatespeech?
- iya
- tidak",tidak
4434,id_hatespeech,id_hatespeech_nusantara_text,67209ca7-1b01-4357-9e1f-7139bc82a29c,hate_or_noHate_zs_opt_contains,train,"Dalam konteks ini, apakah teks yang mengandung kata-kata seperti: Hehhee.. Makanya jangan mengagumi sesorng berlebihan.. Kecuali kepada Rasulullah.. https://t.co/ZXVB2DiRMg, termasuk dalam kategori hatespeech?
- iya
- tidak",tidak
4435,id_hatespeech,id_hatespeech_nusantara_text,67209ca7-1b01-4357-9e1f-7139bc82a29c,hate_or_noHate_zs_opt_contains,train,"Dalam konteks ini, apakah teks yang mengandung kata-kata seperti: #MataNajwaDebatJakarta acara uda abis menurut kalian debat sapa yang betul-betul memaparkan prog dan solusi?, termasuk dalam kategori hatespeech?
- iya
- tidak",tidak
4436,id_hatespeech,id_hatespeech_nusantara_text,67209ca7-1b01-4357-9e1f-7139bc82a29c,hate_or_noHate_zs_opt_contains,train,"Dalam konteks ini, apakah teks yang mengandung kata-kata seperti: Mereka (koruptor) meletakkan kitab suci ditempat paling rendah...tapi masih sok jadi pemilik kapling surga... https://t.co/oj5YN3WBeI, termasuk dalam kategori hatespeech?
- iya
- tidak",tidak
4437,id_hatespeech,id_hatespeech_nusantara_text,67209ca7-1b01-4357-9e1f-7139bc82a29c,hate_or_noHate_zs_opt_contains,train,"Dalam konteks ini, apakah teks yang mengandung kata-kata seperti: RT @99Ohhani: Woww dukungan Rakyat Palestina ke Ahok yg dituduhSbg penista Agama ?? mrk Mengelu2kan Ahok !!!Ahok is The Best https://t.co/, termasuk dalam kategori hatespeech?
- iya
- tidak",tidak
4438,id_hatespeech,id_hatespeech_nusantara_text,67209ca7-1b01-4357-9e1f-7139bc82a29c,hate_or_noHate_zs_opt_contains,train,"Dalam konteks ini, apakah teks yang mengandung kata-kata seperti: Pencitraan di socmed itu boleh-boleh aja. Tapi harus bisa tanggung jawab sama citra yang udh dibikin. Jangan sampe jadi malu-maluin. Kasian., termasuk dalam kategori hatespeech?
- iya
- tidak",tidak
4439,id_hatespeech,id_hatespeech_nusantara_text,67209ca7-1b01-4357-9e1f-7139bc82a29c,hate_or_noHate_zs_opt_contains,train,"Dalam konteks ini, apakah teks yang mengandung kata-kata seperti: RT @kompascom: Kasus Kicauan Ahmad Dhani Dilimpahkan ke Polres Metro Jakarta Selatan. https://t.co/uJ0m7JernN, termasuk dalam kategori hatespeech?
- iya
- tidak",tidak
4440,id_hatespeech,id_hatespeech_nusantara_text,67209ca7-1b01-4357-9e1f-7139bc82a29c,hate_or_noHate_zs_opt_contains,train,"Dalam konteks ini, apakah teks yang mengandung kata-kata seperti: RT @kv_kahfi: Komplit bgt yaaaa..... Heran nya msh aja yg percaya dan idolain dia https://t.co/PNTYRAnaJO, termasuk dalam kategori hatespeech?
- iya
- tidak",tidak
4441,id_hatespeech,id_hatespeech_nusantara_text,67209ca7-1b01-4357-9e1f-7139bc82a29c,hate_or_noHate_zs_opt_contains,train,"Dalam konteks ini, apakah teks yang mengandung kata-kata seperti: RT @m0th3rb04rd__: bagaimana keadilan bisa tercipta jika si penista agama belum di vonis penjara\n #BerjamaahTolakReklamasi, termasuk dalam kategori hatespeech?
- iya
- tidak",tidak
4442,id_hatespeech,id_hatespeech_nusantara_text,67209ca7-1b01-4357-9e1f-7139bc82a29c,hate_or_noHate_zs_opt_contains,train,"Dalam konteks ini, apakah teks yang mengandung kata-kata seperti: RT @TeddyGusnaidi: Bro.. Kalau yg dimaksud Fatwa Penista agama, MUI gak pernah mengeluarkan Fatwa. https://t.co/x9uXhqJKCa, termasuk dalam kategori hatespeech?
- iya
- tidak",tidak
4443,id_hatespeech,id_hatespeech_nusantara_text,67209ca7-1b01-4357-9e1f-7139bc82a29c,hate_or_noHate_zs_opt_contains,train,"Dalam konteks ini, apakah teks yang mengandung kata-kata seperti: RT @TeddyGusnaidi: Sidang hari ini makin menguatkan bahwa Ahok bukan penista agama.. Ada yang bisa bantah?? \nhttps://t.co/2Ksj4snR1t, termasuk dalam kategori hatespeech?
- iya
- tidak",tidak
4444,id_hatespeech,id_hatespeech_nusantara_text,67209ca7-1b01-4357-9e1f-7139bc82a29c,hate_or_noHate_zs_opt_contains,train,"Dalam konteks ini, apakah teks yang mengandung kata-kata seperti: Sebut Ahok Bukan Akademisi, Ahmad Dhani: Secara Intelektual, Lebih Intelek Bang Anies https://t.co/YrzfmMV1LG, termasuk dalam kategori hatespeech?
- iya
- tidak",tidak
4445,id_hatespeech,id_hatespeech_nusantara_text,67209ca7-1b01-4357-9e1f-7139bc82a29c,hate_or_noHate_zs_opt_contains,train,"Dalam konteks ini, apakah teks yang mengandung kata-kata seperti: Yg melakukan Penista Agama sesungguhnya, agama yg suci digunakan alat untuk mengejar jabatan (kekuasaan) https://t.co/hKvZIpm8ZS, termasuk dalam kategori hatespeech?
- iya
- tidak",tidak
4446,id_hatespeech,id_hatespeech_nusantara_text,67209ca7-1b01-4357-9e1f-7139bc82a29c,hate_or_noHate_zs_opt_contains,train,"Dalam konteks ini, apakah teks yang mengandung kata-kata seperti: Kalah di Pilkada Bekasi, Ahmad Dhani Jadi Juru Kampanye Pasangan Anies-Sandi https://t.co/oIZpN8hYnd #NenengYes https://t.co/FGOhKhXWxt, termasuk dalam kategori hatespeech?
- iya
- tidak",tidak
4447,id_hatespeech,id_hatespeech_nusantara_text,67209ca7-1b01-4357-9e1f-7139bc82a29c,hate_or_noHate_zs_opt_contains,train,"Dalam konteks ini, apakah teks yang mengandung kata-kata seperti: #MataNajwaDebatJakarta Bravo closing statement Anies malam ini.kalau nggak ada debat saya nggak mungkin nonton mata najwa sdh lama tdk suka., termasuk dalam kategori hatespeech?
- iya
- tidak",tidak
4448,id_hatespeech,id_hatespeech_nusantara_text,67209ca7-1b01-4357-9e1f-7139bc82a29c,hate_or_noHate_zs_opt_contains,train,"Dalam konteks ini, apakah teks yang mengandung kata-kata seperti: #MataNajwaDebatJakarta jawaban terakhir Anis jadi bikin ingat jawaban dia pas debat kemarin, ""jawaban anda menarik tapi tidak nyambung"", termasuk dalam kategori hatespeech?
- iya
- tidak",tidak
4449,id_hatespeech,id_hatespeech_nusantara_text,67209ca7-1b01-4357-9e1f-7139bc82a29c,hate_or_noHate_zs_opt_contains,train,"Dalam konteks ini, apakah teks yang mengandung kata-kata seperti: #MataNajwaDebatJakarta buzzer ahok lagi kerja keras nih,.ayo kerja2 tar gajian ga turun, termasuk dalam kategori hatespeech?
- iya
- tidak",tidak
4450,id_hatespeech,id_hatespeech_nusantara_text,67209ca7-1b01-4357-9e1f-7139bc82a29c,hate_or_noHate_zs_opt_contains,train,"Dalam konteks ini, apakah teks yang mengandung kata-kata seperti: #MataNajwaDebatJakarta kerendahan hati dan lawan kerendahan hati kelihatan banget.., termasuk dalam kategori hatespeech?
- iya
- tidak",tidak
4451,id_hatespeech,id_hatespeech_nusantara_text,67209ca7-1b01-4357-9e1f-7139bc82a29c,hate_or_noHate_zs_opt_contains,train,"Dalam konteks ini, apakah teks yang mengandung kata-kata seperti: #MataNajwaDebatJakarta kok gaya pak @aniesbaswedan kayak SBY ya?, termasuk dalam kategori hatespeech?
- iya
- tidak",tidak
4452,id_hatespeech,id_hatespeech_nusantara_text,67209ca7-1b01-4357-9e1f-7139bc82a29c,hate_or_noHate_zs_opt_contains,train,"Dalam konteks ini, apakah teks yang mengandung kata-kata seperti: #MataNajwaDebatJakarta kenyataannya si anis nyaman bgt dgn isu sara kok , kan nguntungin anis , pura2 sok bijak pdhl menikmati isu sara ,, termasuk dalam kategori hatespeech?
- iya
- tidak",tidak
4453,id_hatespeech,id_hatespeech_nusantara_text,67209ca7-1b01-4357-9e1f-7139bc82a29c,hate_or_noHate_zs_opt_contains,train,"Dalam konteks ini, apakah teks yang mengandung kata-kata seperti: #MataNajwaDebatJakarta nyesel liat debat tidak bermutu cuma bisa mencela.., termasuk dalam kategori hatespeech?
- iya
- tidak",tidak
4454,id_hatespeech,id_hatespeech_nusantara_text,67209ca7-1b01-4357-9e1f-7139bc82a29c,hate_or_noHate_zs_opt_contains,train,"Dalam konteks ini, apakah teks yang mengandung kata-kata seperti: #MataNajwaDebatJakarta.kesimpulan: Saya tdk rela punya Gub seorg Anies dan sy percaya Ahok akan menang. Salam 2 jari., termasuk dalam kategori hatespeech?
- iya
- tidak",tidak
4455,id_hatespeech,id_hatespeech_nusantara_text,67209ca7-1b01-4357-9e1f-7139bc82a29c,hate_or_noHate_zs_opt_contains,train,"Dalam konteks ini, apakah teks yang mengandung kata-kata seperti: @ibnusungeb ahoker panas dingin ahok kalah debat Sama Anis. #MataNajwaDebatJakarta, termasuk dalam kategori hatespeech?
- iya
- tidak",tidak
4456,id_hatespeech,id_hatespeech_nusantara_text,67209ca7-1b01-4357-9e1f-7139bc82a29c,hate_or_noHate_zs_opt_contains,train,"Dalam konteks ini, apakah teks yang mengandung kata-kata seperti: Ada yg tahu ga backsound penutup mata najwa ini siapa musisinya dan apa judulnya? #MataNajwaDebatJakarta, termasuk dalam kategori hatespeech?
- iya
- tidak",tidak
4457,id_hatespeech,id_hatespeech_nusantara_text,67209ca7-1b01-4357-9e1f-7139bc82a29c,hate_or_noHate_zs_opt_contains,train,"Dalam konteks ini, apakah teks yang mengandung kata-kata seperti: #MataNajwaDebatJakarta p ahok apapun hanya Utk rakyat, p anies tkt dicurangi... Ngerti bedanya.., termasuk dalam kategori hatespeech?
- iya
- tidak",tidak
4458,id_hatespeech,id_hatespeech_nusantara_text,67209ca7-1b01-4357-9e1f-7139bc82a29c,hate_or_noHate_zs_opt_contains,train,"Dalam konteks ini, apakah teks yang mengandung kata-kata seperti: @MataNajwa mantapppp Mata Najwa diskusi lebih hidup dan mendidik,,, jauh berkualitas di banding debat yg selenggarakan KPU, termasuk dalam kategori hatespeech?
- iya
- tidak",tidak
4459,id_hatespeech,id_hatespeech_nusantara_text,67209ca7-1b01-4357-9e1f-7139bc82a29c,hate_or_noHate_zs_opt_contains,train,"Dalam konteks ini, apakah teks yang mengandung kata-kata seperti: @MataNajwa mbak najwa..ayo ""ketengah"" lagi sedikit..jgn terlihat ke kiri, dgn meminta terus pak anies cpt2 menyelesaikan kalimat2nya.., termasuk dalam kategori hatespeech?
- iya
- tidak",tidak
4460,id_hatespeech,id_hatespeech_nusantara_text,67209ca7-1b01-4357-9e1f-7139bc82a29c,hate_or_noHate_zs_opt_contains,train,"Dalam konteks ini, apakah teks yang mengandung kata-kata seperti: Dan soal soal ribut-ribut pribumi vs non pribumi yang ramai di beranda saya itu, sebenarnya maksudnya apa? ikut..., termasuk dalam kategori hatespeech?
- iya
- tidak",tidak
4461,id_hatespeech,id_hatespeech_nusantara_text,67209ca7-1b01-4357-9e1f-7139bc82a29c,hate_or_noHate_zs_opt_contains,train,"Dalam konteks ini, apakah teks yang mengandung kata-kata seperti: Sedih liat pak anies saat ini, tokoh yang dulu saya kagumi kenapa jadi seperti ini ;') #MataNajwaDebatJakarta, termasuk dalam kategori hatespeech?
- iya
- tidak",tidak
4462,id_hatespeech,id_hatespeech_nusantara_text,67209ca7-1b01-4357-9e1f-7139bc82a29c,hate_or_noHate_zs_opt_contains,train,"Dalam konteks ini, apakah teks yang mengandung kata-kata seperti: Awal sp akhir @aniesbaswedan bisanya cm serang pribadi @basuki_btp gak ada program yg perlu dibanggakan #MataNajwaDebatJakarta, termasuk dalam kategori hatespeech?
- iya
- tidak",tidak
4463,id_hatespeech,id_hatespeech_nusantara_text,67209ca7-1b01-4357-9e1f-7139bc82a29c,hate_or_noHate_zs_opt_contains,train,"Dalam konteks ini, apakah teks yang mengandung kata-kata seperti: Gimana nih om @pandji pasti ikut gedeg juga kan dengerin retorika ga ada wawasan. Tapi gimana udah terlanjur ya. #matanajwadebatjakarta, termasuk dalam kategori hatespeech?
- iya
- tidak",tidak
4464,id_hatespeech,id_hatespeech_nusantara_text,67209ca7-1b01-4357-9e1f-7139bc82a29c,hate_or_noHate_zs_opt_contains,train,"Dalam konteks ini, apakah teks yang mengandung kata-kata seperti: Haduhhhh Pak Anies.. Terus pendukung anda yang didatengin ke Jakarta itu dari mana pak? Dari luar jakarta kan #MataNajwaDebatJakarta, termasuk dalam kategori hatespeech?
- iya
- tidak",tidak
4465,id_hatespeech,id_hatespeech_nusantara_text,67209ca7-1b01-4357-9e1f-7139bc82a29c,hate_or_noHate_zs_opt_contains,train,"Dalam konteks ini, apakah teks yang mengandung kata-kata seperti: Haha anies pendemo2 dr jawa barat kok ga ngomen. Takut kalah ya haha #MataNajwaDebatJakarta, termasuk dalam kategori hatespeech?
- iya
- tidak",tidak
4466,id_hatespeech,id_hatespeech_nusantara_text,67209ca7-1b01-4357-9e1f-7139bc82a29c,hate_or_noHate_zs_opt_contains,train,"Dalam konteks ini, apakah teks yang mengandung kata-kata seperti: #MataNajwaDebatJakarta pak uno habis 62M istrinya ga marah ya pak? Saya mo beli sepatu 300rb aja istri saya marah2 pak, termasuk dalam kategori hatespeech?
- iya
- tidak",tidak
4467,id_hatespeech,id_hatespeech_nusantara_text,67209ca7-1b01-4357-9e1f-7139bc82a29c,hate_or_noHate_zs_opt_contains,train,"Dalam konteks ini, apakah teks yang mengandung kata-kata seperti: #MataNajwaDebatJakarta jangan suka menyerang, ini bukan perang,. mengapa ingin ibadah harus menyerang orang.., termasuk dalam kategori hatespeech?
- iya
- tidak",tidak
4468,id_hatespeech,id_hatespeech_nusantara_text,67209ca7-1b01-4357-9e1f-7139bc82a29c,hate_or_noHate_zs_opt_contains,train,"Dalam konteks ini, apakah teks yang mengandung kata-kata seperti: #MataNajwaDebatJakarta Paslon 3 serang terus dengan membawa2 hal2 yg biasa menyerang, tp Paslon 2 tenang menjawabnya, termasuk dalam kategori hatespeech?
- iya
- tidak",tidak
4469,id_hatespeech,id_hatespeech_nusantara_text,67209ca7-1b01-4357-9e1f-7139bc82a29c,hate_or_noHate_zs_opt_contains,train,"Dalam konteks ini, apakah teks yang mengandung kata-kata seperti: Aahhh akuh sedih, akuh org depok ternyata ngga boleh ke jakarta pak mANIES jahattttt #MataNajwaDebatJakarta, termasuk dalam kategori hatespeech?
- iya
- tidak",tidak
4470,id_hatespeech,id_hatespeech_nusantara_text,67209ca7-1b01-4357-9e1f-7139bc82a29c,hate_or_noHate_zs_opt_contains,train,"Dalam konteks ini, apakah teks yang mengandung kata-kata seperti: #MataNajwaDebatJakarta saludd utk mata najwa, berbobot sekali perdebatan malam ini.., termasuk dalam kategori hatespeech?
- iya
- tidak",tidak
4471,id_hatespeech,id_hatespeech_nusantara_text,67209ca7-1b01-4357-9e1f-7139bc82a29c,hate_or_noHate_zs_opt_contains,train,"Dalam konteks ini, apakah teks yang mengandung kata-kata seperti: Jadilah orang yang bertanggung jawab atas segala tindakan anda. dengan demikian anda akan menuai hal yang positif. #SidangAhok, termasuk dalam kategori hatespeech?
- iya
- tidak",tidak
4472,id_hatespeech,id_hatespeech_nusantara_text,67209ca7-1b01-4357-9e1f-7139bc82a29c,hate_or_noHate_zs_opt_contains,train,"Dalam konteks ini, apakah teks yang mengandung kata-kata seperti: Menurut Anda, apakah #SidangAhok Dugaan Penistaan Agama dgn Terdakwa @basuki_btp murni isyu Pilkada DKI Jakarta atau murni demi Islam???, termasuk dalam kategori hatespeech?
- iya
- tidak",tidak
4473,id_hatespeech,id_hatespeech_nusantara_text,67209ca7-1b01-4357-9e1f-7139bc82a29c,hate_or_noHate_zs_opt_contains,train,"Dalam konteks ini, apakah teks yang mengandung kata-kata seperti: Semua kejujuran akan mendapatkan pahala dari surga. Sabar ya Pak Basuki #FreeAhok https://t.co/NlgbEcj4Jc, termasuk dalam kategori hatespeech?
- iya
- tidak",tidak
4474,id_hatespeech,id_hatespeech_nusantara_text,67209ca7-1b01-4357-9e1f-7139bc82a29c,hate_or_noHate_zs_opt_contains,train,"Dalam konteks ini, apakah teks yang mengandung kata-kata seperti: Jadilah orang yang bertanggung jawab atas segala tindakan anda. dengan demikian anda akan menuai hal yang positif. #SidangAhok, termasuk dalam kategori hatespeech?
- iya
- tidak",tidak
4475,id_hatespeech,id_hatespeech_nusantara_text,67209ca7-1b01-4357-9e1f-7139bc82a29c,hate_or_noHate_zs_opt_contains,train,"Dalam konteks ini, apakah teks yang mengandung kata-kata seperti: #MataNajwaDebatJakarta terima kasih telah memberikan pendidikan demokrasi pada rakyat Indonesia, khususnya Jakarta., termasuk dalam kategori hatespeech?
- iya
- tidak",tidak
4476,id_hatespeech,id_hatespeech_nusantara_text,67209ca7-1b01-4357-9e1f-7139bc82a29c,hate_or_noHate_zs_opt_contains,train,"Dalam konteks ini, apakah teks yang mengandung kata-kata seperti: Keberagaman itu datang dr hati terdalam, bukan dr pencitraan #Tetap3 #JKTBeragam, termasuk dalam kategori hatespeech?
- iya
- tidak",tidak
4477,id_hatespeech,id_hatespeech_nusantara_text,67209ca7-1b01-4357-9e1f-7139bc82a29c,hate_or_noHate_zs_opt_contains,train,"Dalam konteks ini, apakah teks yang mengandung kata-kata seperti: Membangun bangsa dan negara ini engga cukup dengan metoda pencitraan saja ,tanpa teruji lewat rekam jejak dan integritas tokohnya, termasuk dalam kategori hatespeech?
- iya
- tidak",tidak
4478,id_hatespeech,id_hatespeech_nusantara_text,67209ca7-1b01-4357-9e1f-7139bc82a29c,hate_or_noHate_zs_opt_contains,train,"Dalam konteks ini, apakah teks yang mengandung kata-kata seperti: jangan ada keberpihakan dalam badan hukum karena itu akan merusak demokrasi #important #MataNajwaDebatJakarta, termasuk dalam kategori hatespeech?
- iya
- tidak",tidak
4479,id_hatespeech,id_hatespeech_nusantara_text,67209ca7-1b01-4357-9e1f-7139bc82a29c,hate_or_noHate_zs_opt_contains,train,"Dalam konteks ini, apakah teks yang mengandung kata-kata seperti: Jika lo bisa menceritakan kembali kalimat2 yg dilontarkan Anies di @MataNajwa dgn bahasa lo sendiri, lo luar biasa. #MataNajwaDebatJakarta, termasuk dalam kategori hatespeech?
- iya
- tidak",tidak
4480,id_hatespeech,id_hatespeech_nusantara_text,67209ca7-1b01-4357-9e1f-7139bc82a29c,hate_or_noHate_zs_opt_contains,train,"Dalam konteks ini, apakah teks yang mengandung kata-kata seperti: kalau liat sosmed, Pak Ahok menang telak. Namun sayang, hanya kata-kata manis lah yg diserap bbrp warga kecil. #matanajwadebatjakarta, termasuk dalam kategori hatespeech?
- iya
- tidak",tidak
4481,id_hatespeech,id_hatespeech_nusantara_text,67209ca7-1b01-4357-9e1f-7139bc82a29c,hate_or_noHate_zs_opt_contains,train,"Dalam konteks ini, apakah teks yang mengandung kata-kata seperti: Seharusnya mah basuki sudah bebas ya kan? #FreeAhok https://t.co/Mw3k0vYweF, termasuk dalam kategori hatespeech?
- iya
- tidak",tidak
4482,id_hatespeech,id_hatespeech_nusantara_text,67209ca7-1b01-4357-9e1f-7139bc82a29c,hate_or_noHate_zs_opt_contains,train,"Dalam konteks ini, apakah teks yang mengandung kata-kata seperti: Kenapa debat @MataNajwa ini, Ahok makin keliatan diatas angin ya. Kliatan dia sangat menguasai problem solusi tata kelola Jakarta., termasuk dalam kategori hatespeech?
- iya
- tidak",tidak
4483,id_hatespeech,id_hatespeech_nusantara_text,67209ca7-1b01-4357-9e1f-7139bc82a29c,hate_or_noHate_zs_opt_contains,train,"Dalam konteks ini, apakah teks yang mengandung kata-kata seperti: Kalau lihat Ahok itu kayak lihat power rangers merah, termasuk dalam kategori hatespeech?
- iya
- tidak",tidak
4484,id_hatespeech,id_hatespeech_nusantara_text,67209ca7-1b01-4357-9e1f-7139bc82a29c,hate_or_noHate_zs_opt_contains,train,"Dalam konteks ini, apakah teks yang mengandung kata-kata seperti: Kesimpulan. Ahok spt biasa fokus detail ke program. Anies terlalu fokus menjatuhkan lawan #MataNajwaDebatJakarta, termasuk dalam kategori hatespeech?
- iya
- tidak",tidak
4485,id_hatespeech,id_hatespeech_nusantara_text,67209ca7-1b01-4357-9e1f-7139bc82a29c,hate_or_noHate_zs_opt_contains,train,"Dalam konteks ini, apakah teks yang mengandung kata-kata seperti: pertunjukan yang sangat membuat saya serius dan gak mau diganggu, selamat untuk pak @aniesbaswedan buat gagasan nya #MataNajwaDebatJakarta, termasuk dalam kategori hatespeech?
- iya
- tidak",tidak
4486,id_hatespeech,id_hatespeech_nusantara_text,67209ca7-1b01-4357-9e1f-7139bc82a29c,hate_or_noHate_zs_opt_contains,train,"Dalam konteks ini, apakah teks yang mengandung kata-kata seperti: Jangan berpihak...melayani rakyat dengan sepenuh hati..Tuhan yang memberi kekuasaan.. Tuhan yang mengambil..-ahok#MataNajwaDebatJakarta, termasuk dalam kategori hatespeech?
- iya
- tidak",tidak
4487,id_hatespeech,id_hatespeech_nusantara_text,67209ca7-1b01-4357-9e1f-7139bc82a29c,hate_or_noHate_zs_opt_contains,train,"Dalam konteks ini, apakah teks yang mengandung kata-kata seperti: Pak Ahok jangan blunder dong Pak..dari tadi udah bagus. Pertanyaannya komitmen menerima hasil kontestasi. #MataNajwaDebatJakarta, termasuk dalam kategori hatespeech?
- iya
- tidak",tidak
4488,id_hatespeech,id_hatespeech_nusantara_text,67209ca7-1b01-4357-9e1f-7139bc82a29c,hate_or_noHate_zs_opt_contains,train,"Dalam konteks ini, apakah teks yang mengandung kata-kata seperti: jangan ada keberpihakan dalam badan hukum karena itu akan merusak demokrasi #important #MataNajwaDebatJakarta, termasuk dalam kategori hatespeech?
- iya
- tidak",tidak
4489,id_hatespeech,id_hatespeech_nusantara_text,67209ca7-1b01-4357-9e1f-7139bc82a29c,hate_or_noHate_zs_opt_contains,train,"Dalam konteks ini, apakah teks yang mengandung kata-kata seperti: Jika lo bisa menceritakan kembali kalimat2 yg dilontarkan Anies di @MataNajwa dgn bahasa lo sendiri, lo luar biasa. #MataNajwaDebatJakarta, termasuk dalam kategori hatespeech?
- iya
- tidak",tidak
4490,id_hatespeech,id_hatespeech_nusantara_text,67209ca7-1b01-4357-9e1f-7139bc82a29c,hate_or_noHate_zs_opt_contains,train,"Dalam konteks ini, apakah teks yang mengandung kata-kata seperti: Kenapa debat @MataNajwa ini, Ahok makin keliatan diatas angin ya. Kliatan dia sangat menguasai problem solusi tata kelola Jakarta., termasuk dalam kategori hatespeech?
- iya
- tidak",tidak
4491,id_hatespeech,id_hatespeech_nusantara_text,67209ca7-1b01-4357-9e1f-7139bc82a29c,hate_or_noHate_zs_opt_contains,train,"Dalam konteks ini, apakah teks yang mengandung kata-kata seperti: Kiranya Jakarta semakin baik. Selamat berjuang buat Pak Ahok dan Pak Anies ! #MataNajwaDebatJakarta, termasuk dalam kategori hatespeech?
- iya
- tidak",tidak
4492,id_hatespeech,id_hatespeech_nusantara_text,67209ca7-1b01-4357-9e1f-7139bc82a29c,hate_or_noHate_zs_opt_contains,train,"Dalam konteks ini, apakah teks yang mengandung kata-kata seperti: Masihkah Ahoker debat soal program? Jlebb.. KO kena uppercut Anies soal KJP. Pergubnya blm di rubah.. @roemahdjoeang @NetizenTofa @cepot234, termasuk dalam kategori hatespeech?
- iya
- tidak",tidak
4493,id_hatespeech,id_hatespeech_nusantara_text,67209ca7-1b01-4357-9e1f-7139bc82a29c,hate_or_noHate_zs_opt_contains,train,"Dalam konteks ini, apakah teks yang mengandung kata-kata seperti: RT @alysap_: Semua penganut agama harus dapet hak yang sama - Ahok #MataNajwaDebatJakarta, termasuk dalam kategori hatespeech?
- iya
- tidak",tidak
4494,id_hatespeech,id_hatespeech_nusantara_text,67209ca7-1b01-4357-9e1f-7139bc82a29c,hate_or_noHate_zs_opt_contains,train,"Dalam konteks ini, apakah teks yang mengandung kata-kata seperti: Aku heran kenapa ilklan kampanye #AhokDjarot yg terbaru itu begitu, ini aku loh yang bingung bkn akuang,asiang, atau aming #IklanAhokJahat, termasuk dalam kategori hatespeech?
- iya
- tidak",tidak
4495,id_hatespeech,id_hatespeech_nusantara_text,67209ca7-1b01-4357-9e1f-7139bc82a29c,hate_or_noHate_zs_opt_contains,train,"Dalam konteks ini, apakah teks yang mengandung kata-kata seperti: Abis nyoblos streaming video perkembangan Pilkada 2017 pake #SisaKuotaGakHangus dari @IM3Ooredoo kuota ga habis deh, termasuk dalam kategori hatespeech?
- iya
- tidak",tidak
4496,id_hatespeech,id_hatespeech_nusantara_text,67209ca7-1b01-4357-9e1f-7139bc82a29c,hate_or_noHate_zs_opt_contains,train,"Dalam konteks ini, apakah teks yang mengandung kata-kata seperti: muslim sedang diuji di negara yg mayoritas Islam..semoga kita smua bisa bersabar dan menahan utk tidak berbicara kasar sbg balasan, termasuk dalam kategori hatespeech?
- iya
- tidak",tidak
4497,id_hatespeech,id_hatespeech_nusantara_text,67209ca7-1b01-4357-9e1f-7139bc82a29c,hate_or_noHate_zs_opt_contains,train,"Dalam konteks ini, apakah teks yang mengandung kata-kata seperti: Kiranya Jakarta semakin baik. Selamat berjuang buat Pak Ahok dan Pak Anies ! #MataNajwaDebatJakarta, termasuk dalam kategori hatespeech?
- iya
- tidak",tidak
4498,id_hatespeech,id_hatespeech_nusantara_text,67209ca7-1b01-4357-9e1f-7139bc82a29c,hate_or_noHate_zs_opt_contains,train,"Dalam konteks ini, apakah teks yang mengandung kata-kata seperti: RT @grcllafrn: Pak Anies, inget, apa yg kau tabur itu yang akan kau tuai nanti... jadi takut sendiri :"") #MataNajwaDebatJakarta, termasuk dalam kategori hatespeech?
- iya
- tidak",tidak
4499,id_hatespeech,id_hatespeech_nusantara_text,67209ca7-1b01-4357-9e1f-7139bc82a29c,hate_or_noHate_zs_opt_contains,train,"Dalam konteks ini, apakah teks yang mengandung kata-kata seperti: RT @kompascom: Bagaimana metode penarikan sampel hitung cepat yg dilakukan Litbang Kompas dlm Pilkada DKI Jakarta 2017? Simak disini, termasuk dalam kategori hatespeech?
- iya
- tidak",tidak
4500,id_hatespeech,id_hatespeech_nusantara_text,67209ca7-1b01-4357-9e1f-7139bc82a29c,hate_or_noHate_zs_opt_contains,train,"Dalam konteks ini, apakah teks yang mengandung kata-kata seperti: mnding diem aja pak @basuki_btp semua pergerakanmu pasti disalahkan, klo wktunya menang ntar jga menang.... #IklanAhokJahat, termasuk dalam kategori hatespeech?
- iya
- tidak",tidak
4501,id_hatespeech,id_hatespeech_nusantara_text,67209ca7-1b01-4357-9e1f-7139bc82a29c,hate_or_noHate_zs_opt_contains,train,"Dalam konteks ini, apakah teks yang mengandung kata-kata seperti: RT @netmediatama: Perbincangan menarik di Quick Count Pilkada 2017 bersama @irakoesno. #NETPilkada https:\/\/t.co\/odbVw4uWMr, termasuk dalam kategori hatespeech?
- iya
- tidak",tidak
4502,id_hatespeech,id_hatespeech_nusantara_text,67209ca7-1b01-4357-9e1f-7139bc82a29c,hate_or_noHate_zs_opt_contains,train,"Dalam konteks ini, apakah teks yang mengandung kata-kata seperti: Bersyukur menutup kampanye hari ini dengan berdoa agar PILKADA DKI Jakarta pada 15 Februari 2017 berjalan dengan lancar, termasuk dalam kategori hatespeech?
- iya
- tidak",tidak
4503,id_hatespeech,id_hatespeech_nusantara_text,67209ca7-1b01-4357-9e1f-7139bc82a29c,hate_or_noHate_zs_opt_contains,train,"Dalam konteks ini, apakah teks yang mengandung kata-kata seperti: Julia Perez Kecewa Gagal Nyoblos Pilkada DKI 2017 di TPS 15 RSCM https:\/\/t.co\/vajPLioiek, termasuk dalam kategori hatespeech?
- iya
- tidak",tidak
4504,id_hatespeech,id_hatespeech_nusantara_text,67209ca7-1b01-4357-9e1f-7139bc82a29c,hate_or_noHate_zs_opt_contains,train,"Dalam konteks ini, apakah teks yang mengandung kata-kata seperti: Disediakan Ambulans untuk Pasien Mencoblos pada Pilkada DKI 2017, termasuk dalam kategori hatespeech?
- iya
- tidak",tidak
4505,id_hatespeech,id_hatespeech_nusantara_text,67209ca7-1b01-4357-9e1f-7139bc82a29c,hate_or_noHate_zs_opt_contains,train,"Dalam konteks ini, apakah teks yang mengandung kata-kata seperti: RT @miekarinayam: Saya bertanya apakah saya memang tak boleh ikut Pilkada 2017? Apakah saya kehilangan hak saya yg dijamin konstitusi?, termasuk dalam kategori hatespeech?
- iya
- tidak",tidak
4506,id_hatespeech,id_hatespeech_nusantara_text,67209ca7-1b01-4357-9e1f-7139bc82a29c,hate_or_noHate_zs_opt_contains,train,"Dalam konteks ini, apakah teks yang mengandung kata-kata seperti: Ya Allah! Anis dan Sandi bakal jadi Gubernur DKI Jakarta terpilih di tahun ini, termasuk dalam kategori hatespeech?
- iya
- tidak",tidak
4507,id_hatespeech,id_hatespeech_nusantara_text,67209ca7-1b01-4357-9e1f-7139bc82a29c,hate_or_noHate_zs_opt_contains,train,"Dalam konteks ini, apakah teks yang mengandung kata-kata seperti: Domisili gue di Jakpus bela-belain ke TPS yg berlokasi di Jakbar dgn bermodal e-KTP buat ikutan Pilkada 2017., termasuk dalam kategori hatespeech?
- iya
- tidak",tidak
4508,id_hatespeech,id_hatespeech_nusantara_text,67209ca7-1b01-4357-9e1f-7139bc82a29c,hate_or_noHate_zs_opt_contains,train,"Dalam konteks ini, apakah teks yang mengandung kata-kata seperti: RT @netmediatama: Presiden @jokowi menggunakan hak suaranya untuk Pilkada DKI Jakarta 2017 di TPS 4 Gambir Jakarta Pusat. #NETPilkada, termasuk dalam kategori hatespeech?
- iya
- tidak",tidak
4509,id_hatespeech,id_hatespeech_nusantara_text,67209ca7-1b01-4357-9e1f-7139bc82a29c,hate_or_noHate_zs_opt_contains,train,"Dalam konteks ini, apakah teks yang mengandung kata-kata seperti: RT @boelatboelat: agree pak @basuki_btp kekuasaan itu Tuhan yang kasih, walau dijatuhkan, Tuhan akan menaikkan :) #MataNajwaDebatJakarta, termasuk dalam kategori hatespeech?
- iya
- tidak",tidak
4510,id_hatespeech,id_hatespeech_nusantara_text,67209ca7-1b01-4357-9e1f-7139bc82a29c,hate_or_noHate_zs_opt_contains,train,"Dalam konteks ini, apakah teks yang mengandung kata-kata seperti: RT @AzzamBarbarossa: Akibat Nila Setitik Rusak Susu Sebelangga, Akibat Mulut Oknum Tak terdidik Rusak Juga Persatuan Bangsa. #IklanAhokJahat, termasuk dalam kategori hatespeech?
- iya
- tidak",tidak
4511,id_hatespeech,id_hatespeech_nusantara_text,67209ca7-1b01-4357-9e1f-7139bc82a29c,hate_or_noHate_zs_opt_contains,train,"Dalam konteks ini, apakah teks yang mengandung kata-kata seperti: Mudah-mudahan Novel baswedan tidak alami kebutaan pada matanya. Kalau sampai buta, saya siap mendonorkan mata saya untuk dia., termasuk dalam kategori hatespeech?
- iya
- tidak",tidak
4512,id_hatespeech,id_hatespeech_nusantara_text,67209ca7-1b01-4357-9e1f-7139bc82a29c,hate_or_noHate_zs_opt_contains,train,"Dalam konteks ini, apakah teks yang mengandung kata-kata seperti: Mengapa mereka melakukan ini, apakah bisa merubah keadaan bagi para pemilih nanti ? #IklanAhokJahat, termasuk dalam kategori hatespeech?
- iya
- tidak",tidak
4513,id_hatespeech,id_hatespeech_nusantara_text,67209ca7-1b01-4357-9e1f-7139bc82a29c,hate_or_noHate_zs_opt_contains,train,"Dalam konteks ini, apakah teks yang mengandung kata-kata seperti: RT @hariadhi: Siapa yg salah? Ahok? Iklannya? Bukan.. yang perlu diprotes adalah orang yg benar2 pake spanduk itu #IklanAhokJahat https://t, termasuk dalam kategori hatespeech?
- iya
- tidak",tidak
4514,id_hatespeech,id_hatespeech_nusantara_text,67209ca7-1b01-4357-9e1f-7139bc82a29c,hate_or_noHate_zs_opt_contains,train,"Dalam konteks ini, apakah teks yang mengandung kata-kata seperti: Sampe sekarang gue blm ngerti dp rumah 0% itu gmn skemanya. Trs emg ada ya perbankan yg mau ngasih kredit rumah gak pakai dp? #debatfinalpilkadadki, termasuk dalam kategori hatespeech?
- iya
- tidak",tidak
4515,id_hatespeech,id_hatespeech_nusantara_text,67209ca7-1b01-4357-9e1f-7139bc82a29c,hate_or_noHate_zs_opt_contains,train,"Dalam konteks ini, apakah teks yang mengandung kata-kata seperti: #debatfinalpilkadadki Bagi Anies gubernur adalah pemimpin, bukan administratur / pelayan masyarkt. Padahal melayani mencerminkan integritas., termasuk dalam kategori hatespeech?
- iya
- tidak",tidak
4516,id_hatespeech,id_hatespeech_nusantara_text,67209ca7-1b01-4357-9e1f-7139bc82a29c,hate_or_noHate_zs_opt_contains,train,"Dalam konteks ini, apakah teks yang mengandung kata-kata seperti: Kalimat Penutup Anies Ambisius, Ahok Minta Maaf, Karakter Tidak Bisa Bohong. #DebatPilkadaDKI #DebatFinalPilkadaDKI, termasuk dalam kategori hatespeech?
- iya
- tidak",tidak
4517,id_hatespeech,id_hatespeech_nusantara_text,67209ca7-1b01-4357-9e1f-7139bc82a29c,hate_or_noHate_zs_opt_contains,train,"Dalam konteks ini, apakah teks yang mengandung kata-kata seperti: pertunjukan yang sangat membuat saya serius dan gak mau diganggu, selamat untuk pak @aniesbaswedan buat gagasan nya #MataNajwaDebatJakarta, termasuk dalam kategori hatespeech?
- iya
- tidak",tidak
4518,id_hatespeech,id_hatespeech_nusantara_text,67209ca7-1b01-4357-9e1f-7139bc82a29c,hate_or_noHate_zs_opt_contains,train,"Dalam konteks ini, apakah teks yang mengandung kata-kata seperti: RT @BelaQuran: Kami tdk akan terprovokasi dgn sentimen dan jualan SARA mu itu, karena kami cinta Indonesia #IklanAhokJahat, termasuk dalam kategori hatespeech?
- iya
- tidak",tidak
4519,id_hatespeech,id_hatespeech_nusantara_text,67209ca7-1b01-4357-9e1f-7139bc82a29c,hate_or_noHate_zs_opt_contains,train,"Dalam konteks ini, apakah teks yang mengandung kata-kata seperti: Semakin umat di suguhkan #IklanAhokJahat maka akan semakin terlihat siapa yang menebar kebencian terhadap kerukunan antar umat beragama, termasuk dalam kategori hatespeech?
- iya
- tidak",tidak
4520,id_hatespeech,id_hatespeech_nusantara_text,67209ca7-1b01-4357-9e1f-7139bc82a29c,hate_or_noHate_zs_opt_contains,train,"Dalam konteks ini, apakah teks yang mengandung kata-kata seperti: Hampir semua polling Anies - Sandi yang menang. Semoga hari H nya juga demikian. #AniesSandi, termasuk dalam kategori hatespeech?
- iya
- tidak",tidak
4521,id_hatespeech,id_hatespeech_nusantara_text,67209ca7-1b01-4357-9e1f-7139bc82a29c,hate_or_noHate_zs_opt_contains,train,"Dalam konteks ini, apakah teks yang mengandung kata-kata seperti: RT @anjisudirman: @fahiraidris Yg iklankan kampanye ahox adalah yg sama sebarin spanduk syariah dan brosur black campaign. #IklanAhokJahat, termasuk dalam kategori hatespeech?
- iya
- tidak",tidak
4522,id_hatespeech,id_hatespeech_nusantara_text,67209ca7-1b01-4357-9e1f-7139bc82a29c,hate_or_noHate_zs_opt_contains,train,"Dalam konteks ini, apakah teks yang mengandung kata-kata seperti: Oke Oce akan menjadi brand dimana, semuanya menjadi OKe Oce, bahkan nanti ada kampung Oke Oce #debatfinalpilkadadki, termasuk dalam kategori hatespeech?
- iya
- tidak",tidak
4523,id_hatespeech,id_hatespeech_nusantara_text,67209ca7-1b01-4357-9e1f-7139bc82a29c,hate_or_noHate_zs_opt_contains,train,"Dalam konteks ini, apakah teks yang mengandung kata-kata seperti: RT @BelaQuran: Sungguh sgt mengherankan, mengkampanyekan kebhinekaan tp dengan menyebarkan Islamophobia, kebhinekaan yg mana yg dimaksud?, termasuk dalam kategori hatespeech?
- iya
- tidak",tidak
4524,id_hatespeech,id_hatespeech_nusantara_text,67209ca7-1b01-4357-9e1f-7139bc82a29c,hate_or_noHate_zs_opt_contains,train,"Dalam konteks ini, apakah teks yang mengandung kata-kata seperti: Debat Final Pilkada DKI Jakarta, Siapa yang Gagap, dan Siapa yang Tepat Menjawab - Adjat Sudradjat, termasuk dalam kategori hatespeech?
- iya
- tidak",tidak
4525,id_hatespeech,id_hatespeech_nusantara_text,67209ca7-1b01-4357-9e1f-7139bc82a29c,hate_or_noHate_zs_opt_contains,train,"Dalam konteks ini, apakah teks yang mengandung kata-kata seperti: Jika persoalan pemimpin hanya dikaitkan dengan lisan, maka apa bedanya gubernur dengan anak-anak? #MataNajwaDebatJakarta, termasuk dalam kategori hatespeech?
- iya
- tidak",tidak
4526,id_hatespeech,id_hatespeech_nusantara_text,67209ca7-1b01-4357-9e1f-7139bc82a29c,hate_or_noHate_zs_opt_contains,train,"Dalam konteks ini, apakah teks yang mengandung kata-kata seperti: Cerita Djarot ini diharapkan membuat para pendukung tetap berdamai. #debatfinalpilkadadki #temanahok #AniesSandi, termasuk dalam kategori hatespeech?
- iya
- tidak",tidak
4527,id_hatespeech,id_hatespeech_nusantara_text,67209ca7-1b01-4357-9e1f-7139bc82a29c,hate_or_noHate_zs_opt_contains,train,"Dalam konteks ini, apakah teks yang mengandung kata-kata seperti: Cuman mau bilang sama yang serius banget ngetweet pakai hastag #IklanAhokJahat ""Gitu aja baper""., termasuk dalam kategori hatespeech?
- iya
- tidak",tidak
4528,id_hatespeech,id_hatespeech_nusantara_text,67209ca7-1b01-4357-9e1f-7139bc82a29c,hate_or_noHate_zs_opt_contains,train,"Dalam konteks ini, apakah teks yang mengandung kata-kata seperti: Ira Koesno Didekati Anies-Sandi Lalu Marahi Pendukung Paslon Saat Debat Pilkada DKI, termasuk dalam kategori hatespeech?
- iya
- tidak",tidak
4529,id_hatespeech,id_hatespeech_nusantara_text,67209ca7-1b01-4357-9e1f-7139bc82a29c,hate_or_noHate_zs_opt_contains,train,"Dalam konteks ini, apakah teks yang mengandung kata-kata seperti: Alhamdulillah ya Allah SWT Semoga jakarta punya gubernur baru yg lebih bersahaja, bersahabat utk semuanya #AniesSandi, termasuk dalam kategori hatespeech?
- iya
- tidak",tidak
4530,id_hatespeech,id_hatespeech_nusantara_text,67209ca7-1b01-4357-9e1f-7139bc82a29c,hate_or_noHate_zs_opt_contains,train,"Dalam konteks ini, apakah teks yang mengandung kata-kata seperti: Jelang larut semalam. Diskusi dengan aktifis Golkar tingkat kelurahan. Siap bergabung dalam pemenangan #AniesSandi, termasuk dalam kategori hatespeech?
- iya
- tidak",tidak
4531,id_hatespeech,id_hatespeech_nusantara_text,67209ca7-1b01-4357-9e1f-7139bc82a29c,hate_or_noHate_zs_opt_contains,train,"Dalam konteks ini, apakah teks yang mengandung kata-kata seperti: RT @alayyubichoir: Sosok Anies Sandi harus diakui sgt mengayomi. Sangat kompeten utk membangun kerukukan & kebhinekaan di Jakarta, termasuk dalam kategori hatespeech?
- iya
- tidak",tidak
4532,id_hatespeech,id_hatespeech_nusantara_text,67209ca7-1b01-4357-9e1f-7139bc82a29c,hate_or_noHate_zs_opt_contains,train,"Dalam konteks ini, apakah teks yang mengandung kata-kata seperti: RT @nielchen99: Ngomong manis memang gampang giliran kerja bingung #MataNajwaDebatJakarta, termasuk dalam kategori hatespeech?
- iya
- tidak",tidak
4533,id_hatespeech,id_hatespeech_nusantara_text,67209ca7-1b01-4357-9e1f-7139bc82a29c,hate_or_noHate_zs_opt_contains,train,"Dalam konteks ini, apakah teks yang mengandung kata-kata seperti: 19 April adalah saat yang penting bagi warga Jakarta untuk menentukan masa depan Ibukota, termasuk dalam kategori hatespeech?
- iya
- tidak",tidak
4534,id_hatespeech,id_hatespeech_nusantara_text,67209ca7-1b01-4357-9e1f-7139bc82a29c,hate_or_noHate_zs_opt_contains,train,"Dalam konteks ini, apakah teks yang mengandung kata-kata seperti: RT @maharanisinta70: terimakasih Pak Anies pemaparantentang DP 0 ,memberi solusi bagi warga jakarta yang ingin punya rumah dan tidak nyewa terus., termasuk dalam kategori hatespeech?
- iya
- tidak",tidak
4535,id_hatespeech,id_hatespeech_nusantara_text,67209ca7-1b01-4357-9e1f-7139bc82a29c,hate_or_noHate_zs_opt_contains,train,"Dalam konteks ini, apakah teks yang mengandung kata-kata seperti: Yang aku perhatikan, Tim Mas @aniesbaswedan sibuk ngoceh tentang @basuki_btp dan programnya. Kenapa gak ngurus diri sendiri?, termasuk dalam kategori hatespeech?
- iya
- tidak",tidak
4536,id_hatespeech,id_hatespeech_nusantara_text,67209ca7-1b01-4357-9e1f-7139bc82a29c,hate_or_noHate_zs_opt_contains,train,"Dalam konteks ini, apakah teks yang mengandung kata-kata seperti: kalo pilih gubernur yg jujur, kerja nyata,anti korupsi,tegas,pinter,mlyani rakyat iklas & peduli pilih ahok djarot,.., termasuk dalam kategori hatespeech?
- iya
- tidak",tidak
4537,id_hatespeech,id_hatespeech_nusantara_text,67209ca7-1b01-4357-9e1f-7139bc82a29c,hate_or_noHate_zs_opt_contains,train,"Dalam konteks ini, apakah teks yang mengandung kata-kata seperti: RT @anies_sandi: Bisa merangkul dan menegakkan hukum. Kepemimpinan itu hadir dengan memberikan contoh & perbuatan - @aniesbaswedan, termasuk dalam kategori hatespeech?
- iya
- tidak",tidak
4538,id_hatespeech,id_hatespeech_nusantara_text,67209ca7-1b01-4357-9e1f-7139bc82a29c,hate_or_noHate_zs_opt_contains,train,"Dalam konteks ini, apakah teks yang mengandung kata-kata seperti: Hasil kerja Ahok Djarot sungai di Jakarta kembali normal, bersih dan enak dipandang, termasuk dalam kategori hatespeech?
- iya
- tidak",tidak
4539,id_hatespeech,id_hatespeech_nusantara_text,67209ca7-1b01-4357-9e1f-7139bc82a29c,hate_or_noHate_zs_opt_contains,train,"Dalam konteks ini, apakah teks yang mengandung kata-kata seperti: Ahok & Anies sama baiknya kok, sama bagusnya, sama okenya. Siapa yg kepilih yg menang tetap rakyat jakarta, termasuk dalam kategori hatespeech?
- iya
- tidak",tidak
4540,id_hatespeech,id_hatespeech_nusantara_text,67209ca7-1b01-4357-9e1f-7139bc82a29c,hate_or_noHate_zs_opt_contains,train,"Dalam konteks ini, apakah teks yang mengandung kata-kata seperti: Semoga pak basuki bisa jadi presiden,agar Indonesia lebih maju., termasuk dalam kategori hatespeech?
- iya
- tidak",tidak
4541,id_hatespeech,id_hatespeech_nusantara_text,67209ca7-1b01-4357-9e1f-7139bc82a29c,hate_or_noHate_zs_opt_contains,train,"Dalam konteks ini, apakah teks yang mengandung kata-kata seperti: Allah SWT tdk butuh anda. Tapi Anda yang butuh Allah,Rezeki, hidup matimu. Allah yg tentukan. Mau khianati Allah? yakin gak nyesel? #SidangAhok, termasuk dalam kategori hatespeech?
- iya
- tidak",tidak
4542,id_hatespeech,id_hatespeech_nusantara_text,67209ca7-1b01-4357-9e1f-7139bc82a29c,hate_or_noHate_zs_opt_contains,train,"Dalam konteks ini, apakah teks yang mengandung kata-kata seperti: #SidangAhok dilanjutkan dengan rekaman yang memuat kampanye Ahok di DPP Nasdem dan juga Pulau Seribu. | @adrieedu https://t.co/8P5P4DUcFG, termasuk dalam kategori hatespeech?
- iya
- tidak",tidak
4543,id_hatespeech,id_hatespeech_nusantara_text,67209ca7-1b01-4357-9e1f-7139bc82a29c,hate_or_noHate_zs_opt_contains,train,"Dalam konteks ini, apakah teks yang mengandung kata-kata seperti: RT @JanurOmank2626: Ahok harus bebas demi hukum demi keadilan demi kelanjutan perbaikan DKI. Semoga hakim mmpunyai sense of justice, termasuk dalam kategori hatespeech?
- iya
- tidak",tidak
4544,id_hatespeech,id_hatespeech_nusantara_text,67209ca7-1b01-4357-9e1f-7139bc82a29c,hate_or_noHate_zs_opt_contains,train,"Dalam konteks ini, apakah teks yang mengandung kata-kata seperti: Pembangkit Listrik Tenaga Panas Bumi Terbesar Dunia.. #CitiPeka #SidangAhok #Tebak2anHajiDjarot https://t.co/KtXdXZsh8H, termasuk dalam kategori hatespeech?
- iya
- tidak",tidak
4545,id_hatespeech,id_hatespeech_nusantara_text,67209ca7-1b01-4357-9e1f-7139bc82a29c,hate_or_noHate_zs_opt_contains,train,"Dalam konteks ini, apakah teks yang mengandung kata-kata seperti: RT @findririn: Dan toleransi itu, ketika muslim bisa menjalankan perintah agamanya, dan non muslim juga bisa menjalankan agamanya., termasuk dalam kategori hatespeech?
- iya
- tidak",tidak
4546,id_hatespeech,id_hatespeech_nusantara_text,67209ca7-1b01-4357-9e1f-7139bc82a29c,hate_or_noHate_zs_opt_contains,train,"Dalam konteks ini, apakah teks yang mengandung kata-kata seperti: RT @findririn: Walaupun artinya teman setia, seharusnya lebih dihindari kalau jd pemimpin, termasuk dalam kategori hatespeech?
- iya
- tidak",tidak
4547,id_hatespeech,id_hatespeech_nusantara_text,67209ca7-1b01-4357-9e1f-7139bc82a29c,hate_or_noHate_zs_opt_contains,train,"Dalam konteks ini, apakah teks yang mengandung kata-kata seperti: Semua kejujuran akan mendapatkan pahala dr surga #FreeAhok, termasuk dalam kategori hatespeech?
- iya
- tidak",tidak
4548,id_hatespeech,id_hatespeech_nusantara_text,67209ca7-1b01-4357-9e1f-7139bc82a29c,hate_or_noHate_zs_opt_contains,train,"Dalam konteks ini, apakah teks yang mengandung kata-kata seperti: Seharusnya mah basuki sudah bebas ya kan? #FreeAhok https://t.co/Mw3k0vYweF, termasuk dalam kategori hatespeech?
- iya
- tidak",tidak
4549,id_hatespeech,id_hatespeech_nusantara_text,67209ca7-1b01-4357-9e1f-7139bc82a29c,hate_or_noHate_zs_opt_contains,train,"Dalam konteks ini, apakah teks yang mengandung kata-kata seperti: RT @RuridaJihandari: Itu sidang apa drama korea sampe 20kali, lagi menunggu sidang ahok season 2 nih... Kayaknya goblin mah kalah pamornya, termasuk dalam kategori hatespeech?
- iya
- tidak",tidak
4550,id_hatespeech,id_hatespeech_nusantara_text,67209ca7-1b01-4357-9e1f-7139bc82a29c,hate_or_noHate_zs_opt_contains,train,"Dalam konteks ini, apakah teks yang mengandung kata-kata seperti: Menurut Anda, Transportasi Online manakah dikatakan ""tarif murah, aman & nyaman"" melayani ???, termasuk dalam kategori hatespeech?
- iya
- tidak",tidak
4551,id_hatespeech,id_hatespeech_nusantara_text,67209ca7-1b01-4357-9e1f-7139bc82a29c,hate_or_noHate_zs_opt_contains,train,"Dalam konteks ini, apakah teks yang mengandung kata-kata seperti: Nelayan Jakarta Sudah Disiapin Pulau Khusus oleh Pemda DKI #LunchBreak #SidangAhok, termasuk dalam kategori hatespeech?
- iya
- tidak",tidak
4552,id_hatespeech,id_hatespeech_nusantara_text,67209ca7-1b01-4357-9e1f-7139bc82a29c,hate_or_noHate_zs_opt_contains,train,"Dalam konteks ini, apakah teks yang mengandung kata-kata seperti: Adakah Potensi Radikalisme di Pilgub DKI Jakarta? #LunchBreak #SidangAhok, termasuk dalam kategori hatespeech?
- iya
- tidak",tidak
4553,id_hatespeech,id_hatespeech_nusantara_text,67209ca7-1b01-4357-9e1f-7139bc82a29c,hate_or_noHate_zs_opt_contains,train,"Dalam konteks ini, apakah teks yang mengandung kata-kata seperti: RT @NovenStjK: Siaran ulang #AhokDjarotDiRosi malam ini, saksikan yuk di @KompasTV #AhokDjarot #Temanahok, termasuk dalam kategori hatespeech?
- iya
- tidak",tidak
4554,id_hatespeech,id_hatespeech_nusantara_text,67209ca7-1b01-4357-9e1f-7139bc82a29c,hate_or_noHate_zs_opt_contains,train,"Dalam konteks ini, apakah teks yang mengandung kata-kata seperti: cuma org"" yg salah saja yg takut dgn doa itu,anda salah?? kenapa takut??? bertobatlah sebelum doa itu dinyatakan,, termasuk dalam kategori hatespeech?
- iya
- tidak",tidak
4555,id_hatespeech,id_hatespeech_nusantara_text,67209ca7-1b01-4357-9e1f-7139bc82a29c,hate_or_noHate_zs_opt_contains,train,"Dalam konteks ini, apakah teks yang mengandung kata-kata seperti: Selamat Pagi met aktifitas happy weekend Semoga kita jadi orang jujur biar hidup slalu mujur Aamiin #FreeAhok, termasuk dalam kategori hatespeech?
- iya
- tidak",tidak
4556,id_hatespeech,id_hatespeech_nusantara_text,67209ca7-1b01-4357-9e1f-7139bc82a29c,hate_or_noHate_zs_opt_contains,train,"Dalam konteks ini, apakah teks yang mengandung kata-kata seperti: Ahok dituntut 1 tahun penjara. Kemungkinan akan divonis bebas. Masalahnya, warga DKI terlanjur kehilangan pemimpin terbaik. #FreeAhok, termasuk dalam kategori hatespeech?
- iya
- tidak",tidak
4557,id_hatespeech,id_hatespeech_nusantara_text,67209ca7-1b01-4357-9e1f-7139bc82a29c,hate_or_noHate_zs_opt_contains,train,"Dalam konteks ini, apakah teks yang mengandung kata-kata seperti: Alhamdulillah tuntutan jaksa hanya 1 tahun masa percobaan 2 tahun yg artinya sbnrnya jaksa mengakui kalo Ahok itu tak bersalah #FreeAhok, termasuk dalam kategori hatespeech?
- iya
- tidak",tidak
4558,id_hatespeech,id_hatespeech_nusantara_text,67209ca7-1b01-4357-9e1f-7139bc82a29c,hate_or_noHate_zs_opt_contains,train,"Dalam konteks ini, apakah teks yang mengandung kata-kata seperti: Kalah atau menang #tetapahok. Terimakasih krn banyak ngasih pelajaran bagaimana kerja keras utk rakyat dgn bersih., termasuk dalam kategori hatespeech?
- iya
- tidak",tidak
4559,id_hatespeech,id_hatespeech_nusantara_text,67209ca7-1b01-4357-9e1f-7139bc82a29c,hate_or_noHate_zs_opt_contains,train,"Dalam konteks ini, apakah teks yang mengandung kata-kata seperti: Pilkada Serentak, Megawati Hanya Minta Jangan ada Intimidasi dan Politik Uang https:\/\/t.co\/zHhvJ4qrrY, termasuk dalam kategori hatespeech?
- iya
- tidak",tidak
4560,id_hatespeech,id_hatespeech_nusantara_text,67209ca7-1b01-4357-9e1f-7139bc82a29c,hate_or_noHate_zs_opt_contains,train,"Dalam konteks ini, apakah teks yang mengandung kata-kata seperti: #thw911 Saat Anies-Sandiaga Minta Doa Ustaz untuk Debat Pilkada https:\/\/t.co\/2odlrYteU1, termasuk dalam kategori hatespeech?
- iya
- tidak",tidak
4561,id_hatespeech,id_hatespeech_nusantara_text,67209ca7-1b01-4357-9e1f-7139bc82a29c,hate_or_noHate_zs_opt_contains,train,"Dalam konteks ini, apakah teks yang mengandung kata-kata seperti: Jangan pernah lelah mengabdi untuk Indonesia Pak @basuki_btp. #TetapAhok!, termasuk dalam kategori hatespeech?
- iya
- tidak",tidak
4562,id_hatespeech,id_hatespeech_nusantara_text,67209ca7-1b01-4357-9e1f-7139bc82a29c,hate_or_noHate_zs_opt_contains,train,"Dalam konteks ini, apakah teks yang mengandung kata-kata seperti: @LaitsSaja Jika Menang, Anies Siap Rangkul Paslon Lain Jika menang dalam kontestasi Pilkada https:\/\/t.co\/KG40YTelWX, termasuk dalam kategori hatespeech?
- iya
- tidak",tidak
4563,id_hatespeech,id_hatespeech_nusantara_text,67209ca7-1b01-4357-9e1f-7139bc82a29c,hate_or_noHate_zs_opt_contains,train,"Dalam konteks ini, apakah teks yang mengandung kata-kata seperti: @LaitsSaja TNI-Polri Bersinergi Jaga Keamanan Jelang Pilkada DKI TNI dan Polri terus bersin https:\/\/t.co\/HP77I9lffG, termasuk dalam kategori hatespeech?
- iya
- tidak",tidak
4564,id_hatespeech,id_hatespeech_nusantara_text,67209ca7-1b01-4357-9e1f-7139bc82a29c,hate_or_noHate_zs_opt_contains,train,"Dalam konteks ini, apakah teks yang mengandung kata-kata seperti: @novie_wednes72r Bismillah Inshaa ALLAH Agus Sylvi menang Pilkada DKI 1putaran dan jadi pemimpin yg amanah dan mencintai rakyat jakarta., termasuk dalam kategori hatespeech?
- iya
- tidak",tidak
4565,id_hatespeech,id_hatespeech_nusantara_text,67209ca7-1b01-4357-9e1f-7139bc82a29c,hate_or_noHate_zs_opt_contains,train,"Dalam konteks ini, apakah teks yang mengandung kata-kata seperti: Trima kasih pak uda bikin jakarta lebih baik selama bapak menjabat...., termasuk dalam kategori hatespeech?
- iya
- tidak",tidak
4566,id_hatespeech,id_hatespeech_nusantara_text,67209ca7-1b01-4357-9e1f-7139bc82a29c,hate_or_noHate_zs_opt_contains,train,"Dalam konteks ini, apakah teks yang mengandung kata-kata seperti: @nu_online sikap yang jelas dan tegas demi ketertiban dan keamanan ibu kota negara menjelang pilkada dki jakarta, termasuk dalam kategori hatespeech?
- iya
- tidak",tidak
4567,id_hatespeech,id_hatespeech_nusantara_text,67209ca7-1b01-4357-9e1f-7139bc82a29c,hate_or_noHate_zs_opt_contains,train,"Dalam konteks ini, apakah teks yang mengandung kata-kata seperti: Rencana Tuhan lebih baik dari rencana manusia. Mungkin Ahok bs bekerja kebih baik di posisi lain, termasuk dalam kategori hatespeech?
- iya
- tidak",tidak
4568,id_hatespeech,id_hatespeech_nusantara_text,67209ca7-1b01-4357-9e1f-7139bc82a29c,hate_or_noHate_zs_opt_contains,train,"Dalam konteks ini, apakah teks yang mengandung kata-kata seperti: walau kalah tp aku tetap merasa terhormat mendukung BADJA #TerimakasihAhok, termasuk dalam kategori hatespeech?
- iya
- tidak",tidak
4569,id_hatespeech,id_hatespeech_nusantara_text,67209ca7-1b01-4357-9e1f-7139bc82a29c,hate_or_noHate_zs_opt_contains,train,"Dalam konteks ini, apakah teks yang mengandung kata-kata seperti: Basuki TP Ahok Wawancara informal dengan wartawan Balaikota: https:\/\/t.co\/g7iB5H5RUL, termasuk dalam kategori hatespeech?
- iya
- tidak",tidak
4570,id_hatespeech,id_hatespeech_nusantara_text,67209ca7-1b01-4357-9e1f-7139bc82a29c,hate_or_noHate_zs_opt_contains,train,"Dalam konteks ini, apakah teks yang mengandung kata-kata seperti: Terimakasih Pak Ahok @basuki_btp #tetapahok karena kita memang siap kalah, dan selamat buat Gubernur baru, termasuk dalam kategori hatespeech?
- iya
- tidak",tidak
4571,id_hatespeech,id_hatespeech_nusantara_text,67209ca7-1b01-4357-9e1f-7139bc82a29c,hate_or_noHate_zs_opt_contains,train,"Dalam konteks ini, apakah teks yang mengandung kata-kata seperti: LUCU !! Yuk Melihat AHOK Promosikan Musik Dangdut Kepada Tamu Mancanegara, termasuk dalam kategori hatespeech?
- iya
- tidak",tidak
4572,id_hatespeech,id_hatespeech_nusantara_text,67209ca7-1b01-4357-9e1f-7139bc82a29c,hate_or_noHate_zs_opt_contains,train,"Dalam konteks ini, apakah teks yang mengandung kata-kata seperti: Minggu Tenang Pilkada, Ahok Fokus Kerja di Balai Kota: Peresmian-peresmian RPTRA CSR ditunda., termasuk dalam kategori hatespeech?
- iya
- tidak",tidak
4573,id_hatespeech,id_hatespeech_nusantara_text,67209ca7-1b01-4357-9e1f-7139bc82a29c,hate_or_noHate_zs_opt_contains,train,"Dalam konteks ini, apakah teks yang mengandung kata-kata seperti: MANTAB !! AHOK dan Pemprov DKI Jakarta Terjunkan Alat Berat Untuk Keruk Sampah di Waduk Pluit, termasuk dalam kategori hatespeech?
- iya
- tidak",tidak
4574,id_hatespeech,id_hatespeech_nusantara_text,67209ca7-1b01-4357-9e1f-7139bc82a29c,hate_or_noHate_zs_opt_contains,train,"Dalam konteks ini, apakah teks yang mengandung kata-kata seperti: Pagi Ini Polrestro Bekasi Gelar Pasukan Pilkada https:\/\/t.co\/ypRv5nNjSb, termasuk dalam kategori hatespeech?
- iya
- tidak",tidak
4575,id_hatespeech,id_hatespeech_nusantara_text,67209ca7-1b01-4357-9e1f-7139bc82a29c,hate_or_noHate_zs_opt_contains,train,"Dalam konteks ini, apakah teks yang mengandung kata-kata seperti: Pak @basuki_btp saya hanya bantu menyampaikan. Sbg orang2 di sekitar Pak Ahok bisa menyampaikan ke beliau. @kurawa. #BlusukanAhok #Gue2, termasuk dalam kategori hatespeech?
- iya
- tidak",tidak
4576,id_hatespeech,id_hatespeech_nusantara_text,67209ca7-1b01-4357-9e1f-7139bc82a29c,hate_or_noHate_zs_opt_contains,train,"Dalam konteks ini, apakah teks yang mengandung kata-kata seperti: pak ahok kalau anda jadi gubernur jangan lupa anda harus bangun provinsi Jambi buat lahan petani semua, dan jln kreta api jambi, riau, lampung, termasuk dalam kategori hatespeech?
- iya
- tidak",tidak
4577,id_hatespeech,id_hatespeech_nusantara_text,67209ca7-1b01-4357-9e1f-7139bc82a29c,hate_or_noHate_zs_opt_contains,train,"Dalam konteks ini, apakah teks yang mengandung kata-kata seperti: Partai Nasdem Optimis Menang di Pilkada Serentak 2017 https:\/\/t.co\/EOAzcxai94, termasuk dalam kategori hatespeech?
- iya
- tidak",tidak
4578,id_hatespeech,id_hatespeech_nusantara_text,67209ca7-1b01-4357-9e1f-7139bc82a29c,hate_or_noHate_zs_opt_contains,train,"Dalam konteks ini, apakah teks yang mengandung kata-kata seperti: biar kalah, tetap bangga. Sabar n iklas menerima nya. Masih bnyak jabatan lain untuk pak ahok. #TetapAhok, termasuk dalam kategori hatespeech?
- iya
- tidak",tidak
4579,id_hatespeech,id_hatespeech_nusantara_text,67209ca7-1b01-4357-9e1f-7139bc82a29c,hate_or_noHate_zs_opt_contains,train,"Dalam konteks ini, apakah teks yang mengandung kata-kata seperti: Sabar n iklas ya pak. Apa pun hasil nya. Kita tetap dukung. Di mna pun/jabatn apa pun yg bpk emban nanti. #TetapAhok, termasuk dalam kategori hatespeech?
- iya
- tidak",tidak
4580,id_hatespeech,id_hatespeech_nusantara_text,67209ca7-1b01-4357-9e1f-7139bc82a29c,hate_or_noHate_zs_opt_contains,train,"Dalam konteks ini, apakah teks yang mengandung kata-kata seperti: Wlaupun kita tak kenal,saya yakini slama ini kamu tlah bkerja kras tuk sebuah nilai yg diperjuangkan., termasuk dalam kategori hatespeech?
- iya
- tidak",tidak
4581,id_hatespeech,id_hatespeech_nusantara_text,67209ca7-1b01-4357-9e1f-7139bc82a29c,hate_or_noHate_zs_opt_contains,train,"Dalam konteks ini, apakah teks yang mengandung kata-kata seperti: RT @ahokdijegal: Kita mgk bs mendukung dia dlm hal kejujuran dan niat baik utk melayani warga, tapi gantiin dia dlm hal pekerjaan, termasuk dalam kategori hatespeech?
- iya
- tidak",tidak
4582,id_hatespeech,id_hatespeech_nusantara_text,67209ca7-1b01-4357-9e1f-7139bc82a29c,hate_or_noHate_zs_opt_contains,train,"Dalam konteks ini, apakah teks yang mengandung kata-kata seperti: Puluhan Personel Brimob Nunukan Diberangkatkan, Amankan Pilkada di Dua Provinsi, termasuk dalam kategori hatespeech?
- iya
- tidak",tidak
4583,id_hatespeech,id_hatespeech_nusantara_text,67209ca7-1b01-4357-9e1f-7139bc82a29c,hate_or_noHate_zs_opt_contains,train,"Dalam konteks ini, apakah teks yang mengandung kata-kata seperti: @basuki_btp sing sabar pak.. Simpen energi bapak untuk bagian lain Indonesia... Gusti Allah mboten sare pak..., termasuk dalam kategori hatespeech?
- iya
- tidak",tidak
4584,id_hatespeech,id_hatespeech_nusantara_text,67209ca7-1b01-4357-9e1f-7139bc82a29c,hate_or_noHate_zs_opt_contains,train,"Dalam konteks ini, apakah teks yang mengandung kata-kata seperti: Karena saya memilih dengan sehat maka saya kompensasikan dengan sarapan pagi yang, uhm, secara umum gak sehat. IMPAS, termasuk dalam kategori hatespeech?
- iya
- tidak",tidak
4585,id_hatespeech,id_hatespeech_nusantara_text,67209ca7-1b01-4357-9e1f-7139bc82a29c,hate_or_noHate_zs_opt_contains,train,"Dalam konteks ini, apakah teks yang mengandung kata-kata seperti: RT @Aktualco: Mahfud MD Heran, UU Pemda Sangat Jelas Tapi Mendagri Keukeuh Pertahankan Ahok, termasuk dalam kategori hatespeech?
- iya
- tidak",tidak
4586,id_hatespeech,id_hatespeech_nusantara_text,67209ca7-1b01-4357-9e1f-7139bc82a29c,hate_or_noHate_zs_opt_contains,train,"Dalam konteks ini, apakah teks yang mengandung kata-kata seperti: RT @AlissaWahid: Tuips, Ibu Sinta Nuriyah tidak pernah mengeluarkan pernyataan terkait pilkada DKI, termasuk dalam kategori hatespeech?
- iya
- tidak",tidak
4587,id_hatespeech,id_hatespeech_nusantara_text,67209ca7-1b01-4357-9e1f-7139bc82a29c,hate_or_noHate_zs_opt_contains,train,"Dalam konteks ini, apakah teks yang mengandung kata-kata seperti: RT @AmaliaAmelCute2: Lebih tambah jatuh hati deh jadinya Tak bisa berpaling ke pilihan yg lain Tetap ke pak ahok -Djarotlah yg terbaik, termasuk dalam kategori hatespeech?
- iya
- tidak",tidak
4588,id_hatespeech,id_hatespeech_nusantara_text,67209ca7-1b01-4357-9e1f-7139bc82a29c,hate_or_noHate_zs_opt_contains,train,"Dalam konteks ini, apakah teks yang mengandung kata-kata seperti: RT @AnakBaranusa: Yoi... Yang Jelas Pemenagnya itu hanya satu pasang calon, buka dua apa lagi tiga. 1, 2 dan 3 memiliki Peluang yg sama, termasuk dalam kategori hatespeech?
- iya
- tidak",tidak
4589,id_hatespeech,id_hatespeech_nusantara_text,67209ca7-1b01-4357-9e1f-7139bc82a29c,hate_or_noHate_zs_opt_contains,train,"Dalam konteks ini, apakah teks yang mengandung kata-kata seperti: RT @AT_AbdillahToha: Aksi 112 tampaknya akan diubah jadi zikir pilkada. Sejauh yg saya tahu, zikir adalah ibadah dekatkan diri ke Allah., termasuk dalam kategori hatespeech?
- iya
- tidak",tidak
4590,id_hatespeech,id_hatespeech_nusantara_text,67209ca7-1b01-4357-9e1f-7139bc82a29c,hate_or_noHate_zs_opt_contains,train,"Dalam konteks ini, apakah teks yang mengandung kata-kata seperti: RT @blogdokter: Janganlah karena pilkada dan kepentingan politik sesaat, persahabatan dan persaudaraan kita terputus | Kita adalah saudara., termasuk dalam kategori hatespeech?
- iya
- tidak",tidak
4591,id_hatespeech,id_hatespeech_nusantara_text,67209ca7-1b01-4357-9e1f-7139bc82a29c,hate_or_noHate_zs_opt_contains,train,"Dalam konteks ini, apakah teks yang mengandung kata-kata seperti: RT @Brani2000: Pilkada di Beltim di kampung sendiri ahok hanya 33% suara. Di Babel kalah telak. Pilkada di DKI? paling cuma 3% suara, termasuk dalam kategori hatespeech?
- iya
- tidak",tidak
4592,id_hatespeech,id_hatespeech_nusantara_text,67209ca7-1b01-4357-9e1f-7139bc82a29c,hate_or_noHate_zs_opt_contains,train,"Dalam konteks ini, apakah teks yang mengandung kata-kata seperti: RT @digembok: Ya allah... Beneran... Pak ahok akhirnya samperin si emak..., termasuk dalam kategori hatespeech?
- iya
- tidak",tidak
4593,id_hatespeech,id_hatespeech_nusantara_text,67209ca7-1b01-4357-9e1f-7139bc82a29c,hate_or_noHate_zs_opt_contains,train,"Dalam konteks ini, apakah teks yang mengandung kata-kata seperti: Terimakasih Pak @basukibtp untuk 5 tahunnya, 3 tahun sbg wakil gubernur & 2 tahun sbg gubernur!, termasuk dalam kategori hatespeech?
- iya
- tidak",tidak
4594,id_hatespeech,id_hatespeech_nusantara_text,67209ca7-1b01-4357-9e1f-7139bc82a29c,hate_or_noHate_zs_opt_contains,train,"Dalam konteks ini, apakah teks yang mengandung kata-kata seperti: RT @eliya_mkom: kesimpulannya tuips, mari kita menangkan Agus Sylvi SATU Putaran, gak perlu pakai 2 putaran segala, cuma habiskan waktu, termasuk dalam kategori hatespeech?
- iya
- tidak",tidak
4595,id_hatespeech,id_hatespeech_nusantara_text,67209ca7-1b01-4357-9e1f-7139bc82a29c,hate_or_noHate_zs_opt_contains,train,"Dalam konteks ini, apakah teks yang mengandung kata-kata seperti: Dan selamat atas kemenangannya untuk bapak Anies & Sandi. Semoga Jakarta bisa bersatu lagi, termasuk dalam kategori hatespeech?
- iya
- tidak",tidak
4596,id_hatespeech,id_hatespeech_nusantara_text,67209ca7-1b01-4357-9e1f-7139bc82a29c,hate_or_noHate_zs_opt_contains,train,"Dalam konteks ini, apakah teks yang mengandung kata-kata seperti: Bangga masih memiliki putra bangsa seperti pak Basuki dan pak Jarot., termasuk dalam kategori hatespeech?
- iya
- tidak",tidak
4597,id_hatespeech,id_hatespeech_nusantara_text,67209ca7-1b01-4357-9e1f-7139bc82a29c,hate_or_noHate_zs_opt_contains,train,"Dalam konteks ini, apakah teks yang mengandung kata-kata seperti: Temen-temen, apapun pilihannya, masih ada kehidupan setelah pilkada. Mari saling merangkul & saatnya Jakarta maju dan bahagia bersama., termasuk dalam kategori hatespeech?
- iya
- tidak",tidak
4598,id_hatespeech,id_hatespeech_nusantara_text,67209ca7-1b01-4357-9e1f-7139bc82a29c,hate_or_noHate_zs_opt_contains,train,"Dalam konteks ini, apakah teks yang mengandung kata-kata seperti: Selamat atas status barunya pak #Aniessandi, semangat ya pak, semoga semua sesuai dengan janjinya, termasuk dalam kategori hatespeech?
- iya
- tidak",tidak
4599,id_hatespeech,id_hatespeech_nusantara_text,67209ca7-1b01-4357-9e1f-7139bc82a29c,hate_or_noHate_zs_opt_contains,train,"Dalam konteks ini, apakah teks yang mengandung kata-kata seperti: Pak ahok @basukibtp tetep semangat yaaa, saya akan selalu menghargai kerja keras bapak dan saya ucapkan selamat atas kemenangan paslon nomor 3 yaitu #AniesSandi!, termasuk dalam kategori hatespeech?
- iya
- tidak",tidak
4600,id_hatespeech,id_hatespeech_nusantara_text,67209ca7-1b01-4357-9e1f-7139bc82a29c,hate_or_noHate_zs_opt_contains,train,"Dalam konteks ini, apakah teks yang mengandung kata-kata seperti: Terima kasih pak ahok pak djarot kami bangga perna di pimpin sama bapak berdua...tetap semangat...sukses terus pak, termasuk dalam kategori hatespeech?
- iya
- tidak",tidak
4601,id_hatespeech,id_hatespeech_nusantara_text,67209ca7-1b01-4357-9e1f-7139bc82a29c,hate_or_noHate_zs_opt_contains,train,"Dalam konteks ini, apakah teks yang mengandung kata-kata seperti: Terima kasih Pak Ahok-Djarot telah bersama kami beberapa tahun ini, termasuk dalam kategori hatespeech?
- iya
- tidak",tidak
4602,id_hatespeech,id_hatespeech_nusantara_text,67209ca7-1b01-4357-9e1f-7139bc82a29c,hate_or_noHate_zs_opt_contains,train,"Dalam konteks ini, apakah teks yang mengandung kata-kata seperti: RT @FerpuAdvocates: Sumarsono: Gaya Pak Ahok yg Kerja Keras Patut Dicontoh dan itu Bagus!!!, termasuk dalam kategori hatespeech?
- iya
- tidak",tidak
4603,id_hatespeech,id_hatespeech_nusantara_text,67209ca7-1b01-4357-9e1f-7139bc82a29c,hate_or_noHate_zs_opt_contains,train,"Dalam konteks ini, apakah teks yang mengandung kata-kata seperti: RT @Franstone888: Klo semua mau jujur dan pake hati nurani, Ahok adlh yg terbaik buat Jakarta. Gubernur yg jujur dan benar2 perhatian pd warga, termasuk dalam kategori hatespeech?
- iya
- tidak",tidak
4604,id_hatespeech,id_hatespeech_nusantara_text,67209ca7-1b01-4357-9e1f-7139bc82a29c,hate_or_noHate_zs_opt_contains,train,"Dalam konteks ini, apakah teks yang mengandung kata-kata seperti: Pak Ahok the best aku salut sama pak orang nya sabar dengan cobaan dari tuhan Pak Ahok is the best, termasuk dalam kategori hatespeech?
- iya
- tidak",tidak
4605,id_hatespeech,id_hatespeech_nusantara_text,67209ca7-1b01-4357-9e1f-7139bc82a29c,hate_or_noHate_zs_opt_contains,train,"Dalam konteks ini, apakah teks yang mengandung kata-kata seperti: RT @hariadhi: Makasih Pak Ahok, sudah ajarkan kami makna peduli sama rakyat. Andai di masa depan saya dpt kesempatan, termasuk dalam kategori hatespeech?
- iya
- tidak",tidak
4606,id_hatespeech,id_hatespeech_nusantara_text,67209ca7-1b01-4357-9e1f-7139bc82a29c,hate_or_noHate_zs_opt_contains,train,"Dalam konteks ini, apakah teks yang mengandung kata-kata seperti: RT @IpungLombok: Hadeuuuh.. Kenapa jadi gaduh gini Pilkada DKI ya... Padahal Pilkada serentak 2015 lalu aman aman saja?, termasuk dalam kategori hatespeech?
- iya
- tidak",tidak
4607,id_hatespeech,id_hatespeech_nusantara_text,67209ca7-1b01-4357-9e1f-7139bc82a29c,hate_or_noHate_zs_opt_contains,train,"Dalam konteks ini, apakah teks yang mengandung kata-kata seperti: RT @MbakNevi: Masyarakat Transportasi Jakarta dukung Ahok-Djarot, https:\/\/t.co\/7fdwk8XvCB, termasuk dalam kategori hatespeech?
- iya
- tidak",tidak
4608,id_hatespeech,id_hatespeech_nusantara_text,67209ca7-1b01-4357-9e1f-7139bc82a29c,hate_or_noHate_zs_opt_contains,train,"Dalam konteks ini, apakah teks yang mengandung kata-kata seperti: Saya sudah tidak tertarik melihat Debat Pilkada DKI, namun ada yang menarik. Salah satu Cagub sering mengepalkan tangan pada saat menjelas, termasuk dalam kategori hatespeech?
- iya
- tidak",tidak
4609,id_hatespeech,id_hatespeech_nusantara_text,67209ca7-1b01-4357-9e1f-7139bc82a29c,hate_or_noHate_zs_opt_contains,train,"Dalam konteks ini, apakah teks yang mengandung kata-kata seperti: Semangat terus. Maju terus di dalam TUHAN. God Bless you more and forever bpk ahok dan family, termasuk dalam kategori hatespeech?
- iya
- tidak",tidak
4610,id_hatespeech,id_hatespeech_nusantara_text,67209ca7-1b01-4357-9e1f-7139bc82a29c,hate_or_noHate_zs_opt_contains,train,"Dalam konteks ini, apakah teks yang mengandung kata-kata seperti: Selamat bertugas pak Anis, semoga Jakarta menjadi lebih baik lagi!, termasuk dalam kategori hatespeech?
- iya
- tidak",tidak
4611,id_hatespeech,id_hatespeech_nusantara_text,67209ca7-1b01-4357-9e1f-7139bc82a29c,hate_or_noHate_zs_opt_contains,train,"Dalam konteks ini, apakah teks yang mengandung kata-kata seperti: @aniesbaswedan @sandiuno selamat ya pak, kami tunggu program terealisasi. Jangan kecewakan Jakarta, termasuk dalam kategori hatespeech?
- iya
- tidak",tidak
4612,id_hatespeech,id_hatespeech_nusantara_text,67209ca7-1b01-4357-9e1f-7139bc82a29c,hate_or_noHate_zs_opt_contains,train,"Dalam konteks ini, apakah teks yang mengandung kata-kata seperti: Saya selalu mendoakan yg terbaik untk bapak dan bapak juga mendapatkan banyak ucapan dari saudara di gaza palestina, termasuk dalam kategori hatespeech?
- iya
- tidak",tidak
4613,id_hatespeech,id_hatespeech_nusantara_text,67209ca7-1b01-4357-9e1f-7139bc82a29c,hate_or_noHate_zs_opt_contains,train,"Dalam konteks ini, apakah teks yang mengandung kata-kata seperti: Selamat untk bpk @aniesbaswedan & @sandiagauno atas kemenangannya. Semoga allah memberkahi disetiap langkah yg bapak ambil aminnn salam3jari, termasuk dalam kategori hatespeech?
- iya
- tidak",tidak
4614,id_hatespeech,id_hatespeech_nusantara_text,67209ca7-1b01-4357-9e1f-7139bc82a29c,hate_or_noHate_zs_opt_contains,train,"Dalam konteks ini, apakah teks yang mengandung kata-kata seperti: RT @netmediatama: Mereka telah siap berikan yang terbaik di ajang debat terbuka!, termasuk dalam kategori hatespeech?
- iya
- tidak",tidak
4615,id_hatespeech,id_hatespeech_nusantara_text,67209ca7-1b01-4357-9e1f-7139bc82a29c,hate_or_noHate_zs_opt_contains,train,"Dalam konteks ini, apakah teks yang mengandung kata-kata seperti: Pak anies dan pak @sandiuno selamat ya sudah terpilih jd gubernur dan wagub Jakarta., termasuk dalam kategori hatespeech?
- iya
- tidak",tidak
4616,id_hatespeech,id_hatespeech_nusantara_text,67209ca7-1b01-4357-9e1f-7139bc82a29c,hate_or_noHate_zs_opt_contains,train,"Dalam konteks ini, apakah teks yang mengandung kata-kata seperti: RT @PartaiSocmed: Kejahatan perbankan yg di spin oleh tim AHY untuk kepentingan pilkada, termasuk dalam kategori hatespeech?
- iya
- tidak",tidak
4617,id_hatespeech,id_hatespeech_nusantara_text,67209ca7-1b01-4357-9e1f-7139bc82a29c,hate_or_noHate_zs_opt_contains,train,"Dalam konteks ini, apakah teks yang mengandung kata-kata seperti: RT @swamediumcom: Agus-Sylvi Diprediksi Maju di Putaran Kedua Pilkada DKI versi Survey GRP, termasuk dalam kategori hatespeech?
- iya
- tidak",tidak
4618,id_hatespeech,id_hatespeech_nusantara_text,67209ca7-1b01-4357-9e1f-7139bc82a29c,hate_or_noHate_zs_opt_contains,train,"Dalam konteks ini, apakah teks yang mengandung kata-kata seperti: RT @temanAhok: Alhamdulillah sambutan antusias warga di tiap blusukan pak Ahok selalu real. Ngga ada settingan., termasuk dalam kategori hatespeech?
- iya
- tidak",tidak
4619,id_hatespeech,id_hatespeech_nusantara_text,67209ca7-1b01-4357-9e1f-7139bc82a29c,hate_or_noHate_zs_opt_contains,train,"Dalam konteks ini, apakah teks yang mengandung kata-kata seperti: Sampai detik ini pak ahok masih harapan terbesar saya #prayforjakarta, termasuk dalam kategori hatespeech?
- iya
- tidak",tidak
4620,id_hatespeech,id_hatespeech_nusantara_text,67209ca7-1b01-4357-9e1f-7139bc82a29c,hate_or_noHate_zs_opt_contains,train,"Dalam konteks ini, apakah teks yang mengandung kata-kata seperti: Tuhan punya rencana yg indah buat Pak Ahok dan Pak Djarot, termasuk dalam kategori hatespeech?
- iya
- tidak",tidak
4621,id_hatespeech,id_hatespeech_nusantara_text,67209ca7-1b01-4357-9e1f-7139bc82a29c,hate_or_noHate_zs_opt_contains,train,"Dalam konteks ini, apakah teks yang mengandung kata-kata seperti: Selamat dan terima kasih banyak untuk pak Ahok dan pak Djarot yg sudah menunjukan bahwa negara ini masih punya orang2 baik, termasuk dalam kategori hatespeech?
- iya
- tidak",tidak
4622,id_hatespeech,id_hatespeech_nusantara_text,67209ca7-1b01-4357-9e1f-7139bc82a29c,hate_or_noHate_zs_opt_contains,train,"Dalam konteks ini, apakah teks yang mengandung kata-kata seperti: Terima kasih pak atas segala kebaikan untuk jakarta yang sudah kalian tancapkan di hati warga jakarta, termasuk dalam kategori hatespeech?
- iya
- tidak",tidak
4623,id_hatespeech,id_hatespeech_nusantara_text,67209ca7-1b01-4357-9e1f-7139bc82a29c,hate_or_noHate_zs_opt_contains,train,"Dalam konteks ini, apakah teks yang mengandung kata-kata seperti: Pasti bapak anies sandi kemungkinan besar menang, termasuk dalam kategori hatespeech?
- iya
- tidak",tidak
4624,id_hatespeech,id_hatespeech_nusantara_text,67209ca7-1b01-4357-9e1f-7139bc82a29c,hate_or_noHate_zs_opt_contains,train,"Dalam konteks ini, apakah teks yang mengandung kata-kata seperti: Terima kasih. Kepada pendukung kami, percayalah... Tuhan tahu yang terbaik. #JakartaPunyaSemua, termasuk dalam kategori hatespeech?
- iya
- tidak",tidak
4625,id_hatespeech,id_hatespeech_nusantara_text,67209ca7-1b01-4357-9e1f-7139bc82a29c,hate_or_noHate_zs_opt_contains,train,"Dalam konteks ini, apakah teks yang mengandung kata-kata seperti: Gubernur dan wakil gubernur terbaik yang pernah jakarta miliki., termasuk dalam kategori hatespeech?
- iya
- tidak",tidak
4626,id_hatespeech,id_hatespeech_nusantara_text,67209ca7-1b01-4357-9e1f-7139bc82a29c,hate_or_noHate_zs_opt_contains,train,"Dalam konteks ini, apakah teks yang mengandung kata-kata seperti: RT @triwul82: Jelang Akhir Masa Tugas, Plt Gubernur DKI Akui Kinerja Ahok https:\/\/t.co\/04ihgI5cwZ, termasuk dalam kategori hatespeech?
- iya
- tidak",tidak
4627,id_hatespeech,id_hatespeech_nusantara_text,67209ca7-1b01-4357-9e1f-7139bc82a29c,hate_or_noHate_zs_opt_contains,train,"Dalam konteks ini, apakah teks yang mengandung kata-kata seperti: RT @Wolfcrime: Pendukung yang Telah Dibaiat tapi Tak Pilih Agus-Sylvi Akan Terima Risikonya, termasuk dalam kategori hatespeech?
- iya
- tidak",tidak
4628,id_hatespeech,id_hatespeech_nusantara_text,67209ca7-1b01-4357-9e1f-7139bc82a29c,hate_or_noHate_zs_opt_contains,train,"Dalam konteks ini, apakah teks yang mengandung kata-kata seperti: Mutiara tetap mutiara Pak Ahok Djarot. Tuhan pny rencana yg lebih dahsyat utk Bapak ber2 utk Indonesia. Maju terus., termasuk dalam kategori hatespeech?
- iya
- tidak",tidak
4629,id_hatespeech,id_hatespeech_nusantara_text,67209ca7-1b01-4357-9e1f-7139bc82a29c,hate_or_noHate_zs_opt_contains,train,"Dalam konteks ini, apakah teks yang mengandung kata-kata seperti: Tuhan percayakan hal yang lebih Besar lagi kepada Pak Ahok selain hanya menjadi Gubernur Dki jakarta., termasuk dalam kategori hatespeech?
- iya
- tidak",tidak
4630,id_hatespeech,id_hatespeech_nusantara_text,67209ca7-1b01-4357-9e1f-7139bc82a29c,hate_or_noHate_zs_opt_contains,train,"Dalam konteks ini, apakah teks yang mengandung kata-kata seperti: I LOVE YOU PAK AHOK.AKU HANYA BISA BERDOA SEMOGA TUHAN MEMBERKATI. SALAM 2 JARI UNTUK PA AHOK I LOVE YOU, termasuk dalam kategori hatespeech?
- iya
- tidak",tidak
4631,id_hatespeech,id_hatespeech_nusantara_text,67209ca7-1b01-4357-9e1f-7139bc82a29c,hate_or_noHate_zs_opt_contains,train,"Dalam konteks ini, apakah teks yang mengandung kata-kata seperti: Survei Terbaru: Anies-Sandi Melejit Jauh Tinggalkan Ahok-Djarot https:\/\/t.co\/2IHhuzPsbF, termasuk dalam kategori hatespeech?
- iya
- tidak",tidak
4632,id_hatespeech,id_hatespeech_nusantara_text,67209ca7-1b01-4357-9e1f-7139bc82a29c,hate_or_noHate_zs_opt_contains,train,"Dalam konteks ini, apakah teks yang mengandung kata-kata seperti: Aku akui pak ahok itu tangguh sekali dan apa adanya, termasuk dalam kategori hatespeech?
- iya
- tidak",tidak
4633,id_hatespeech,id_hatespeech_nusantara_text,67209ca7-1b01-4357-9e1f-7139bc82a29c,hate_or_noHate_zs_opt_contains,train,"Dalam konteks ini, apakah teks yang mengandung kata-kata seperti: saya selalu mendukung dan berdoa untukmu ahokdjarot terimakasih, termasuk dalam kategori hatespeech?
- iya
- tidak",tidak
4634,id_hatespeech,id_hatespeech_nusantara_text,67209ca7-1b01-4357-9e1f-7139bc82a29c,hate_or_noHate_zs_opt_contains,train,"Dalam konteks ini, apakah teks yang mengandung kata-kata seperti: Meski Badj tak lagi menjadi pelayan rakyat...kami selalu berdoa terbaik buat Badja. Kami bangga pernah memiliki kalian., termasuk dalam kategori hatespeech?
- iya
- tidak",tidak
4635,id_hatespeech,id_hatespeech_nusantara_text,67209ca7-1b01-4357-9e1f-7139bc82a29c,hate_or_noHate_zs_opt_contains,train,"Dalam konteks ini, apakah teks yang mengandung kata-kata seperti: Mudah2han pak ahok jadi nomor satu di Indonesia, termasuk dalam kategori hatespeech?
- iya
- tidak",tidak
4636,id_hatespeech,id_hatespeech_nusantara_text,67209ca7-1b01-4357-9e1f-7139bc82a29c,hate_or_noHate_zs_opt_contains,train,"Dalam konteks ini, apakah teks yang mengandung kata-kata seperti: TPS Paslon Pilkada DKI Akan Dijaga Ketat, termasuk dalam kategori hatespeech?
- iya
- tidak",tidak
4637,id_hatespeech,id_hatespeech_nusantara_text,67209ca7-1b01-4357-9e1f-7139bc82a29c,hate_or_noHate_zs_opt_contains,train,"Dalam konteks ini, apakah teks yang mengandung kata-kata seperti: saya bukan penduduk jakarta. tapi saya kagum pada sosok ahok dan jarot.allah memang punya rencana lain.selamat pada beliau, termasuk dalam kategori hatespeech?
- iya
- tidak",tidak
4638,id_hatespeech,id_hatespeech_nusantara_text,67209ca7-1b01-4357-9e1f-7139bc82a29c,hate_or_noHate_zs_opt_contains,train,"Dalam konteks ini, apakah teks yang mengandung kata-kata seperti: Pak anies tolong bongkar lagi masjid yg di bangun pak ahok di daan mogot, termasuk dalam kategori hatespeech?
- iya
- tidak",tidak
4639,id_hatespeech,id_hatespeech_nusantara_text,67209ca7-1b01-4357-9e1f-7139bc82a29c,hate_or_noHate_zs_opt_contains,train,"Dalam konteks ini, apakah teks yang mengandung kata-kata seperti: Yang blm pada move on mending bsk piknik aja mumpung long weekend hehehe, termasuk dalam kategori hatespeech?
- iya
- tidak",tidak
4640,id_hatespeech,id_hatespeech_nusantara_text,67209ca7-1b01-4357-9e1f-7139bc82a29c,hate_or_noHate_zs_opt_contains,train,"Dalam konteks ini, apakah teks yang mengandung kata-kata seperti: Semoga bapak bisa meneladani sosok bang yos gubernur jakarta yang sangat cinta @persijajkt, termasuk dalam kategori hatespeech?
- iya
- tidak",tidak
4641,id_hatespeech,id_hatespeech_nusantara_text,67209ca7-1b01-4357-9e1f-7139bc82a29c,hate_or_noHate_zs_opt_contains,train,"Dalam konteks ini, apakah teks yang mengandung kata-kata seperti: Pemimpin yg baik pemimpin yg mengerti akan jiwa pemuda, lanjutkan pak @aniesbaswedan, termasuk dalam kategori hatespeech?
- iya
- tidak",tidak
4642,id_hatespeech,id_hatespeech_nusantara_text,67209ca7-1b01-4357-9e1f-7139bc82a29c,hate_or_noHate_zs_opt_contains,train,"Dalam konteks ini, apakah teks yang mengandung kata-kata seperti: kami disini mendulungmu untuk jakarta yg maju bukan hanya ekonomi nya tapi juga prestasi sepakbola nya, termasuk dalam kategori hatespeech?
- iya
- tidak",tidak
4643,id_hatespeech,id_hatespeech_nusantara_text,67209ca7-1b01-4357-9e1f-7139bc82a29c,hate_or_noHate_zs_opt_contains,train,"Dalam konteks ini, apakah teks yang mengandung kata-kata seperti: Negara kita negara BHINEKA TUNGGAL IKA. jadi ga liat pemimpin dengan agama ,ras ,budaya, termasuk dalam kategori hatespeech?
- iya
- tidak",tidak
4644,id_hatespeech,id_hatespeech_nusantara_text,67209ca7-1b01-4357-9e1f-7139bc82a29c,hate_or_noHate_zs_opt_contains,train,"Dalam konteks ini, apakah teks yang mengandung kata-kata seperti: pak @aniesbaswedan kami disini mendulungmu untuk jakarta yg maju bukan hanya ekonomi nya tapi juga prestasi sepakbola nya, termasuk dalam kategori hatespeech?
- iya
- tidak",tidak
4645,id_hatespeech,id_hatespeech_nusantara_text,67209ca7-1b01-4357-9e1f-7139bc82a29c,hate_or_noHate_zs_opt_contains,train,"Dalam konteks ini, apakah teks yang mengandung kata-kata seperti: Gw yakin suatu saat pasti Pak @basuki_btp akan ada patungnya sebagai tanda jasa entah itu di indo atau di madame tussaud., termasuk dalam kategori hatespeech?
- iya
- tidak",tidak
4646,id_hatespeech,id_hatespeech_nusantara_text,67209ca7-1b01-4357-9e1f-7139bc82a29c,hate_or_noHate_zs_opt_contains,train,"Dalam konteks ini, apakah teks yang mengandung kata-kata seperti: Doa itu sebaiknya yg baik2. Karena Tuhan juga baik. Klo doa jelek jahat, akan berbalik ke diri yg mendoakan loh, termasuk dalam kategori hatespeech?
- iya
- tidak",tidak
4647,id_hatespeech,id_hatespeech_nusantara_text,67209ca7-1b01-4357-9e1f-7139bc82a29c,hate_or_noHate_zs_opt_contains,train,"Dalam konteks ini, apakah teks yang mengandung kata-kata seperti: #badja Jakarta tidak butuh kalian lagi, tapi Indonesia menunggu untuk pengabdian kalian., termasuk dalam kategori hatespeech?
- iya
- tidak",tidak
4648,id_hatespeech,id_hatespeech_nusantara_text,67209ca7-1b01-4357-9e1f-7139bc82a29c,hate_or_noHate_zs_opt_contains,train,"Dalam konteks ini, apakah teks yang mengandung kata-kata seperti: Artikel saya untuk Mas @pandji. Dari reklamasi, penggusuran, DP 0 Rupiah, OKE OCE, hingga ""figur pemersatu""., termasuk dalam kategori hatespeech?
- iya
- tidak",tidak
4649,id_hatespeech,id_hatespeech_nusantara_text,67209ca7-1b01-4357-9e1f-7139bc82a29c,hate_or_noHate_zs_opt_contains,train,"Dalam konteks ini, apakah teks yang mengandung kata-kata seperti: #BesokGueAhok Karena Terbukti Dan Teruji Dari Segi Kerjanya,Ahok Untuk DKI Jakarta Lebih Baik Kemudian #TetapAhok, termasuk dalam kategori hatespeech?
- iya
- tidak",tidak
4650,id_hatespeech,id_hatespeech_nusantara_text,67209ca7-1b01-4357-9e1f-7139bc82a29c,hate_or_noHate_zs_opt_contains,train,"Dalam konteks ini, apakah teks yang mengandung kata-kata seperti: ga tinggal di Jakarta sih, tp 1 rumah ngotot banget dukung Pak @basuki_btp!, termasuk dalam kategori hatespeech?
- iya
- tidak",tidak
4651,id_hatespeech,id_hatespeech_nusantara_text,67209ca7-1b01-4357-9e1f-7139bc82a29c,hate_or_noHate_zs_opt_contains,train,"Dalam konteks ini, apakah teks yang mengandung kata-kata seperti: Semangat Pilkada! Untukmu pilihanmu dan untukku pilihanku #tetapahok, termasuk dalam kategori hatespeech?
- iya
- tidak",tidak
4652,id_hatespeech,id_hatespeech_nusantara_text,67209ca7-1b01-4357-9e1f-7139bc82a29c,hate_or_noHate_zs_opt_contains,train,"Dalam konteks ini, apakah teks yang mengandung kata-kata seperti: Tapi perbedaan vital di reklamasi sama perumahan, justru gak bisa berkutik sama sekali., termasuk dalam kategori hatespeech?
- iya
- tidak",tidak
4653,id_hatespeech,id_hatespeech_nusantara_text,67209ca7-1b01-4357-9e1f-7139bc82a29c,hate_or_noHate_zs_opt_contains,train,"Dalam konteks ini, apakah teks yang mengandung kata-kata seperti: Sabar dulu jgn tergesa2 nagih, beliau belum dilantik baru bulan Oktober nanti., termasuk dalam kategori hatespeech?
- iya
- tidak",tidak
4654,id_hatespeech,id_hatespeech_nusantara_text,67209ca7-1b01-4357-9e1f-7139bc82a29c,hate_or_noHate_zs_opt_contains,train,"Dalam konteks ini, apakah teks yang mengandung kata-kata seperti: Pak @aniesbaswedan knpa ngga mampir dulu ke tempat saya. Orangtua saya ngefans bgt, termasuk dalam kategori hatespeech?
- iya
- tidak",tidak
4655,id_hatespeech,id_hatespeech_nusantara_text,67209ca7-1b01-4357-9e1f-7139bc82a29c,hate_or_noHate_zs_opt_contains,train,"Dalam konteks ini, apakah teks yang mengandung kata-kata seperti: Semoga @persijajkt lebih maju dengan adanya gubernur era baru., termasuk dalam kategori hatespeech?
- iya
- tidak",tidak
4656,id_hatespeech,id_hatespeech_nusantara_text,67209ca7-1b01-4357-9e1f-7139bc82a29c,hate_or_noHate_zs_opt_contains,train,"Dalam konteks ini, apakah teks yang mengandung kata-kata seperti: Tetap di masyarakat jakarta dan selalu membuat jakarta lebih baik.Dan hasilnya pun sudah terbukti, termasuk dalam kategori hatespeech?
- iya
- tidak",tidak
4657,id_hatespeech,id_hatespeech_nusantara_text,67209ca7-1b01-4357-9e1f-7139bc82a29c,hate_or_noHate_zs_opt_contains,train,"Dalam konteks ini, apakah teks yang mengandung kata-kata seperti: saya sebagai masyarakat jakarta salut terhadap kepemimpinan pak ahok., termasuk dalam kategori hatespeech?
- iya
- tidak",tidak
4658,id_hatespeech,id_hatespeech_nusantara_text,67209ca7-1b01-4357-9e1f-7139bc82a29c,hate_or_noHate_zs_opt_contains,train,"Dalam konteks ini, apakah teks yang mengandung kata-kata seperti: Semua sayang ahok. Saya berharap ahok bisa jadi presiden selanjutnya bersama pak jokowi., termasuk dalam kategori hatespeech?
- iya
- tidak",tidak
4659,id_hatespeech,id_hatespeech_nusantara_text,67209ca7-1b01-4357-9e1f-7139bc82a29c,hate_or_noHate_zs_opt_contains,train,"Dalam konteks ini, apakah teks yang mengandung kata-kata seperti: Bukan lagi milik jakarta lagi ahok tapi milik kita untuk membangun jakarta lebih baik, termasuk dalam kategori hatespeech?
- iya
- tidak",tidak
4660,id_hatespeech,id_hatespeech_nusantara_text,67209ca7-1b01-4357-9e1f-7139bc82a29c,hate_or_noHate_zs_opt_contains,train,"Dalam konteks ini, apakah teks yang mengandung kata-kata seperti: Pak Ahok, jadi cagub di Bekasi aja ya pak... Bekasi mau dipimpin orang seperti bapak, biar ada perubahan lebih baik @basukibtp, termasuk dalam kategori hatespeech?
- iya
- tidak",tidak
4661,id_hatespeech,id_hatespeech_nusantara_text,67209ca7-1b01-4357-9e1f-7139bc82a29c,hate_or_noHate_zs_opt_contains,train,"Dalam konteks ini, apakah teks yang mengandung kata-kata seperti: Kekalahan Ahok adalah kemunduran peradaban di Indonesia. Selamat datang radikalisme. Akal sehat sudah tidak ada dinegara ini., termasuk dalam kategori hatespeech?
- iya
- tidak",tidak
4662,id_hatespeech,id_hatespeech_nusantara_text,67209ca7-1b01-4357-9e1f-7139bc82a29c,hate_or_noHate_zs_opt_contains,train,"Dalam konteks ini, apakah teks yang mengandung kata-kata seperti: Semangat pak ahok , bapak sudah berjuang sekuat tenaga dan sudah berusaha melakukan yang terbaik, terima kasih pak, termasuk dalam kategori hatespeech?
- iya
- tidak",tidak
4663,id_hatespeech,id_hatespeech_nusantara_text,67209ca7-1b01-4357-9e1f-7139bc82a29c,hate_or_noHate_zs_opt_contains,train,"Dalam konteks ini, apakah teks yang mengandung kata-kata seperti: Terima Kasih pak sudah mengabdi dijakarta dengan segudang permintaan warga., termasuk dalam kategori hatespeech?
- iya
- tidak",tidak
4664,id_hatespeech,id_hatespeech_nusantara_text,67209ca7-1b01-4357-9e1f-7139bc82a29c,hate_or_noHate_zs_opt_contains,train,"Dalam konteks ini, apakah teks yang mengandung kata-kata seperti: Mungkin ada kata kata yang menyakitkan ya pak, tapi semoga itu menjadi semangat untuk bapak kedepannya., termasuk dalam kategori hatespeech?
- iya
- tidak",tidak
4665,id_hatespeech,id_hatespeech_nusantara_text,67209ca7-1b01-4357-9e1f-7139bc82a29c,hate_or_noHate_zs_opt_contains,train,"Dalam konteks ini, apakah teks yang mengandung kata-kata seperti: Walaupun bapak tidak menang. Tapi saya menikmati kerja keras bapak selama menjabat. Terima kasih untuk bapak ahok., termasuk dalam kategori hatespeech?
- iya
- tidak",tidak
4666,id_hatespeech,id_hatespeech_nusantara_text,67209ca7-1b01-4357-9e1f-7139bc82a29c,hate_or_noHate_zs_opt_contains,train,"Dalam konteks ini, apakah teks yang mengandung kata-kata seperti: miris ya pak ahok...sukses slalu buat my idola pak ahok, termasuk dalam kategori hatespeech?
- iya
- tidak",tidak
4667,id_hatespeech,id_hatespeech_nusantara_text,67209ca7-1b01-4357-9e1f-7139bc82a29c,hate_or_noHate_zs_opt_contains,train,"Dalam konteks ini, apakah teks yang mengandung kata-kata seperti: Gue lebih suka Ahok bantuin Jokowi ngurusin Indonesia agar lebih cepet maju, bukan hanya Jakarta., termasuk dalam kategori hatespeech?
- iya
- tidak",tidak
4668,id_hatespeech,id_hatespeech_nusantara_text,67209ca7-1b01-4357-9e1f-7139bc82a29c,hate_or_noHate_zs_opt_contains,train,"Dalam konteks ini, apakah teks yang mengandung kata-kata seperti: Pak kok saya pngn peluk bapak sambil bilang "" pak tetap semangat ya, saya selalu mendoakan yg terbaik untuk bapak"", termasuk dalam kategori hatespeech?
- iya
- tidak",tidak
4669,id_hatespeech,id_hatespeech_nusantara_text,67209ca7-1b01-4357-9e1f-7139bc82a29c,hate_or_noHate_zs_opt_contains,train,"Dalam konteks ini, apakah teks yang mengandung kata-kata seperti: aya bukan warga jakarta tp saya sering ke jakarta.....saya bangga jakarta pernah di pegang bapak. Jadi rapih pak sekarang....., termasuk dalam kategori hatespeech?
- iya
- tidak",tidak
4670,id_hatespeech,id_hatespeech_nusantara_text,67209ca7-1b01-4357-9e1f-7139bc82a29c,hate_or_noHate_zs_opt_contains,train,"Dalam konteks ini, apakah teks yang mengandung kata-kata seperti: Maka seyogyanya pilihanku #TetapAhok karna terlihat pencerahan pd sistem birokrasi., termasuk dalam kategori hatespeech?
- iya
- tidak",tidak
4671,id_hatespeech,id_hatespeech_nusantara_text,67209ca7-1b01-4357-9e1f-7139bc82a29c,hate_or_noHate_zs_opt_contains,train,"Dalam konteks ini, apakah teks yang mengandung kata-kata seperti: Pak ahok tetap menjadi gubenur dihatiku ...., termasuk dalam kategori hatespeech?
- iya
- tidak",tidak
4672,id_hatespeech,id_hatespeech_nusantara_text,67209ca7-1b01-4357-9e1f-7139bc82a29c,hate_or_noHate_zs_opt_contains,train,"Dalam konteks ini, apakah teks yang mengandung kata-kata seperti: Dari lahir di Jakarta sampe detik ini baru gue liat kali & pintu air Manggarai bersih dari sampah ya pas jaman Jokowi sampe Ahok. #TetapAhok, termasuk dalam kategori hatespeech?
- iya
- tidak",tidak
4673,id_hatespeech,id_hatespeech_nusantara_text,67209ca7-1b01-4357-9e1f-7139bc82a29c,hate_or_noHate_zs_opt_contains,train,"Dalam konteks ini, apakah teks yang mengandung kata-kata seperti: Gpp kalah. mungkin belom rejekinya ya pak. Bagi kami bapak tetap pemimpin yang jujur. Tetap berkarya nyata, termasuk dalam kategori hatespeech?
- iya
- tidak",tidak
4674,id_hatespeech,id_hatespeech_nusantara_text,67209ca7-1b01-4357-9e1f-7139bc82a29c,hate_or_noHate_zs_opt_contains,train,"Dalam konteks ini, apakah teks yang mengandung kata-kata seperti: Selama 20 tahun tinggal di Jakarta, baru 5 tahun terakhir benar-benar terasa perubahan dan sadar kalau itu akitbat gubernurnya., termasuk dalam kategori hatespeech?
- iya
- tidak",tidak
4675,id_hatespeech,id_hatespeech_nusantara_text,67209ca7-1b01-4357-9e1f-7139bc82a29c,hate_or_noHate_zs_opt_contains,train,"Dalam konteks ini, apakah teks yang mengandung kata-kata seperti: Aku cinta Pak Ahok. Terimakasih ya Pak atas jasa-jasa dan kerja nyatanya selama 5 tahun terakhir., termasuk dalam kategori hatespeech?
- iya
- tidak",tidak
4676,id_hatespeech,id_hatespeech_nusantara_text,67209ca7-1b01-4357-9e1f-7139bc82a29c,hate_or_noHate_zs_opt_contains,train,"Dalam konteks ini, apakah teks yang mengandung kata-kata seperti: Tetap semangat pak ahok.... terimakasih atas semua yg anda berikan untuk jakarta. sukses selalu buat pak ahok., termasuk dalam kategori hatespeech?
- iya
- tidak",tidak
4677,id_hatespeech,id_hatespeech_nusantara_text,67209ca7-1b01-4357-9e1f-7139bc82a29c,hate_or_noHate_zs_opt_contains,train,"Dalam konteks ini, apakah teks yang mengandung kata-kata seperti: Pak ahok kita tetap mendukung apapun yang terjadi, termasuk dalam kategori hatespeech?
- iya
- tidak",tidak
4678,id_hatespeech,id_hatespeech_nusantara_text,67209ca7-1b01-4357-9e1f-7139bc82a29c,hate_or_noHate_zs_opt_contains,train,"Dalam konteks ini, apakah teks yang mengandung kata-kata seperti: Terima kasih banyak buat kinerja keras dari Pak Ahok dan team selama memimpin DKI Jakarta. Tetap semangat selalu Pak. God Bless Bapak & Family., termasuk dalam kategori hatespeech?
- iya
- tidak",tidak
4679,id_hatespeech,id_hatespeech_nusantara_text,67209ca7-1b01-4357-9e1f-7139bc82a29c,hate_or_noHate_zs_opt_contains,train,"Dalam konteks ini, apakah teks yang mengandung kata-kata seperti: Bapak ahok sosok yang saya banggakan, terimakasih pak sudah merubah jakarta., termasuk dalam kategori hatespeech?
- iya
- tidak",tidak
4680,id_hatespeech,id_hatespeech_nusantara_text,67209ca7-1b01-4357-9e1f-7139bc82a29c,hate_or_noHate_zs_opt_contains,train,"Dalam konteks ini, apakah teks yang mengandung kata-kata seperti: semoga pak ahok selalu dlm lindungan tuhan, saya sayang sama pak ahok, pak ahok orang baik., termasuk dalam kategori hatespeech?
- iya
- tidak",tidak
4681,id_hatespeech,id_hatespeech_nusantara_text,67209ca7-1b01-4357-9e1f-7139bc82a29c,hate_or_noHate_zs_opt_contains,train,"Dalam konteks ini, apakah teks yang mengandung kata-kata seperti: Terima kasih pak Basuki. Sampai kapan pun sejarah akan mencatat bapak membawa perubahan bagi kami warga jakarta, termasuk dalam kategori hatespeech?
- iya
- tidak",tidak
4682,id_hatespeech,id_hatespeech_nusantara_text,67209ca7-1b01-4357-9e1f-7139bc82a29c,hate_or_noHate_zs_opt_contains,train,"Dalam konteks ini, apakah teks yang mengandung kata-kata seperti: Lanjutkan perjuangan Pak, Bapak orang baik pasti ditempatkan di tempat yg lebih baik juga., termasuk dalam kategori hatespeech?
- iya
- tidak",tidak
4683,id_hatespeech,id_hatespeech_nusantara_text,67209ca7-1b01-4357-9e1f-7139bc82a29c,hate_or_noHate_zs_opt_contains,train,"Dalam konteks ini, apakah teks yang mengandung kata-kata seperti: Kau lah yang terhebat.. Karna kau lah kami mendapat inspirasi dan pengalaman yang sangat berharga., termasuk dalam kategori hatespeech?
- iya
- tidak",tidak
4684,id_hatespeech,id_hatespeech_nusantara_text,67209ca7-1b01-4357-9e1f-7139bc82a29c,hate_or_noHate_zs_opt_contains,train,"Dalam konteks ini, apakah teks yang mengandung kata-kata seperti: Buat Pak Ahok tetap berkarya pak. Masih ada kesempatan lebih baik di 2019, termasuk dalam kategori hatespeech?
- iya
- tidak",tidak
4685,id_hatespeech,id_hatespeech_nusantara_text,67209ca7-1b01-4357-9e1f-7139bc82a29c,hate_or_noHate_zs_opt_contains,train,"Dalam konteks ini, apakah teks yang mengandung kata-kata seperti: Pak saya setuju kalo pak jadi gubenur karena kerja pak sangat bagus kerena kerja pak basuki tegas keluarga kami mendukung pak basuki, termasuk dalam kategori hatespeech?
- iya
- tidak",tidak
4686,id_hatespeech,id_hatespeech_nusantara_text,67209ca7-1b01-4357-9e1f-7139bc82a29c,hate_or_noHate_zs_opt_contains,train,"Dalam konteks ini, apakah teks yang mengandung kata-kata seperti: Bapak tetap yg terbaik untuk jakarta..terima kasih pak untuk semua yg bapak kerjakan selama ini semoga Allah selalu meridhoi bapak dalam setiap langkah bapak.., termasuk dalam kategori hatespeech?
- iya
- tidak",tidak
4687,id_hatespeech,id_hatespeech_nusantara_text,67209ca7-1b01-4357-9e1f-7139bc82a29c,hate_or_noHate_zs_opt_contains,train,"Dalam konteks ini, apakah teks yang mengandung kata-kata seperti: jabatan bukan hal penting yg terpenting bapak tetap orang terhebat di jakarta tentang kerja keras Pak Ahok..sekali lagi terima kasih Pak Ahok, termasuk dalam kategori hatespeech?
- iya
- tidak",tidak
4688,id_hatespeech,id_hatespeech_nusantara_text,67209ca7-1b01-4357-9e1f-7139bc82a29c,hate_or_noHate_zs_opt_contains,train,"Dalam konteks ini, apakah teks yang mengandung kata-kata seperti: Pak Ahok....walau saya bukan warga DKI....saya sangat sedih bapak tidak terpilih lg jd Gubenur DKI....., termasuk dalam kategori hatespeech?
- iya
- tidak",tidak
4689,id_hatespeech,id_hatespeech_nusantara_text,67209ca7-1b01-4357-9e1f-7139bc82a29c,hate_or_noHate_zs_opt_contains,train,"Dalam konteks ini, apakah teks yang mengandung kata-kata seperti: Hanya bpk lah gubernur satu satunya yg bisa membawa perubahan di Jakarta...semangat pak..., termasuk dalam kategori hatespeech?
- iya
- tidak",tidak
4690,id_hatespeech,id_hatespeech_nusantara_text,67209ca7-1b01-4357-9e1f-7139bc82a29c,hate_or_noHate_zs_opt_contains,train,"Dalam konteks ini, apakah teks yang mengandung kata-kata seperti: Pak ahok, saya mempunyai ibu, ibu saya selalu mendoakan pak ahok setiap waktu dan setiap pagi jam 3 ibu saya sebenarnya kecewa dengan hasil pilkada, termasuk dalam kategori hatespeech?
- iya
- tidak",tidak
4691,id_hatespeech,id_hatespeech_nusantara_text,67209ca7-1b01-4357-9e1f-7139bc82a29c,hate_or_noHate_zs_opt_contains,train,"Dalam konteks ini, apakah teks yang mengandung kata-kata seperti: tapi kalah menang itu biasa. kekuasaan ada di tangan tuhan, asal bapak ahok tidak menjual iman pak ahok dengan jabatan, termasuk dalam kategori hatespeech?
- iya
- tidak",tidak
4692,id_hatespeech,id_hatespeech_nusantara_text,67209ca7-1b01-4357-9e1f-7139bc82a29c,hate_or_noHate_zs_opt_contains,train,"Dalam konteks ini, apakah teks yang mengandung kata-kata seperti: Terimakasih banyak pak ahok dan djarot untuk kerja tulus dan kerasnya untuk Jakarta.., termasuk dalam kategori hatespeech?
- iya
- tidak",tidak
4693,id_hatespeech,id_hatespeech_nusantara_text,67209ca7-1b01-4357-9e1f-7139bc82a29c,hate_or_noHate_zs_opt_contains,train,"Dalam konteks ini, apakah teks yang mengandung kata-kata seperti: Media Asing Menyorot Hasil Pilkada Jakarta, termasuk dalam kategori hatespeech?
- iya
- tidak",tidak
4694,id_hatespeech,id_hatespeech_nusantara_text,67209ca7-1b01-4357-9e1f-7139bc82a29c,hate_or_noHate_zs_opt_contains,train,"Dalam konteks ini, apakah teks yang mengandung kata-kata seperti: Ahok Banyak Belajar di Pilkada DKI, termasuk dalam kategori hatespeech?
- iya
- tidak",tidak
4695,id_hatespeech,id_hatespeech_nusantara_text,67209ca7-1b01-4357-9e1f-7139bc82a29c,hate_or_noHate_zs_opt_contains,train,"Dalam konteks ini, apakah teks yang mengandung kata-kata seperti: Ini Pelajaran yang Dipetik Ahok dari Pilkada DKI, termasuk dalam kategori hatespeech?
- iya
- tidak",tidak
4696,id_hatespeech,id_hatespeech_nusantara_text,67209ca7-1b01-4357-9e1f-7139bc82a29c,hate_or_noHate_zs_opt_contains,train,"Dalam konteks ini, apakah teks yang mengandung kata-kata seperti: Ahok: Lupakan Semua Masalah Kampanye dan Pilkada, termasuk dalam kategori hatespeech?
- iya
- tidak",tidak
4697,id_hatespeech,id_hatespeech_nusantara_text,67209ca7-1b01-4357-9e1f-7139bc82a29c,hate_or_noHate_zs_opt_contains,train,"Dalam konteks ini, apakah teks yang mengandung kata-kata seperti: Presiden Percaya Pilkada DKI Hasilkan Pemimpin Terbaik, termasuk dalam kategori hatespeech?
- iya
- tidak",tidak
4698,id_hatespeech,id_hatespeech_nusantara_text,67209ca7-1b01-4357-9e1f-7139bc82a29c,hate_or_noHate_zs_opt_contains,train,"Dalam konteks ini, apakah teks yang mengandung kata-kata seperti: Kapolri Pastikan Pilkada DKI Berjalan Lancar dan Sejuk, termasuk dalam kategori hatespeech?
- iya
- tidak",tidak
4699,id_hatespeech,id_hatespeech_nusantara_text,67209ca7-1b01-4357-9e1f-7139bc82a29c,hate_or_noHate_zs_opt_contains,train,"Dalam konteks ini, apakah teks yang mengandung kata-kata seperti: Pengamat: Pilkada DKI Panas Karena Parpol Sulit Disiplinkan Massa, termasuk dalam kategori hatespeech?
- iya
- tidak",tidak
4700,id_hatespeech,id_hatespeech_nusantara_text,67209ca7-1b01-4357-9e1f-7139bc82a29c,hate_or_noHate_zs_opt_contains,train,"Dalam konteks ini, apakah teks yang mengandung kata-kata seperti: Parpol Pendukung Ahok-Djarot Komitmen Jaga Pilkada Damai, termasuk dalam kategori hatespeech?
- iya
- tidak",tidak
4701,id_hatespeech,id_hatespeech_nusantara_text,67209ca7-1b01-4357-9e1f-7139bc82a29c,hate_or_noHate_zs_opt_contains,train,"Dalam konteks ini, apakah teks yang mengandung kata-kata seperti: Amankan Pilkada DKI, Polisi Terapkan Dua Sistem Pengamanan, termasuk dalam kategori hatespeech?
- iya
- tidak",tidak
4702,id_hatespeech,id_hatespeech_nusantara_text,67209ca7-1b01-4357-9e1f-7139bc82a29c,hate_or_noHate_zs_opt_contains,train,"Dalam konteks ini, apakah teks yang mengandung kata-kata seperti: Tiga Instansi Keluarkan Maklumat Larangan Mobilisasi Massa di Pilkada DKI, termasuk dalam kategori hatespeech?
- iya
- tidak",tidak
4703,id_hatespeech,id_hatespeech_nusantara_text,67209ca7-1b01-4357-9e1f-7139bc82a29c,hate_or_noHate_zs_opt_contains,train,"Dalam konteks ini, apakah teks yang mengandung kata-kata seperti: TERNYATA BAJU YANG DIPAKAI AHOK DI DEBAT PILKADA YG SAYA TONTON MELALUI METRO TV SAMA DENGAN YANG DI TV ONE. BARUSAN SAYA CEK, termasuk dalam kategori hatespeech?
- iya
- tidak",tidak
4704,id_hatespeech,id_hatespeech_nusantara_text,67209ca7-1b01-4357-9e1f-7139bc82a29c,hate_or_noHate_zs_opt_contains,train,"Dalam konteks ini, apakah teks yang mengandung kata-kata seperti: Sebagai warga negara yang baik, lo wajib ikut mensukseskan Pilkada Jakarta 2017. Temukan performa berbeda Debat Pilkada pukul 7, termasuk dalam kategori hatespeech?
- iya
- tidak",tidak
4705,id_hatespeech,id_hatespeech_nusantara_text,67209ca7-1b01-4357-9e1f-7139bc82a29c,hate_or_noHate_zs_opt_contains,train,"Dalam konteks ini, apakah teks yang mengandung kata-kata seperti: Debat Terakhir Menentukan Elektabilitas di Pilkada DKI Putaran Kedua, termasuk dalam kategori hatespeech?
- iya
- tidak",tidak
4706,id_hatespeech,id_hatespeech_nusantara_text,67209ca7-1b01-4357-9e1f-7139bc82a29c,hate_or_noHate_zs_opt_contains,train,"Dalam konteks ini, apakah teks yang mengandung kata-kata seperti: Terima kasih bapak ahok dengan jasa2 bapak selalu membangun jakarta lebih baik lagi, termasuk dalam kategori hatespeech?
- iya
- tidak",tidak
4707,id_hatespeech,id_hatespeech_nusantara_text,67209ca7-1b01-4357-9e1f-7139bc82a29c,hate_or_noHate_zs_opt_contains,train,"Dalam konteks ini, apakah teks yang mengandung kata-kata seperti: Salut banget sm pak ahok.. benar2 berjiwa kesatria.. langsung mengucapkan selamat ke pasangan anis dan sandi.., termasuk dalam kategori hatespeech?
- iya
- tidak",tidak
4708,id_hatespeech,id_hatespeech_nusantara_text,67209ca7-1b01-4357-9e1f-7139bc82a29c,hate_or_noHate_zs_opt_contains,train,"Dalam konteks ini, apakah teks yang mengandung kata-kata seperti: keluarga sudah ke menggunakan hak pilihnya pagi ini. Jangan lupa bagi warga Jakarta untuk datang ke TPS sebelum jam 1 siang!, termasuk dalam kategori hatespeech?
- iya
- tidak",tidak
4709,id_hatespeech,id_hatespeech_nusantara_text,67209ca7-1b01-4357-9e1f-7139bc82a29c,hate_or_noHate_zs_opt_contains,train,"Dalam konteks ini, apakah teks yang mengandung kata-kata seperti: Terima kasih telah membuat Jakarta menjadi lebih baik pak... Tetap semangat!, termasuk dalam kategori hatespeech?
- iya
- tidak",tidak
4710,id_hatespeech,id_hatespeech_nusantara_text,67209ca7-1b01-4357-9e1f-7139bc82a29c,hate_or_noHate_zs_opt_contains,train,"Dalam konteks ini, apakah teks yang mengandung kata-kata seperti: Pada akhirnya, orang jahat akan jatuh, dan orang baik, akan dibangkitkan!, termasuk dalam kategori hatespeech?
- iya
- tidak",tidak
4711,id_hatespeech,id_hatespeech_nusantara_text,67209ca7-1b01-4357-9e1f-7139bc82a29c,hate_or_noHate_zs_opt_contains,train,"Dalam konteks ini, apakah teks yang mengandung kata-kata seperti: Meski dijatuhkan berkali2, Tuhan akan selalu mengangkat yg benar, termasuk dalam kategori hatespeech?
- iya
- tidak",tidak
4712,id_hatespeech,id_hatespeech_nusantara_text,67209ca7-1b01-4357-9e1f-7139bc82a29c,hate_or_noHate_zs_opt_contains,train,"Dalam konteks ini, apakah teks yang mengandung kata-kata seperti: Rencana Bapak yang di surga itu lebih indah yangg kita inginkan bapak ahok tetap semangat ya pak, termasuk dalam kategori hatespeech?
- iya
- tidak",tidak
4713,id_hatespeech,id_hatespeech_nusantara_text,67209ca7-1b01-4357-9e1f-7139bc82a29c,hate_or_noHate_zs_opt_contains,train,"Dalam konteks ini, apakah teks yang mengandung kata-kata seperti: Pak Basuki dan Pak Djarot tetap kuat didalam iman dan pengharapan..., termasuk dalam kategori hatespeech?
- iya
- tidak",tidak
4714,id_hatespeech,id_hatespeech_nusantara_text,67209ca7-1b01-4357-9e1f-7139bc82a29c,hate_or_noHate_zs_opt_contains,train,"Dalam konteks ini, apakah teks yang mengandung kata-kata seperti: Yakin bahwa ini bukan jalan yang terbaik untuk anda dari hanya sekedar Gubernur dan Wakil gubernur DKI.., termasuk dalam kategori hatespeech?
- iya
- tidak",tidak
4715,id_hatespeech,id_hatespeech_nusantara_text,67209ca7-1b01-4357-9e1f-7139bc82a29c,hate_or_noHate_zs_opt_contains,train,"Dalam konteks ini, apakah teks yang mengandung kata-kata seperti: Masyarakat Indonesia khusus DKI melihat pemimpin itu bukan dilihat hasil kerjanya, termasuk dalam kategori hatespeech?
- iya
- tidak",tidak
4716,id_hatespeech,id_hatespeech_nusantara_text,67209ca7-1b01-4357-9e1f-7139bc82a29c,hate_or_noHate_zs_opt_contains,train,"Dalam konteks ini, apakah teks yang mengandung kata-kata seperti: Kami sebagai rakyat indonesia yang bukan berasal dari DKI turut mendoakan semoga pak Basuki dan pak Djarot tidak pernah lelah melayani kami dan tetap terus semangat, termasuk dalam kategori hatespeech?
- iya
- tidak",tidak
4717,id_hatespeech,id_hatespeech_nusantara_text,67209ca7-1b01-4357-9e1f-7139bc82a29c,hate_or_noHate_zs_opt_contains,train,"Dalam konteks ini, apakah teks yang mengandung kata-kata seperti: jangan padam untuk kemanusiaan ya pak, saya mengenang semua hal manis yg telah bapak perjuangkan, termasuk dalam kategori hatespeech?
- iya
- tidak",tidak
4718,id_hatespeech,id_hatespeech_nusantara_text,67209ca7-1b01-4357-9e1f-7139bc82a29c,hate_or_noHate_zs_opt_contains,train,"Dalam konteks ini, apakah teks yang mengandung kata-kata seperti: Saya doakan pak ahok dan tamengnya tidak kejang2, termasuk dalam kategori hatespeech?
- iya
- tidak",tidak
4719,id_hatespeech,id_hatespeech_nusantara_text,67209ca7-1b01-4357-9e1f-7139bc82a29c,hate_or_noHate_zs_opt_contains,train,"Dalam konteks ini, apakah teks yang mengandung kata-kata seperti: Tetap semangat pak. Ahok.. Aku selalu dukung pak ahok djarot., termasuk dalam kategori hatespeech?
- iya
- tidak",tidak
4720,id_hatespeech,id_hatespeech_nusantara_text,67209ca7-1b01-4357-9e1f-7139bc82a29c,hate_or_noHate_zs_opt_contains,train,"Dalam konteks ini, apakah teks yang mengandung kata-kata seperti: Pemenang Debat Pilkada DKI malam ini adalah...... IRA KOESNO!!!, termasuk dalam kategori hatespeech?
- iya
- tidak",tidak
4721,id_hatespeech,id_hatespeech_nusantara_text,67209ca7-1b01-4357-9e1f-7139bc82a29c,hate_or_noHate_zs_opt_contains,train,"Dalam konteks ini, apakah teks yang mengandung kata-kata seperti: Selamat buat pasangan no 3, Anies-Sandi pemenang versi Quick Count... Terima kasih buat Ahok-Djarot atas kerja luar biasa untuk Jakarta..., termasuk dalam kategori hatespeech?
- iya
- tidak",tidak
4722,id_hatespeech,id_hatespeech_nusantara_text,67209ca7-1b01-4357-9e1f-7139bc82a29c,hate_or_noHate_zs_opt_contains,train,"Dalam konteks ini, apakah teks yang mengandung kata-kata seperti: Semangat pak ahok walaupun saya warga bandung tapi saya yakin pak ahok yg jadi juara..., termasuk dalam kategori hatespeech?
- iya
- tidak",tidak
4723,id_hatespeech,id_hatespeech_nusantara_text,67209ca7-1b01-4357-9e1f-7139bc82a29c,hate_or_noHate_zs_opt_contains,train,"Dalam konteks ini, apakah teks yang mengandung kata-kata seperti: yg jelas, kerja keras, pasti, dan jujur tetap pak ahok., termasuk dalam kategori hatespeech?
- iya
- tidak",tidak
4724,id_hatespeech,id_hatespeech_nusantara_text,67209ca7-1b01-4357-9e1f-7139bc82a29c,hate_or_noHate_zs_opt_contains,train,"Dalam konteks ini, apakah teks yang mengandung kata-kata seperti: Maaf pak saya tidak bisa ikutan nyoblos, KTP saya jakarta, tapi saya skrg tinggal bandung, saya hanya bisa berdoa, termasuk dalam kategori hatespeech?
- iya
- tidak",tidak
4725,id_hatespeech,id_hatespeech_nusantara_text,67209ca7-1b01-4357-9e1f-7139bc82a29c,hate_or_noHate_zs_opt_contains,train,"Dalam konteks ini, apakah teks yang mengandung kata-kata seperti: semoga ahokdjarot bisa terus melanjutkan visi misi nya untuk membangun kota Jakarta, agar lebih rapih bersih dan nyaman, termasuk dalam kategori hatespeech?
- iya
- tidak",tidak
4726,id_hatespeech,id_hatespeech_nusantara_text,67209ca7-1b01-4357-9e1f-7139bc82a29c,hate_or_noHate_zs_opt_contains,train,"Dalam konteks ini, apakah teks yang mengandung kata-kata seperti: Dalam nama Tuhan Untuk jakarta yg lebih baik, termasuk dalam kategori hatespeech?
- iya
- tidak",tidak
4727,id_hatespeech,id_hatespeech_nusantara_text,67209ca7-1b01-4357-9e1f-7139bc82a29c,hate_or_noHate_zs_opt_contains,train,"Dalam konteks ini, apakah teks yang mengandung kata-kata seperti: semagat buat pak Anies semoga selalu dalam rahmat tuhan YME, termasuk dalam kategori hatespeech?
- iya
- tidak",tidak
4728,id_hatespeech,id_hatespeech_nusantara_text,67209ca7-1b01-4357-9e1f-7139bc82a29c,hate_or_noHate_zs_opt_contains,train,"Dalam konteks ini, apakah teks yang mengandung kata-kata seperti: semua warga DKI gunakan hak pilihmu....jangan takut kita smua warga yg punya hak dan sehat lahir batin, termasuk dalam kategori hatespeech?
- iya
- tidak",tidak
4729,id_hatespeech,id_hatespeech_nusantara_text,67209ca7-1b01-4357-9e1f-7139bc82a29c,hate_or_noHate_zs_opt_contains,train,"Dalam konteks ini, apakah teks yang mengandung kata-kata seperti: semoga Tuhan memberikan seluruh masyarakat DKI jakarta keadilan sesuai pemimpin yg benar2 demi rakyat Amin., termasuk dalam kategori hatespeech?
- iya
- tidak",tidak
4730,id_hatespeech,id_hatespeech_nusantara_text,67209ca7-1b01-4357-9e1f-7139bc82a29c,hate_or_noHate_zs_opt_contains,train,"Dalam konteks ini, apakah teks yang mengandung kata-kata seperti: Eks Pendukung Agus-Sylvi di Jakarta Timur Deklarasikan Dukungan Untuk Ahok-Djarot, termasuk dalam kategori hatespeech?
- iya
- tidak",tidak
4731,id_hatespeech,id_hatespeech_nusantara_text,67209ca7-1b01-4357-9e1f-7139bc82a29c,hate_or_noHate_zs_opt_contains,train,"Dalam konteks ini, apakah teks yang mengandung kata-kata seperti: Ini pasti salah Jokowi, Ahok dan kafir-kafir ateis. https:\/\/t.co\/v2GRcUeStI, termasuk dalam kategori hatespeech?
- iya
- tidak",iya
4732,id_hatespeech,id_hatespeech_nusantara_text,67209ca7-1b01-4357-9e1f-7139bc82a29c,hate_or_noHate_zs_opt_contains,train,"Dalam konteks ini, apakah teks yang mengandung kata-kata seperti: @fahmiabuazzam1 biar aja biar tai nya kena bapak lo itu ya. Loh tuh kan gak suka sm ahok jadi biar loh sm bpk loh sm ibu loh kena tai nya., termasuk dalam kategori hatespeech?
- iya
- tidak",iya
4733,id_hatespeech,id_hatespeech_nusantara_text,67209ca7-1b01-4357-9e1f-7139bc82a29c,hate_or_noHate_zs_opt_contains,train,"Dalam konteks ini, apakah teks yang mengandung kata-kata seperti: RT @BungWinar: Angin memporakporandakan basis pemenangan Si Penista Agama...Cililitan.\nYa Alloh Ampuni Kami\n#JakartaBanjir, termasuk dalam kategori hatespeech?
- iya
- tidak",iya
4734,id_hatespeech,id_hatespeech_nusantara_text,67209ca7-1b01-4357-9e1f-7139bc82a29c,hate_or_noHate_zs_opt_contains,train,"Dalam konteks ini, apakah teks yang mengandung kata-kata seperti: RT @Lupuz0503: Prestasi Ahok, \nSelain mjadi mafia koruptor n penista agama, dirinya bhasil tenggelamkan JKT MELALUI congoran CEBON, termasuk dalam kategori hatespeech?
- iya
- tidak",iya
4735,id_hatespeech,id_hatespeech_nusantara_text,67209ca7-1b01-4357-9e1f-7139bc82a29c,hate_or_noHate_zs_opt_contains,train,"Dalam konteks ini, apakah teks yang mengandung kata-kata seperti: Ulama Kompak Nyatakan #HaramPemimpinKafir Pilih Ahok = Murtad!, termasuk dalam kategori hatespeech?
- iya
- tidak",iya
4736,id_hatespeech,id_hatespeech_nusantara_text,67209ca7-1b01-4357-9e1f-7139bc82a29c,hate_or_noHate_zs_opt_contains,train,"Dalam konteks ini, apakah teks yang mengandung kata-kata seperti: KAU PENDIKAN TINGGI TAPI BODOH....GK ADA LARANG BAWA AGAMA..BIAR ORANG ISLAM YG DI BAYAR AHOK SADAR GK JADI MILIH AHOK GLA, termasuk dalam kategori hatespeech?
- iya
- tidak",iya
4737,id_hatespeech,id_hatespeech_nusantara_text,67209ca7-1b01-4357-9e1f-7139bc82a29c,hate_or_noHate_zs_opt_contains,train,"Dalam konteks ini, apakah teks yang mengandung kata-kata seperti: @indopoints di tanah abang cina udah mulai resah dan stres gara2 si penista agama dan pilkada pasar jd sepi. Sepi sampai 2 minggu lg ha. ha, termasuk dalam kategori hatespeech?
- iya
- tidak",iya
4738,id_hatespeech,id_hatespeech_nusantara_text,67209ca7-1b01-4357-9e1f-7139bc82a29c,hate_or_noHate_zs_opt_contains,train,"Dalam konteks ini, apakah teks yang mengandung kata-kata seperti: @investigator_RI betul dan semua pihak yg menentang si cina kafir ahok akan di kriminalisasi oleh polisi dgn smua rekayasa hukum nya, termasuk dalam kategori hatespeech?
- iya
- tidak",iya
4739,id_hatespeech,id_hatespeech_nusantara_text,67209ca7-1b01-4357-9e1f-7139bc82a29c,hate_or_noHate_zs_opt_contains,train,"Dalam konteks ini, apakah teks yang mengandung kata-kata seperti: @YohanesTarigan9 saya ga habis pikir kenapa fanboy ahok bego bego ya pada ga ngerti sejarah. Gampang kejebak iklan. Maaf ya., termasuk dalam kategori hatespeech?
- iya
- tidak",iya
4740,id_hatespeech,id_hatespeech_nusantara_text,67209ca7-1b01-4357-9e1f-7139bc82a29c,hate_or_noHate_zs_opt_contains,train,"Dalam konteks ini, apakah teks yang mengandung kata-kata seperti: @Zufrianto3 lebih baik pilih ahok drpd pilih yg se iman tp koruptor dn munafik !! Bodoh kau, termasuk dalam kategori hatespeech?
- iya
- tidak",iya
4741,id_hatespeech,id_hatespeech_nusantara_text,67209ca7-1b01-4357-9e1f-7139bc82a29c,hate_or_noHate_zs_opt_contains,train,"Dalam konteks ini, apakah teks yang mengandung kata-kata seperti: Ahok si penghina Al - Qur'an dan Ulama ini selalu bersikap menjijikkan yaitu sok suci dan merasa paling benar https:\/\/t.co\/bTkCeTNk0g, termasuk dalam kategori hatespeech?
- iya
- tidak",iya
4742,id_hatespeech,id_hatespeech_nusantara_text,67209ca7-1b01-4357-9e1f-7139bc82a29c,hate_or_noHate_zs_opt_contains,train,"Dalam konteks ini, apakah teks yang mengandung kata-kata seperti: Ayo umat Islam yg pinter, jgn percaya klo aksi 112 tdk ada hubungannya dgn pilkada, pihak AHY yg bayar anies yg untung \ud83d\ude01, termasuk dalam kategori hatespeech?
- iya
- tidak",iya
4743,id_hatespeech,id_hatespeech_nusantara_text,67209ca7-1b01-4357-9e1f-7139bc82a29c,hate_or_noHate_zs_opt_contains,train,"Dalam konteks ini, apakah teks yang mengandung kata-kata seperti: #DebatFinalPilkadaJKT mampuuuusssssss mpoK Silvy!!!!, termasuk dalam kategori hatespeech?
- iya
- tidak",iya
4744,id_hatespeech,id_hatespeech_nusantara_text,67209ca7-1b01-4357-9e1f-7139bc82a29c,hate_or_noHate_zs_opt_contains,train,"Dalam konteks ini, apakah teks yang mengandung kata-kata seperti: Hidup china komunis ! https:\/\/t.co\/b1RheVKrXl, termasuk dalam kategori hatespeech?
- iya
- tidak",iya
4745,id_hatespeech,id_hatespeech_nusantara_text,67209ca7-1b01-4357-9e1f-7139bc82a29c,hate_or_noHate_zs_opt_contains,train,"Dalam konteks ini, apakah teks yang mengandung kata-kata seperti: Ini tuh kesalahan Jokowi dan Ahok si babi ateis. https:\/\/t.co\/v2GRcUeStI, termasuk dalam kategori hatespeech?
- iya
- tidak",iya
4746,id_hatespeech,id_hatespeech_nusantara_text,67209ca7-1b01-4357-9e1f-7139bc82a29c,hate_or_noHate_zs_opt_contains,train,"Dalam konteks ini, apakah teks yang mengandung kata-kata seperti: Kalo ahok menang pilkada bikin video sex bareng anaknya dong tan.? https:\/\/t.co\/7msmThwwLK, termasuk dalam kategori hatespeech?
- iya
- tidak",iya
4747,id_hatespeech,id_hatespeech_nusantara_text,67209ca7-1b01-4357-9e1f-7139bc82a29c,hate_or_noHate_zs_opt_contains,train,"Dalam konteks ini, apakah teks yang mengandung kata-kata seperti: Keluarga Besar Kami Yang Berdomisili di Jakarta TIDAK PILIH AHOK!! https:\/\/t.co\/GZKZFTpvCw Suara Ulama Bulat! #HaramPilihAhok #JanganGolput, termasuk dalam kategori hatespeech?
- iya
- tidak",iya
4748,id_hatespeech,id_hatespeech_nusantara_text,67209ca7-1b01-4357-9e1f-7139bc82a29c,hate_or_noHate_zs_opt_contains,train,"Dalam konteks ini, apakah teks yang mengandung kata-kata seperti: ketutunan cina dari luar kota dan pulau mulai kejakarta mau coblos ahok dengan KTP aspal dari kamboja, termasuk dalam kategori hatespeech?
- iya
- tidak",iya
4749,id_hatespeech,id_hatespeech_nusantara_text,67209ca7-1b01-4357-9e1f-7139bc82a29c,hate_or_noHate_zs_opt_contains,train,"Dalam konteks ini, apakah teks yang mengandung kata-kata seperti: RT @indopoints: china babi... china maling...\n#UsirChina https:\/\/t.co\/9y4HIWHJp2, termasuk dalam kategori hatespeech?
- iya
- tidak",iya
4750,id_hatespeech,id_hatespeech_nusantara_text,67209ca7-1b01-4357-9e1f-7139bc82a29c,hate_or_noHate_zs_opt_contains,train,"Dalam konteks ini, apakah teks yang mengandung kata-kata seperti: RT @mosangada72: Masih mau memilih Agus-Sylvi???\nAnaknya SBY dan Keluarga Koruptor\n#BlusukanAhok\n#BerjamaahCoblosPecinya\u2026, termasuk dalam kategori hatespeech?
- iya
- tidak",iya
4751,id_hatespeech,id_hatespeech_nusantara_text,67209ca7-1b01-4357-9e1f-7139bc82a29c,hate_or_noHate_zs_opt_contains,train,"Dalam konteks ini, apakah teks yang mengandung kata-kata seperti: tangkap ahok dan klompok nya yg melakukan pemalsuan e KTP karna merupakan penghiyanat bagi bangsa dan negara, termasuk dalam kategori hatespeech?
- iya
- tidak",iya
4752,id_hatespeech,id_hatespeech_nusantara_text,67209ca7-1b01-4357-9e1f-7139bc82a29c,hate_or_noHate_zs_opt_contains,train,"Dalam konteks ini, apakah teks yang mengandung kata-kata seperti: Tangkap Ahok Sekarang Juga, Share Jika Setuju !!!, termasuk dalam kategori hatespeech?
- iya
- tidak",iya
4753,id_hatespeech,id_hatespeech_nusantara_text,67209ca7-1b01-4357-9e1f-7139bc82a29c,hate_or_noHate_zs_opt_contains,train,"Dalam konteks ini, apakah teks yang mengandung kata-kata seperti: Sayang sekali Bangsa ini Paling jago kalau merasa-rasa. Yg mendukung Pak Ahok merasa paling benar, yg mendukung Mas Anies merasa paling suci, termasuk dalam kategori hatespeech?
- iya
- tidak",iya
4754,id_hatespeech,id_hatespeech_nusantara_text,67209ca7-1b01-4357-9e1f-7139bc82a29c,hate_or_noHate_zs_opt_contains,train,"Dalam konteks ini, apakah teks yang mengandung kata-kata seperti: Video Ahok Menghina Agama Kristen Agama Konyol #AhokPecahBelahBangsa, termasuk dalam kategori hatespeech?
- iya
- tidak",iya
4755,id_hatespeech,id_hatespeech_nusantara_text,67209ca7-1b01-4357-9e1f-7139bc82a29c,hate_or_noHate_zs_opt_contains,train,"Dalam konteks ini, apakah teks yang mengandung kata-kata seperti: Bukan Hanya Penista Agama, Bagi JPU Ahok Pemecah Belah Bangsa https:\/\/t.co\/6qkIFCjqhq, termasuk dalam kategori hatespeech?
- iya
- tidak",iya
4756,id_hatespeech,id_hatespeech_nusantara_text,67209ca7-1b01-4357-9e1f-7139bc82a29c,hate_or_noHate_zs_opt_contains,train,"Dalam konteks ini, apakah teks yang mengandung kata-kata seperti: Mbak Sylviana please Anda sehat? #DebatFinalPilkadaJKT #perjuanganbelumselesai, termasuk dalam kategori hatespeech?
- iya
- tidak",iya
4757,id_hatespeech,id_hatespeech_nusantara_text,67209ca7-1b01-4357-9e1f-7139bc82a29c,hate_or_noHate_zs_opt_contains,train,"Dalam konteks ini, apakah teks yang mengandung kata-kata seperti: Nomor 1 sok tau lagi lansung di skak wkwkwk #DebatFinalPilkadaJKT, termasuk dalam kategori hatespeech?
- iya
- tidak",iya
4758,id_hatespeech,id_hatespeech_nusantara_text,67209ca7-1b01-4357-9e1f-7139bc82a29c,hate_or_noHate_zs_opt_contains,train,"Dalam konteks ini, apakah teks yang mengandung kata-kata seperti: RT @Gemacan70: Ayoo jaga keutuhan NKRI!!! Tangkap Penista Agama!!! #StopKriminalisasiUlama https:\/\/t.co\/dxIDQ4ZQHV, termasuk dalam kategori hatespeech?
- iya
- tidak",iya
4759,id_hatespeech,id_hatespeech_nusantara_text,67209ca7-1b01-4357-9e1f-7139bc82a29c,hate_or_noHate_zs_opt_contains,train,"Dalam konteks ini, apakah teks yang mengandung kata-kata seperti: @Lupuz0503: Terlihat salah satu pendukung mafia koruptor dan penista agama, para gerombolan BANCI TITOT lakukan bidikan ke arah, termasuk dalam kategori hatespeech?
- iya
- tidak",iya
4760,id_hatespeech,id_hatespeech_nusantara_text,67209ca7-1b01-4357-9e1f-7139bc82a29c,hate_or_noHate_zs_opt_contains,train,"Dalam konteks ini, apakah teks yang mengandung kata-kata seperti: tobat yuk sebelum terlambat. biar gerombolan JIL aja yg kita doakan konsisten bela kekafiran hingga akhir hayat https:\/\/t.co\/979uJ6ItrM, termasuk dalam kategori hatespeech?
- iya
- tidak",iya
4761,id_hatespeech,id_hatespeech_nusantara_text,67209ca7-1b01-4357-9e1f-7139bc82a29c,hate_or_noHate_zs_opt_contains,train,"Dalam konteks ini, apakah teks yang mengandung kata-kata seperti: RT @UstadTengku: Ya Allah Jika Mereka Menempuh Cara2 Curang utk Memenangkan Si Penista Agama, Engkau Kirimkanlah MALAIKAT MAUT Utk menyeles\u2026, termasuk dalam kategori hatespeech?
- iya
- tidak",iya
4762,id_hatespeech,id_hatespeech_nusantara_text,67209ca7-1b01-4357-9e1f-7139bc82a29c,hate_or_noHate_zs_opt_contains,train,"Dalam konteks ini, apakah teks yang mengandung kata-kata seperti: ;Kebanyakan fitnah nih mpok silvy #DebatFinalPilkadaJKT #Gue2, termasuk dalam kategori hatespeech?
- iya
- tidak",iya
4763,id_hatespeech,id_hatespeech_nusantara_text,67209ca7-1b01-4357-9e1f-7139bc82a29c,hate_or_noHate_zs_opt_contains,train,"Dalam konteks ini, apakah teks yang mengandung kata-kata seperti: FPI: Pendukung Ahok kalah jumlah, dengan izin Allah kita gusur Gubernur koruptor dan penista agama https:\/\/t.co\/Jp7pGLRGiE, termasuk dalam kategori hatespeech?
- iya
- tidak",iya
4764,id_hatespeech,id_hatespeech_nusantara_text,67209ca7-1b01-4357-9e1f-7139bc82a29c,hate_or_noHate_zs_opt_contains,train,"Dalam konteks ini, apakah teks yang mengandung kata-kata seperti: #JakartaBanjir Pemimpinnya gak punya akhlak yg baik... PENISTA AGAMA. https:\/\/t.co\/PNEGDJMPCH, termasuk dalam kategori hatespeech?
- iya
- tidak",iya
4765,id_hatespeech,id_hatespeech_nusantara_text,67209ca7-1b01-4357-9e1f-7139bc82a29c,hate_or_noHate_zs_opt_contains,train,"Dalam konteks ini, apakah teks yang mengandung kata-kata seperti: RT @felixsiauw: tapi twit begini asik lo, kita jadi tau yang mana akun-akun pro-penista agama, akun-akun buzzer yang kerjanya menghujat :), termasuk dalam kategori hatespeech?
- iya
- tidak",iya
4766,id_hatespeech,id_hatespeech_nusantara_text,67209ca7-1b01-4357-9e1f-7139bc82a29c,hate_or_noHate_zs_opt_contains,train,"Dalam konteks ini, apakah teks yang mengandung kata-kata seperti: @DivHumasHansip: ahoker siap bela penista agama https:\/\/t.co\/HxuU4rUDFX\, termasuk dalam kategori hatespeech?
- iya
- tidak",iya
4767,id_hatespeech,id_hatespeech_nusantara_text,67209ca7-1b01-4357-9e1f-7139bc82a29c,hate_or_noHate_zs_opt_contains,train,"Dalam konteks ini, apakah teks yang mengandung kata-kata seperti: RT @alwinazar24: sepertinya CUCUnya DAJJAL telah hadir, termasuk dalam kategori hatespeech?
- iya
- tidak",iya
4768,id_hatespeech,id_hatespeech_nusantara_text,67209ca7-1b01-4357-9e1f-7139bc82a29c,hate_or_noHate_zs_opt_contains,train,"Dalam konteks ini, apakah teks yang mengandung kata-kata seperti: Mereka Siang MALAM Maki2 Ulama Kita, Nongkrongi Medsos Ulama2\nBela PENISTA Agama yg SOMBONGNYA Minta AMPUN., termasuk dalam kategori hatespeech?
- iya
- tidak",iya
4769,id_hatespeech,id_hatespeech_nusantara_text,67209ca7-1b01-4357-9e1f-7139bc82a29c,hate_or_noHate_zs_opt_contains,train,"Dalam konteks ini, apakah teks yang mengandung kata-kata seperti: RT @Jhonkosmik: Ada apa dengan mayoritas etnis China di DKI?\nMengapa begitu solid mendukung penista agama Islam?\n\nDendam?\nTidak nasionalis?, termasuk dalam kategori hatespeech?
- iya
- tidak",iya
4770,id_hatespeech,id_hatespeech_nusantara_text,67209ca7-1b01-4357-9e1f-7139bc82a29c,hate_or_noHate_zs_opt_contains,train,"Dalam konteks ini, apakah teks yang mengandung kata-kata seperti: Mukanya mpo Silvy Asem bangett ngakak kena deh abis jahat sih #DebatFinalPilkadaJKT, termasuk dalam kategori hatespeech?
- iya
- tidak",iya
4771,id_hatespeech,id_hatespeech_nusantara_text,67209ca7-1b01-4357-9e1f-7139bc82a29c,hate_or_noHate_zs_opt_contains,train,"Dalam konteks ini, apakah teks yang mengandung kata-kata seperti: RT @GodinJ760478: @tempodotco gara2 belain terdakwa penista agama jadi remek semua. Sukurin, termasuk dalam kategori hatespeech?
- iya
- tidak",iya
4772,id_hatespeech,id_hatespeech_nusantara_text,67209ca7-1b01-4357-9e1f-7139bc82a29c,hate_or_noHate_zs_opt_contains,train,"Dalam konteks ini, apakah teks yang mengandung kata-kata seperti: RT @Chaeruddin_B: Sekumpulan Teman Penista Agama\nTdk ada empati buat korban banjir, hanya koar2 memuji junjunganya https:\/\/t.co\/XQFktDG74x, termasuk dalam kategori hatespeech?
- iya
- tidak",iya
4773,id_hatespeech,id_hatespeech_nusantara_text,67209ca7-1b01-4357-9e1f-7139bc82a29c,hate_or_noHate_zs_opt_contains,train,"Dalam konteks ini, apakah teks yang mengandung kata-kata seperti: RT @TerorisSocmed: PENJARAKAN PENISTA AGAMA !!! ATAU @jokowi TURUN !!! https:\/\/t.co\/vqH0TNXaRz, termasuk dalam kategori hatespeech?
- iya
- tidak",iya
4774,id_hatespeech,id_hatespeech_nusantara_text,67209ca7-1b01-4357-9e1f-7139bc82a29c,hate_or_noHate_zs_opt_contains,train,"Dalam konteks ini, apakah teks yang mengandung kata-kata seperti: Si penista agama, Jaga mulut aja gabisa apalagi jaga jkt?, termasuk dalam kategori hatespeech?
- iya
- tidak",iya
4775,id_hatespeech,id_hatespeech_nusantara_text,67209ca7-1b01-4357-9e1f-7139bc82a29c,hate_or_noHate_zs_opt_contains,train,"Dalam konteks ini, apakah teks yang mengandung kata-kata seperti: Ahok : program paslon no. 1 ini programnya ngambang | yaiyalah pakkk gak ada program diaa cma ada celaan #DebatFinalPilkadaJKT, termasuk dalam kategori hatespeech?
- iya
- tidak",iya
4776,id_hatespeech,id_hatespeech_nusantara_text,67209ca7-1b01-4357-9e1f-7139bc82a29c,hate_or_noHate_zs_opt_contains,train,"Dalam konteks ini, apakah teks yang mengandung kata-kata seperti: Akui saja Ahok dan Djarot kalian gagal atasi banjir.Orang kena banjir anda sibuk sidang kasus penista agama, termasuk dalam kategori hatespeech?
- iya
- tidak",iya
4777,id_hatespeech,id_hatespeech_nusantara_text,67209ca7-1b01-4357-9e1f-7139bc82a29c,hate_or_noHate_zs_opt_contains,train,"Dalam konteks ini, apakah teks yang mengandung kata-kata seperti: RT @87_julay: Iyaa... Ahog Ngak pantes jadi pemimpin.. Pantesnya penista agama dipenjarakan!!! https:\/\/t.co\/YhhO40QWXS, termasuk dalam kategori hatespeech?
- iya
- tidak",iya
4778,id_hatespeech,id_hatespeech_nusantara_text,67209ca7-1b01-4357-9e1f-7139bc82a29c,hate_or_noHate_zs_opt_contains,train,"Dalam konteks ini, apakah teks yang mengandung kata-kata seperti: RT @wongawas: Overdosis @Metro_TV membela penista agama. https:\/\/t.co\/i84RARpy5w, termasuk dalam kategori hatespeech?
- iya
- tidak",iya
4779,id_hatespeech,id_hatespeech_nusantara_text,67209ca7-1b01-4357-9e1f-7139bc82a29c,hate_or_noHate_zs_opt_contains,train,"Dalam konteks ini, apakah teks yang mengandung kata-kata seperti: Kaga masuk diakal kite kalo suara seorang penista agama yg dah dikutuk ame umat islam suara nye bisa tinggi, emang sengaja ditinggiin tuh, termasuk dalam kategori hatespeech?
- iya
- tidak",iya
4780,id_hatespeech,id_hatespeech_nusantara_text,67209ca7-1b01-4357-9e1f-7139bc82a29c,hate_or_noHate_zs_opt_contains,train,"Dalam konteks ini, apakah teks yang mengandung kata-kata seperti: RT @andreobz: Pantasan di pecat dr menteri...data2 aj ngawur dan memkasakan betul..hahaha #AhokPastiTumbang #paslon3 #pilgubdki, termasuk dalam kategori hatespeech?
- iya
- tidak",iya
4781,id_hatespeech,id_hatespeech_nusantara_text,67209ca7-1b01-4357-9e1f-7139bc82a29c,hate_or_noHate_zs_opt_contains,train,"Dalam konteks ini, apakah teks yang mengandung kata-kata seperti: RT @BangsaPenguasa: Penjarakan ahoax penista agama atau jokowi turun.#KonsolidasiDewanPKB https:\/\/t.co\/XoW5eakIsk, termasuk dalam kategori hatespeech?
- iya
- tidak",iya
4782,id_hatespeech,id_hatespeech_nusantara_text,67209ca7-1b01-4357-9e1f-7139bc82a29c,hate_or_noHate_zs_opt_contains,train,"Dalam konteks ini, apakah teks yang mengandung kata-kata seperti: Napa dibiarin tim si penista agama maen curang maren, emang sengaja dibiarin biar ntar digaplok umat islam rame2 se jakarta tuh penista, termasuk dalam kategori hatespeech?
- iya
- tidak",iya
4783,id_hatespeech,id_hatespeech_nusantara_text,67209ca7-1b01-4357-9e1f-7139bc82a29c,hate_or_noHate_zs_opt_contains,train,"Dalam konteks ini, apakah teks yang mengandung kata-kata seperti: Hahahahhahaa silvy ohh silvy cacingan amat loe ahhh wkwkwkwkwkk #DebatFinalPilkadaJKT, termasuk dalam kategori hatespeech?
- iya
- tidak",iya
4784,id_hatespeech,id_hatespeech_nusantara_text,67209ca7-1b01-4357-9e1f-7139bc82a29c,hate_or_noHate_zs_opt_contains,train,"Dalam konteks ini, apakah teks yang mengandung kata-kata seperti: RT @Rakyat_Angin: Ahok Taik. \""MENFITNAH\"". Emang lu tukang caci maki perempuannn!! Asuuu #AhokPastiTumbang #DebatFinalPilkadaJKT, termasuk dalam kategori hatespeech?
- iya
- tidak",iya
4785,id_hatespeech,id_hatespeech_nusantara_text,67209ca7-1b01-4357-9e1f-7139bc82a29c,hate_or_noHate_zs_opt_contains,train,"Dalam konteks ini, apakah teks yang mengandung kata-kata seperti: RT @HasanArisandi: #AhokPastiTumbang fakta di bilang fitnah\n#DebatFinalPilkadaJKT, termasuk dalam kategori hatespeech?
- iya
- tidak",iya
4786,id_hatespeech,id_hatespeech_nusantara_text,67209ca7-1b01-4357-9e1f-7139bc82a29c,hate_or_noHate_zs_opt_contains,train,"Dalam konteks ini, apakah teks yang mengandung kata-kata seperti: Shame on you silvy !! Ga malu fitnah?? Tuh rasain pak ahok panas, skak mat #DebatFinalPilkadaJKT, termasuk dalam kategori hatespeech?
- iya
- tidak",iya
4787,id_hatespeech,id_hatespeech_nusantara_text,67209ca7-1b01-4357-9e1f-7139bc82a29c,hate_or_noHate_zs_opt_contains,train,"Dalam konteks ini, apakah teks yang mengandung kata-kata seperti: Bu silvi anti pns level rendah katanya #DebatFinalPilkadaJKT, termasuk dalam kategori hatespeech?
- iya
- tidak",iya
4788,id_hatespeech,id_hatespeech_nusantara_text,67209ca7-1b01-4357-9e1f-7139bc82a29c,hate_or_noHate_zs_opt_contains,train,"Dalam konteks ini, apakah teks yang mengandung kata-kata seperti: RT @AnnisaFYtr: Hanya Orang Islam Yang Bodoh dan Goblok Yang Memilik Ahok! #DebatFinalPilkadaJKT, termasuk dalam kategori hatespeech?
- iya
- tidak",iya
4789,id_hatespeech,id_hatespeech_nusantara_text,67209ca7-1b01-4357-9e1f-7139bc82a29c,hate_or_noHate_zs_opt_contains,train,"Dalam konteks ini, apakah teks yang mengandung kata-kata seperti: @DivHumasHansip: fitnah FPI pecah adalah ulah ahoker yg melihat elektabilitas ahok tinggal 10%,mereka kelojotan melihat MUI+NU+Muhammadi, termasuk dalam kategori hatespeech?
- iya
- tidak",iya
4790,id_hatespeech,id_hatespeech_nusantara_text,67209ca7-1b01-4357-9e1f-7139bc82a29c,hate_or_noHate_zs_opt_contains,train,"Dalam konteks ini, apakah teks yang mengandung kata-kata seperti: Norak banget iklan mantan mendikbud @aniesbaswedan ini. Tambah gak respech.. inilah tenun kebangsaan yg dia maksud.\u2026 https:\/\/t.co\/Ux7HEYkBLG, termasuk dalam kategori hatespeech?
- iya
- tidak",iya
4791,id_hatespeech,id_hatespeech_nusantara_text,67209ca7-1b01-4357-9e1f-7139bc82a29c,hate_or_noHate_zs_opt_contains,train,"Dalam konteks ini, apakah teks yang mengandung kata-kata seperti: RT @DivHumasHansip: yg nebar kebencian itu ahok mbak,masa mbak gak tau sih sampai dia jadi terdakwa loh @AnizzahGedrun, termasuk dalam kategori hatespeech?
- iya
- tidak",iya
4792,id_hatespeech,id_hatespeech_nusantara_text,67209ca7-1b01-4357-9e1f-7139bc82a29c,hate_or_noHate_zs_opt_contains,train,"Dalam konteks ini, apakah teks yang mengandung kata-kata seperti: pertanyaan dari Bu Sylvi gak mutu amat. #DebatFinalPilkadaJKT, termasuk dalam kategori hatespeech?
- iya
- tidak",iya
4793,id_hatespeech,id_hatespeech_nusantara_text,67209ca7-1b01-4357-9e1f-7139bc82a29c,hate_or_noHate_zs_opt_contains,train,"Dalam konteks ini, apakah teks yang mengandung kata-kata seperti: Huuu sylvi tak tahu apa-apa asal ngoceh #NobarAhokDjarot #DebatFinalPilkadaJKT, termasuk dalam kategori hatespeech?
- iya
- tidak",iya
4794,id_hatespeech,id_hatespeech_nusantara_text,67209ca7-1b01-4357-9e1f-7139bc82a29c,hate_or_noHate_zs_opt_contains,train,"Dalam konteks ini, apakah teks yang mengandung kata-kata seperti: Sylvi keliatan bloonnya #DebatFinalPilkadaJKT, termasuk dalam kategori hatespeech?
- iya
- tidak",iya
4795,id_hatespeech,id_hatespeech_nusantara_text,67209ca7-1b01-4357-9e1f-7139bc82a29c,hate_or_noHate_zs_opt_contains,train,"Dalam konteks ini, apakah teks yang mengandung kata-kata seperti: RT @WanitaRevolusi: Ahoax penista agama kembali mengolok olok surat AL-MAIDAH 51. Cc @Dahnilanzar, termasuk dalam kategori hatespeech?
- iya
- tidak",iya
4796,id_hatespeech,id_hatespeech_nusantara_text,67209ca7-1b01-4357-9e1f-7139bc82a29c,hate_or_noHate_zs_opt_contains,train,"Dalam konteks ini, apakah teks yang mengandung kata-kata seperti: #JakartaBanjir Pemimpinnya gak punya akhlak yg baik... PENISTA AGAMA., termasuk dalam kategori hatespeech?
- iya
- tidak",iya
4797,id_hatespeech,id_hatespeech_nusantara_text,67209ca7-1b01-4357-9e1f-7139bc82a29c,hate_or_noHate_zs_opt_contains,train,"Dalam konteks ini, apakah teks yang mengandung kata-kata seperti: #DebatFinalPilkadaJKT mati kau hok, termasuk dalam kategori hatespeech?
- iya
- tidak",iya
4798,id_hatespeech,id_hatespeech_nusantara_text,67209ca7-1b01-4357-9e1f-7139bc82a29c,hate_or_noHate_zs_opt_contains,train,"Dalam konteks ini, apakah teks yang mengandung kata-kata seperti: Yg ga punya program bisanya cuma fitnah. Ciri Orang yg demen ngambil kjp kontan #DebatFinalPilkadaJKT, termasuk dalam kategori hatespeech?
- iya
- tidak",iya
4799,id_hatespeech,id_hatespeech_nusantara_text,67209ca7-1b01-4357-9e1f-7139bc82a29c,hate_or_noHate_zs_opt_contains,train,"Dalam konteks ini, apakah teks yang mengandung kata-kata seperti: Mpok silvi nyinyir melulu pertanyaan nya tapi sayang sesat! Maklum sih dese emakemak! #DebatFinalDKI #DebatFinalPilkadaJKT, termasuk dalam kategori hatespeech?
- iya
- tidak",iya
4800,id_hatespeech,id_hatespeech_nusantara_text,67209ca7-1b01-4357-9e1f-7139bc82a29c,hate_or_noHate_zs_opt_contains,train,"Dalam konteks ini, apakah teks yang mengandung kata-kata seperti: RT @bajigurceleng: @jpnncom hahaha jelas2 buat pilkada dasar polisi made in cina pelindung penista agama, termasuk dalam kategori hatespeech?
- iya
- tidak",iya
4801,id_hatespeech,id_hatespeech_nusantara_text,67209ca7-1b01-4357-9e1f-7139bc82a29c,hate_or_noHate_zs_opt_contains,train,"Dalam konteks ini, apakah teks yang mengandung kata-kata seperti: Kurangnya pemberdayaan wanita DKI Jakarta bisa dilihat dari telaknya perbedaan warna muka dan warna tangan mpok sylvi #DebatFinalPilkadaJKT, termasuk dalam kategori hatespeech?
- iya
- tidak",iya
4802,id_hatespeech,id_hatespeech_nusantara_text,67209ca7-1b01-4357-9e1f-7139bc82a29c,hate_or_noHate_zs_opt_contains,train,"Dalam konteks ini, apakah teks yang mengandung kata-kata seperti: Agus silvy Tukang Fitnah #DebatFinalPilkadaJKT, termasuk dalam kategori hatespeech?
- iya
- tidak",iya
4803,id_hatespeech,id_hatespeech_nusantara_text,67209ca7-1b01-4357-9e1f-7139bc82a29c,hate_or_noHate_zs_opt_contains,train,"Dalam konteks ini, apakah teks yang mengandung kata-kata seperti: #DebatFinalPilkadaJKT yaudah gus sini kalo ga sakit secara fisik daripada verbal gw gebukin lo rame2, termasuk dalam kategori hatespeech?
- iya
- tidak",iya
4804,id_hatespeech,id_hatespeech_nusantara_text,67209ca7-1b01-4357-9e1f-7139bc82a29c,hate_or_noHate_zs_opt_contains,train,"Dalam konteks ini, apakah teks yang mengandung kata-kata seperti: Keluarga kita gak ada yg maling coyy gak perlu trauma kaleeeee emang kluarga ente?, termasuk dalam kategori hatespeech?
- iya
- tidak",iya
4805,id_hatespeech,id_hatespeech_nusantara_text,67209ca7-1b01-4357-9e1f-7139bc82a29c,hate_or_noHate_zs_opt_contains,train,"Dalam konteks ini, apakah teks yang mengandung kata-kata seperti: JG KAITKAN JOKOWI DENGAN AHOK KATA JOHAN BUDI. KATA KAMI. SEBAB JOKOWI ANJING. SEDANGKAN AHOK BABI. YA JELAS BERBEDA. WALAUPUN OTAKNYA SAMA, termasuk dalam kategori hatespeech?
- iya
- tidak",iya
4806,id_hatespeech,id_hatespeech_nusantara_text,67209ca7-1b01-4357-9e1f-7139bc82a29c,hate_or_noHate_zs_opt_contains,train,"Dalam konteks ini, apakah teks yang mengandung kata-kata seperti: Bajingan lu silvy #DebatFinalPilkadaJKT, termasuk dalam kategori hatespeech?
- iya
- tidak",iya
4807,id_hatespeech,id_hatespeech_nusantara_text,67209ca7-1b01-4357-9e1f-7139bc82a29c,hate_or_noHate_zs_opt_contains,train,"Dalam konteks ini, apakah teks yang mengandung kata-kata seperti: Hasil Akhir, Menyatakan @jokowi Melindungi Ahok TERDAKWA PENISTA AGAMA !!!, termasuk dalam kategori hatespeech?
- iya
- tidak",iya
4808,id_hatespeech,id_hatespeech_nusantara_text,67209ca7-1b01-4357-9e1f-7139bc82a29c,hate_or_noHate_zs_opt_contains,train,"Dalam konteks ini, apakah teks yang mengandung kata-kata seperti: RT @SiBonekaKayu: Selepas banjir Jakarta 212 Pendukung Ahok mengganti narasi doa. Semua demi keuntungan Sang Penista Agama, termasuk dalam kategori hatespeech?
- iya
- tidak",iya
4809,id_hatespeech,id_hatespeech_nusantara_text,67209ca7-1b01-4357-9e1f-7139bc82a29c,hate_or_noHate_zs_opt_contains,train,"Dalam konteks ini, apakah teks yang mengandung kata-kata seperti: Tionghoa katanya kaya? Kok pada putus sekolah? Kebanyakan dugem?, termasuk dalam kategori hatespeech?
- iya
- tidak",iya
4810,id_hatespeech,id_hatespeech_nusantara_text,67209ca7-1b01-4357-9e1f-7139bc82a29c,hate_or_noHate_zs_opt_contains,train,"Dalam konteks ini, apakah teks yang mengandung kata-kata seperti: Gusur Ahok demi Indonesia. Teladan buruk pembangkangan hukum dan anti kemanusiaan di Jakarta jgn tertular ke daerah. #CoblosPecinya, termasuk dalam kategori hatespeech?
- iya
- tidak",iya
4811,id_hatespeech,id_hatespeech_nusantara_text,67209ca7-1b01-4357-9e1f-7139bc82a29c,hate_or_noHate_zs_opt_contains,train,"Dalam konteks ini, apakah teks yang mengandung kata-kata seperti: BUAT AHOKER YANG TAKUT MATINYA GG DISHOLATIN , TENANG ADA ABU JANDA UST GADUNGAN YG SIAP SHOLATIN AHOKER & JOKOWER, termasuk dalam kategori hatespeech?
- iya
- tidak",iya
4812,id_hatespeech,id_hatespeech_nusantara_text,67209ca7-1b01-4357-9e1f-7139bc82a29c,hate_or_noHate_zs_opt_contains,train,"Dalam konteks ini, apakah teks yang mengandung kata-kata seperti: Mampuuss ! Di tembak dalem banget silvyy .. lo urusin tuh dapurr ! Gak punya program demennya nyerang terus !!! #gue2 #DebatFinalPilkadaJKT, termasuk dalam kategori hatespeech?
- iya
- tidak",iya
4813,id_hatespeech,id_hatespeech_nusantara_text,67209ca7-1b01-4357-9e1f-7139bc82a29c,hate_or_noHate_zs_opt_contains,train,"Dalam konteks ini, apakah teks yang mengandung kata-kata seperti: Anjir baru kali ini lihat orang bego mau debat pilkada. Kerjanya nyerang karakter. Shame on you mpok silvy and agus. #DebatFinalPilkadaJKT, termasuk dalam kategori hatespeech?
- iya
- tidak",iya
4814,id_hatespeech,id_hatespeech_nusantara_text,67209ca7-1b01-4357-9e1f-7139bc82a29c,hate_or_noHate_zs_opt_contains,train,"Dalam konteks ini, apakah teks yang mengandung kata-kata seperti: Uang Taipan tuh. Nanti dibayar dengan ratusan penggusuran biadab oleh Ahok., termasuk dalam kategori hatespeech?
- iya
- tidak",iya
4815,id_hatespeech,id_hatespeech_nusantara_text,67209ca7-1b01-4357-9e1f-7139bc82a29c,hate_or_noHate_zs_opt_contains,train,"Dalam konteks ini, apakah teks yang mengandung kata-kata seperti: CINA ASU https:\/\/t.co\/zM1BsjAIHA, termasuk dalam kategori hatespeech?
- iya
- tidak",iya
4816,id_hatespeech,id_hatespeech_nusantara_text,67209ca7-1b01-4357-9e1f-7139bc82a29c,hate_or_noHate_zs_opt_contains,train,"Dalam konteks ini, apakah teks yang mengandung kata-kata seperti: Ketika ngomong, Sylvi keliatan oke. Tapi begitu didebat Ahok, Sylvi langsung kekuatan goblok., termasuk dalam kategori hatespeech?
- iya
- tidak",iya
4817,id_hatespeech,id_hatespeech_nusantara_text,67209ca7-1b01-4357-9e1f-7139bc82a29c,hate_or_noHate_zs_opt_contains,train,"Dalam konteks ini, apakah teks yang mengandung kata-kata seperti: Jangankan Banjir, Tuhan aja Dilawan Sama Ahok #JakartaBanjir Tapi Jakarta hari Ini Bukan Banjir, Hanya GENANGAN., termasuk dalam kategori hatespeech?
- iya
- tidak",iya
4818,id_hatespeech,id_hatespeech_nusantara_text,67209ca7-1b01-4357-9e1f-7139bc82a29c,hate_or_noHate_zs_opt_contains,train,"Dalam konteks ini, apakah teks yang mengandung kata-kata seperti: ADA PEMIMPIM PRIBUMI knp pilih PEMIMPIN IMPOR yg g BERADAB tukang BERBOHONG yuk PRIBUMIKAN DKI milik BANGSA IND @Gemacan70 @TerorisSocmed, termasuk dalam kategori hatespeech?
- iya
- tidak",iya
4819,id_hatespeech,id_hatespeech_nusantara_text,67209ca7-1b01-4357-9e1f-7139bc82a29c,hate_or_noHate_zs_opt_contains,train,"Dalam konteks ini, apakah teks yang mengandung kata-kata seperti: Karna dia ga punya program hanya modal bacot doang, termasuk dalam kategori hatespeech?
- iya
- tidak",iya
4820,id_hatespeech,id_hatespeech_nusantara_text,67209ca7-1b01-4357-9e1f-7139bc82a29c,hate_or_noHate_zs_opt_contains,train,"Dalam konteks ini, apakah teks yang mengandung kata-kata seperti: Pendukung berarti dia bagian dr penista agama tersebut!!! Dukung gerakan ini 100%, termasuk dalam kategori hatespeech?
- iya
- tidak",iya
4821,id_hatespeech,id_hatespeech_nusantara_text,67209ca7-1b01-4357-9e1f-7139bc82a29c,hate_or_noHate_zs_opt_contains,train,"Dalam konteks ini, apakah teks yang mengandung kata-kata seperti: Narkoba yg paling berbahaya adalah ILUSI KESUCIAN AHOK SANG PENISTA., termasuk dalam kategori hatespeech?
- iya
- tidak",iya
4822,id_hatespeech,id_hatespeech_nusantara_text,67209ca7-1b01-4357-9e1f-7139bc82a29c,hate_or_noHate_zs_opt_contains,train,"Dalam konteks ini, apakah teks yang mengandung kata-kata seperti: @tribunnews emang ahok siapa?? Orang penting?? Dia hanya penista agama!!, termasuk dalam kategori hatespeech?
- iya
- tidak",iya
4823,id_hatespeech,id_hatespeech_nusantara_text,67209ca7-1b01-4357-9e1f-7139bc82a29c,hate_or_noHate_zs_opt_contains,train,"Dalam konteks ini, apakah teks yang mengandung kata-kata seperti: cina mah duitnya dari hasil maling di Indonesia di balikin lgi berkedok invest plus bawa gembel2 & napi dari Cina negeri nenek moyang ahok, termasuk dalam kategori hatespeech?
- iya
- tidak",iya
4824,id_hatespeech,id_hatespeech_nusantara_text,67209ca7-1b01-4357-9e1f-7139bc82a29c,hate_or_noHate_zs_opt_contains,train,"Dalam konteks ini, apakah teks yang mengandung kata-kata seperti: Tangkap Ahok @basuki_btp skrng juga, koruptor reklamasi Jakarta dan penista Agama Islam., termasuk dalam kategori hatespeech?
- iya
- tidak",iya
4825,id_hatespeech,id_hatespeech_nusantara_text,67209ca7-1b01-4357-9e1f-7139bc82a29c,hate_or_noHate_zs_opt_contains,train,"Dalam konteks ini, apakah teks yang mengandung kata-kata seperti: keliatan banget bego nya mpok silvy and agus. #DebatFinalPilkadaJKT, termasuk dalam kategori hatespeech?
- iya
- tidak",iya
4826,id_hatespeech,id_hatespeech_nusantara_text,67209ca7-1b01-4357-9e1f-7139bc82a29c,hate_or_noHate_zs_opt_contains,train,"Dalam konteks ini, apakah teks yang mengandung kata-kata seperti: Yg Ahokers, Klo gak seneng ama cuitan gw silahkan unfollow krn gw Anti AHOK (Si Penista Agama Islam), termasuk dalam kategori hatespeech?
- iya
- tidak",iya
4827,id_hatespeech,id_hatespeech_nusantara_text,67209ca7-1b01-4357-9e1f-7139bc82a29c,hate_or_noHate_zs_opt_contains,train,"Dalam konteks ini, apakah teks yang mengandung kata-kata seperti: AGAMA DI NISTAKAN! ULAMA DI LECEHKAN!! Ini Alasannya #HaramPemimpinKafir, termasuk dalam kategori hatespeech?
- iya
- tidak",iya
4828,id_hatespeech,id_hatespeech_nusantara_text,67209ca7-1b01-4357-9e1f-7139bc82a29c,hate_or_noHate_zs_opt_contains,train,"Dalam konteks ini, apakah teks yang mengandung kata-kata seperti: RT @FredyBastian3: Cara serang Ahok : Kafir galak, termasuk dalam kategori hatespeech?
- iya
- tidak",iya
4829,id_hatespeech,id_hatespeech_nusantara_text,67209ca7-1b01-4357-9e1f-7139bc82a29c,hate_or_noHate_zs_opt_contains,train,"Dalam konteks ini, apakah teks yang mengandung kata-kata seperti: @umnia77 @ruhutsitompul @sahal_as anjing2 ahok.kaum babi lo bnyk bacot.mnding duel sma gw., termasuk dalam kategori hatespeech?
- iya
- tidak",iya
4830,id_hatespeech,id_hatespeech_nusantara_text,67209ca7-1b01-4357-9e1f-7139bc82a29c,hate_or_noHate_zs_opt_contains,train,"Dalam konteks ini, apakah teks yang mengandung kata-kata seperti: Ahok memang verbalnya keras. Pelampiasan dan pelarian karena kelelakiannya lunak., termasuk dalam kategori hatespeech?
- iya
- tidak",iya
4831,id_hatespeech,id_hatespeech_nusantara_text,67209ca7-1b01-4357-9e1f-7139bc82a29c,hate_or_noHate_zs_opt_contains,train,"Dalam konteks ini, apakah teks yang mengandung kata-kata seperti: yg maling itu kan china2 babi BLBI , korupsi nya triliunan , termasuk si AHok korupsi 2 triliun.., termasuk dalam kategori hatespeech?
- iya
- tidak",iya
4832,id_hatespeech,id_hatespeech_nusantara_text,67209ca7-1b01-4357-9e1f-7139bc82a29c,hate_or_noHate_zs_opt_contains,train,"Dalam konteks ini, apakah teks yang mengandung kata-kata seperti: Mimpi djan farid jakarta lebih islami dari aceh jika ahok terpilih itu ibarat babi merindukan halal, termasuk dalam kategori hatespeech?
- iya
- tidak",iya
4833,id_hatespeech,id_hatespeech_nusantara_text,67209ca7-1b01-4357-9e1f-7139bc82a29c,hate_or_noHate_zs_opt_contains,train,"Dalam konteks ini, apakah teks yang mengandung kata-kata seperti: @KompasTV @ridwankamil ridwal kamil memang hebat dan top nggak kaya ahok tukang penista agama dan koruptor, termasuk dalam kategori hatespeech?
- iya
- tidak",iya
4834,id_hatespeech,id_hatespeech_nusantara_text,67209ca7-1b01-4357-9e1f-7139bc82a29c,hate_or_noHate_zs_opt_contains,train,"Dalam konteks ini, apakah teks yang mengandung kata-kata seperti: @TPK_RI ITULAH si ahok kutil babi, termasuk dalam kategori hatespeech?
- iya
- tidak",iya
4835,id_hatespeech,id_hatespeech_nusantara_text,67209ca7-1b01-4357-9e1f-7139bc82a29c,hate_or_noHate_zs_opt_contains,train,"Dalam konteks ini, apakah teks yang mengandung kata-kata seperti: Dasar si Kutil babi ahok memang Tukang Bohong. selain Bohong ahok jg biasa Menyalahkan yg lain menutupi Kegagalan nya . contoh soal banjir, termasuk dalam kategori hatespeech?
- iya
- tidak",iya
4836,id_hatespeech,id_hatespeech_nusantara_text,67209ca7-1b01-4357-9e1f-7139bc82a29c,hate_or_noHate_zs_opt_contains,train,"Dalam konteks ini, apakah teks yang mengandung kata-kata seperti: @PonkEcha @Fahrihamzah Si Terdakwa Penista Agama Alias Si Ahok Babi Jamban tuh yang Morfotin Uang Rakyat Jakarta, termasuk dalam kategori hatespeech?
- iya
- tidak",iya
4837,id_hatespeech,id_hatespeech_nusantara_text,67209ca7-1b01-4357-9e1f-7139bc82a29c,hate_or_noHate_zs_opt_contains,train,"Dalam konteks ini, apakah teks yang mengandung kata-kata seperti: Om...Ahoknya...Mana Om,Katanya Si BABi Ahok Bisa Ngatasi Banjir...Om...BABi Jgn Membual Om...?!!?, termasuk dalam kategori hatespeech?
- iya
- tidak",iya
4838,id_hatespeech,id_hatespeech_nusantara_text,67209ca7-1b01-4357-9e1f-7139bc82a29c,hate_or_noHate_zs_opt_contains,train,"Dalam konteks ini, apakah teks yang mengandung kata-kata seperti: kenapa anak babi jalan nya nunduk???karena malu liat ulah bapak nya yang ngebelain ahok.., termasuk dalam kategori hatespeech?
- iya
- tidak",iya
4839,id_hatespeech,id_hatespeech_nusantara_text,67209ca7-1b01-4357-9e1f-7139bc82a29c,hate_or_noHate_zs_opt_contains,train,"Dalam konteks ini, apakah teks yang mengandung kata-kata seperti: Perilaku Si BABI @jokoanwar ini memang benci dgn hal berbau Islam. Cocok dgn Ahok. @SiBonekaKayu, termasuk dalam kategori hatespeech?
- iya
- tidak",iya
4840,id_hatespeech,id_hatespeech_nusantara_text,67209ca7-1b01-4357-9e1f-7139bc82a29c,hate_or_noHate_zs_opt_contains,train,"Dalam konteks ini, apakah teks yang mengandung kata-kata seperti: @budimandjatmiko ahok si kutil babi kembali ke rumah lembang kenapa jakarta jadi banjir bud?, termasuk dalam kategori hatespeech?
- iya
- tidak",iya
4841,id_hatespeech,id_hatespeech_nusantara_text,67209ca7-1b01-4357-9e1f-7139bc82a29c,hate_or_noHate_zs_opt_contains,train,"Dalam konteks ini, apakah teks yang mengandung kata-kata seperti: #jujur orang cerdas dan pintar pilih orang imam dan mampu memimpin ..bisa sholat...bisa ngaji..santun, sopan..tidak seperti babi kafir ahok, termasuk dalam kategori hatespeech?
- iya
- tidak",iya
4842,id_hatespeech,id_hatespeech_nusantara_text,67209ca7-1b01-4357-9e1f-7139bc82a29c,hate_or_noHate_zs_opt_contains,train,"Dalam konteks ini, apakah teks yang mengandung kata-kata seperti: Teman Ahok emank TAI. apalagi pemimpinnya kek BABI! @temanahok, termasuk dalam kategori hatespeech?
- iya
- tidak",iya
4843,id_hatespeech,id_hatespeech_nusantara_text,67209ca7-1b01-4357-9e1f-7139bc82a29c,hate_or_noHate_zs_opt_contains,train,"Dalam konteks ini, apakah teks yang mengandung kata-kata seperti: Mana para babi ahok yg ngejek onta, biar di injek2 ama onta, termasuk dalam kategori hatespeech?
- iya
- tidak",iya
4844,id_hatespeech,id_hatespeech_nusantara_text,67209ca7-1b01-4357-9e1f-7139bc82a29c,hate_or_noHate_zs_opt_contains,train,"Dalam konteks ini, apakah teks yang mengandung kata-kata seperti: @gotcancer2 bukannya stigma babi itu milik tuhan elu si ahok kafir, termasuk dalam kategori hatespeech?
- iya
- tidak",iya
4845,id_hatespeech,id_hatespeech_nusantara_text,67209ca7-1b01-4357-9e1f-7139bc82a29c,hate_or_noHate_zs_opt_contains,train,"Dalam konteks ini, apakah teks yang mengandung kata-kata seperti: Kampungan ya pendukung AHY https:\/\/t.co\/GmezpOYLsY, termasuk dalam kategori hatespeech?
- iya
- tidak",iya
4846,id_hatespeech,id_hatespeech_nusantara_text,67209ca7-1b01-4357-9e1f-7139bc82a29c,hate_or_noHate_zs_opt_contains,train,"Dalam konteks ini, apakah teks yang mengandung kata-kata seperti: @Ananda_harahaP udah lu jgn panik gitu. ahok si kutil babi bakal tumbang kok di putaran kedua. teruskan cuapcuap mu di sosmed, gak ngaruh., termasuk dalam kategori hatespeech?
- iya
- tidak",iya
4847,id_hatespeech,id_hatespeech_nusantara_text,67209ca7-1b01-4357-9e1f-7139bc82a29c,hate_or_noHate_zs_opt_contains,train,"Dalam konteks ini, apakah teks yang mengandung kata-kata seperti: ahok tidak layak seperti manusia, dia lebih tepat seperti babi yg tidak punya akal pikiran dan jiwa manusiawi, termasuk dalam kategori hatespeech?
- iya
- tidak",iya
4848,id_hatespeech,id_hatespeech_nusantara_text,67209ca7-1b01-4357-9e1f-7139bc82a29c,hate_or_noHate_zs_opt_contains,train,"Dalam konteks ini, apakah teks yang mengandung kata-kata seperti: @haloJakarta Ahok (BTP) Basuki Tai Babi, termasuk dalam kategori hatespeech?
- iya
- tidak",iya
4849,id_hatespeech,id_hatespeech_nusantara_text,67209ca7-1b01-4357-9e1f-7139bc82a29c,hate_or_noHate_zs_opt_contains,train,"Dalam konteks ini, apakah teks yang mengandung kata-kata seperti: RT @diyahaudya: @yusuf_dumdum Yg ada, cacimaki penista agama tapi ternyata ketauan poligami ngumpet2. Apa mau digituin? Saya sih ogah., termasuk dalam kategori hatespeech?
- iya
- tidak",iya
4850,id_hatespeech,id_hatespeech_nusantara_text,67209ca7-1b01-4357-9e1f-7139bc82a29c,hate_or_noHate_zs_opt_contains,train,"Dalam konteks ini, apakah teks yang mengandung kata-kata seperti: @adichandramang2 @CummaRachel @korban_gusur iya , trump memang penista agama atau anti islam emang hubungannya dgn anis apa?, termasuk dalam kategori hatespeech?
- iya
- tidak",iya
4851,id_hatespeech,id_hatespeech_nusantara_text,67209ca7-1b01-4357-9e1f-7139bc82a29c,hate_or_noHate_zs_opt_contains,train,"Dalam konteks ini, apakah teks yang mengandung kata-kata seperti: @adichandramang2\nAda aseng KOPLO pembela si PENISTA AGAMA yg durjana nyuruh org lain ngaji!, termasuk dalam kategori hatespeech?
- iya
- tidak",iya
4852,id_hatespeech,id_hatespeech_nusantara_text,67209ca7-1b01-4357-9e1f-7139bc82a29c,hate_or_noHate_zs_opt_contains,train,"Dalam konteks ini, apakah teks yang mengandung kata-kata seperti: @bayprio Itulah kebodohan para penista agama, sudah saatnya pilih pemimpin yg mengerjakan shalat 5 waktu, termasuk dalam kategori hatespeech?
- iya
- tidak",iya
4853,id_hatespeech,id_hatespeech_nusantara_text,67209ca7-1b01-4357-9e1f-7139bc82a29c,hate_or_noHate_zs_opt_contains,train,"Dalam konteks ini, apakah teks yang mengandung kata-kata seperti: @iwanfals pilih Anis sandi doong..jgn pilih si penista agama pemecah NKRI, termasuk dalam kategori hatespeech?
- iya
- tidak",iya
4854,id_hatespeech,id_hatespeech_nusantara_text,67209ca7-1b01-4357-9e1f-7139bc82a29c,hate_or_noHate_zs_opt_contains,train,"Dalam konteks ini, apakah teks yang mengandung kata-kata seperti: @posmetroinfo Emang terdakwa penista agama, salahnya dimana coba, kl yg biasa bikin hoax metrotipu aman2 aja tuh dewan peres, termasuk dalam kategori hatespeech?
- iya
- tidak",iya
4855,id_hatespeech,id_hatespeech_nusantara_text,67209ca7-1b01-4357-9e1f-7139bc82a29c,hate_or_noHate_zs_opt_contains,train,"Dalam konteks ini, apakah teks yang mengandung kata-kata seperti: @RamadanMalka Pamor RK jadi seakan tak ada artinya jika parpol pengusungnya pendukung penista agama..., termasuk dalam kategori hatespeech?
- iya
- tidak",iya
4856,id_hatespeech,id_hatespeech_nusantara_text,67209ca7-1b01-4357-9e1f-7139bc82a29c,hate_or_noHate_zs_opt_contains,train,"Dalam konteks ini, apakah teks yang mengandung kata-kata seperti: @RestySeterah si ahok pantasnya dinobatkan sbgai Babi ngepret, termasuk dalam kategori hatespeech?
- iya
- tidak",iya
4857,id_hatespeech,id_hatespeech_nusantara_text,67209ca7-1b01-4357-9e1f-7139bc82a29c,hate_or_noHate_zs_opt_contains,train,"Dalam konteks ini, apakah teks yang mengandung kata-kata seperti: @roninpribumi @dewanpers yg salah itu mereka menulis TERDAKWA PENISTA AGAMA,coba klo ditulis BAGINDA YANG MULIA pasti ga masalah..cuih.., termasuk dalam kategori hatespeech?
- iya
- tidak",iya
4858,id_hatespeech,id_hatespeech_nusantara_text,67209ca7-1b01-4357-9e1f-7139bc82a29c,hate_or_noHate_zs_opt_contains,train,"Dalam konteks ini, apakah teks yang mengandung kata-kata seperti: Faktanya Cina2 parasit tuh ngotot belain si penista Agama @PradanaBhakti @IrianaPasirua @PutraSumedang18 @khoirulilham12 @ronavioleta, termasuk dalam kategori hatespeech?
- iya
- tidak",iya
4859,id_hatespeech,id_hatespeech_nusantara_text,67209ca7-1b01-4357-9e1f-7139bc82a29c,hate_or_noHate_zs_opt_contains,train,"Dalam konteks ini, apakah teks yang mengandung kata-kata seperti: jokowi ratu adil apaan..??? dia ga ada keturunan darah biruadanya DARAH KOTOR cina babi..!!! https://t.co/JtwFRRdLF4, termasuk dalam kategori hatespeech?
- iya
- tidak",iya
4860,id_hatespeech,id_hatespeech_nusantara_text,67209ca7-1b01-4357-9e1f-7139bc82a29c,hate_or_noHate_zs_opt_contains,train,"Dalam konteks ini, apakah teks yang mengandung kata-kata seperti: RT @RestySeterah: Keren nih apps kawal TPS .. Yuk gabung buat pastikan cagub terdakwa penista Agama lebih cepat diantar kehabitatnya, termasuk dalam kategori hatespeech?
- iya
- tidak",iya
4861,id_hatespeech,id_hatespeech_nusantara_text,67209ca7-1b01-4357-9e1f-7139bc82a29c,hate_or_noHate_zs_opt_contains,train,"Dalam konteks ini, apakah teks yang mengandung kata-kata seperti: Kalau lo gak tau apa-apa ya jangan berkoar sembarangan dong, keliatan banget kalau lo itu beneran bego :)) #FuckYou, termasuk dalam kategori hatespeech?
- iya
- tidak",iya
4862,id_hatespeech,id_hatespeech_nusantara_text,67209ca7-1b01-4357-9e1f-7139bc82a29c,hate_or_noHate_zs_opt_contains,train,"Dalam konteks ini, apakah teks yang mengandung kata-kata seperti: @AHMADDHANIPRAST ahmad dhani yang terhormat paling babi paling anjing aing kontol paling lonte tungu saat nya karier mu akan habis!!!!, termasuk dalam kategori hatespeech?
- iya
- tidak",iya
4863,id_hatespeech,id_hatespeech_nusantara_text,67209ca7-1b01-4357-9e1f-7139bc82a29c,hate_or_noHate_zs_opt_contains,train,"Dalam konteks ini, apakah teks yang mengandung kata-kata seperti: Kang @ridwankamil ,fakta hari ini,partai pendukung si penista agama sangat dibenci rakyat,termasuk rakyat Jabar. https://t.co/b2WetyvrbZ, termasuk dalam kategori hatespeech?
- iya
- tidak",iya
4864,id_hatespeech,id_hatespeech_nusantara_text,67209ca7-1b01-4357-9e1f-7139bc82a29c,hate_or_noHate_zs_opt_contains,train,"Dalam konteks ini, apakah teks yang mengandung kata-kata seperti: plis jangan sok kecantikan selalu pacarin artis2 yang lagi meletek, jijik gw liatnya, termasuk dalam kategori hatespeech?
- iya
- tidak",iya
4865,id_hatespeech,id_hatespeech_nusantara_text,67209ca7-1b01-4357-9e1f-7139bc82a29c,hate_or_noHate_zs_opt_contains,train,"Dalam konteks ini, apakah teks yang mengandung kata-kata seperti: paling mau muntah liat lagak nya @AHMADDHANIPRAST, jadi orang sok iye banget hoek, termasuk dalam kategori hatespeech?
- iya
- tidak",iya
4866,id_hatespeech,id_hatespeech_nusantara_text,67209ca7-1b01-4357-9e1f-7139bc82a29c,hate_or_noHate_zs_opt_contains,train,"Dalam konteks ini, apakah teks yang mengandung kata-kata seperti: @Metro_TV kalau boleh saya ngomong ingin saya katakan ahmad dhani monyet babi anjing. tapi itu tidak boleh, termasuk dalam kategori hatespeech?
- iya
- tidak",iya
4867,id_hatespeech,id_hatespeech_nusantara_text,67209ca7-1b01-4357-9e1f-7139bc82a29c,hate_or_noHate_zs_opt_contains,train,"Dalam konteks ini, apakah teks yang mengandung kata-kata seperti: perempuan kaya lo mending mati aja deh, jelek aja, gausa sok jadi make up artist!, termasuk dalam kategori hatespeech?
- iya
- tidak",iya
4868,id_hatespeech,id_hatespeech_nusantara_text,67209ca7-1b01-4357-9e1f-7139bc82a29c,hate_or_noHate_zs_opt_contains,train,"Dalam konteks ini, apakah teks yang mengandung kata-kata seperti: ahmad dhani itu borok, sampah, babi, anjing. Saya adalah orang pertama yg sangat muak liat muka dhani dan saya berbangga., termasuk dalam kategori hatespeech?
- iya
- tidak",iya
4869,id_hatespeech,id_hatespeech_nusantara_text,67209ca7-1b01-4357-9e1f-7139bc82a29c,hate_or_noHate_zs_opt_contains,train,"Dalam konteks ini, apakah teks yang mengandung kata-kata seperti: Lah emang sdh jelas2 si ahok terdakwa penista agama. Malu woy! https://t.co/2K0HlMpR9t, termasuk dalam kategori hatespeech?
- iya
- tidak",iya
4870,id_hatespeech,id_hatespeech_nusantara_text,67209ca7-1b01-4357-9e1f-7139bc82a29c,hate_or_noHate_zs_opt_contains,train,"Dalam konteks ini, apakah teks yang mengandung kata-kata seperti: Keputusan ERKA hari ini harus kita HORMATI, begitupun sebaliknya KAMI tidak akan memilih partai pendukung PENISTA AGAMA., termasuk dalam kategori hatespeech?
- iya
- tidak",iya
4871,id_hatespeech,id_hatespeech_nusantara_text,67209ca7-1b01-4357-9e1f-7139bc82a29c,hate_or_noHate_zs_opt_contains,train,"Dalam konteks ini, apakah teks yang mengandung kata-kata seperti: Lupakan @ridwankamil biarkan karam dg kapal munafiknya. kita bangun jabar dg kapal yg bersih. Delete partai pendukung penista agama dari hati, termasuk dalam kategori hatespeech?
- iya
- tidak",iya
4872,id_hatespeech,id_hatespeech_nusantara_text,67209ca7-1b01-4357-9e1f-7139bc82a29c,hate_or_noHate_zs_opt_contains,train,"Dalam konteks ini, apakah teks yang mengandung kata-kata seperti: Masalah dunia dan masalah nafsu ya kang @ridwankamil . Kata2 kok bersayap kayak burung hantu. https://t.co/mwClbkU4sT, termasuk dalam kategori hatespeech?
- iya
- tidak",iya
4873,id_hatespeech,id_hatespeech_nusantara_text,67209ca7-1b01-4357-9e1f-7139bc82a29c,hate_or_noHate_zs_opt_contains,train,"Dalam konteks ini, apakah teks yang mengandung kata-kata seperti: Penista Agama menjadi Santri Kehormatan.Yang kasih ini ke ahok otaknya perlu direparasi.Demi Pulkada nama Santri yg baik kailan jual belikan, termasuk dalam kategori hatespeech?
- iya
- tidak",iya
4874,id_hatespeech,id_hatespeech_nusantara_text,67209ca7-1b01-4357-9e1f-7139bc82a29c,hate_or_noHate_zs_opt_contains,train,"Dalam konteks ini, apakah teks yang mengandung kata-kata seperti: Payah banget @ridwankamil maju Jabar1 pakai partai Nasdem pendukung penista agama, ente lagi butuh uang ya kang? Payah loe!!, termasuk dalam kategori hatespeech?
- iya
- tidak",iya
4875,id_hatespeech,id_hatespeech_nusantara_text,67209ca7-1b01-4357-9e1f-7139bc82a29c,hate_or_noHate_zs_opt_contains,train,"Dalam konteks ini, apakah teks yang mengandung kata-kata seperti: polisi yg jadi imam sholat ini adalah seorang penista agama, bodoh, BERISLAM cuma ikut2an. COPOT KAPOLRES JAKBAR !! https://t.co/s2h2Ybrthm, termasuk dalam kategori hatespeech?
- iya
- tidak",iya
4876,id_hatespeech,id_hatespeech_nusantara_text,67209ca7-1b01-4357-9e1f-7139bc82a29c,hate_or_noHate_zs_opt_contains,train,"Dalam konteks ini, apakah teks yang mengandung kata-kata seperti: RT @ferdyfrodoo: @bayprio Itulah kebodohan para penista agama, sudah saatnya pilih pemimpin yg mengerjakan shalat 5 waktu, termasuk dalam kategori hatespeech?
- iya
- tidak",iya
4877,id_hatespeech,id_hatespeech_nusantara_text,67209ca7-1b01-4357-9e1f-7139bc82a29c,hate_or_noHate_zs_opt_contains,train,"Dalam konteks ini, apakah teks yang mengandung kata-kata seperti: RT @Ra_Ria_Rana: GAK HABIS PIKIR???\n\nTINGGAL NUNGGU ADZAB ALLAH NIH NEGERI,,,, PEMIMPINNYA SDH DZALIM https://t.co/UmZK4bTyi4, termasuk dalam kategori hatespeech?
- iya
- tidak",iya
4878,id_hatespeech,id_hatespeech_nusantara_text,67209ca7-1b01-4357-9e1f-7139bc82a29c,hate_or_noHate_zs_opt_contains,train,"Dalam konteks ini, apakah teks yang mengandung kata-kata seperti: Sini lu, kami enggak mau kampung kami didatangi sama penista agama, https://t.co/1z3MtHs9ck, termasuk dalam kategori hatespeech?
- iya
- tidak",iya
4879,id_hatespeech,id_hatespeech_nusantara_text,67209ca7-1b01-4357-9e1f-7139bc82a29c,hate_or_noHate_zs_opt_contains,train,"Dalam konteks ini, apakah teks yang mengandung kata-kata seperti: SETUJU SAYA,KLAU AHOK DAPAT GELAR SANTRI KEHORMATAN.... TAPI SANTRI KEHORMATAN BABI.... https://t.co/uD16d7Gwhd, termasuk dalam kategori hatespeech?
- iya
- tidak",iya
4880,id_hatespeech,id_hatespeech_nusantara_text,67209ca7-1b01-4357-9e1f-7139bc82a29c,hate_or_noHate_zs_opt_contains,train,"Dalam konteks ini, apakah teks yang mengandung kata-kata seperti: Senang dong ada yg fans mati sampai lupa kalau dia bego banget https://t.co/ctJFC5a8Zz, termasuk dalam kategori hatespeech?
- iya
- tidak",iya
4881,id_hatespeech,id_hatespeech_nusantara_text,67209ca7-1b01-4357-9e1f-7139bc82a29c,hate_or_noHate_zs_opt_contains,train,"Dalam konteks ini, apakah teks yang mengandung kata-kata seperti: @AHMADDHANIPRAST LO TUH BABI ANJING. Mampus kalah jatuh miskin deh #bekasisah, termasuk dalam kategori hatespeech?
- iya
- tidak",iya
4882,id_hatespeech,id_hatespeech_nusantara_text,67209ca7-1b01-4357-9e1f-7139bc82a29c,hate_or_noHate_zs_opt_contains,train,"Dalam konteks ini, apakah teks yang mengandung kata-kata seperti: @bayprio : Si AHOAK @basuki_btp CINA ANJING KAFIR PENISTA AGAMA ISLAM....!!!, termasuk dalam kategori hatespeech?
- iya
- tidak",iya
4883,id_hatespeech,id_hatespeech_nusantara_text,67209ca7-1b01-4357-9e1f-7139bc82a29c,hate_or_noHate_zs_opt_contains,train,"Dalam konteks ini, apakah teks yang mengandung kata-kata seperti: @AHMADDHANIPRAST aku katakan anjing kpd ahmad dani, boleh....aku katakan babi kpd ahmad dhani, boleh..., termasuk dalam kategori hatespeech?
- iya
- tidak",iya
4884,id_hatespeech,id_hatespeech_nusantara_text,67209ca7-1b01-4357-9e1f-7139bc82a29c,hate_or_noHate_zs_opt_contains,train,"Dalam konteks ini, apakah teks yang mengandung kata-kata seperti: @Bisniscom haha memaki untuk melawan mah harus, drpd ditindas pemimpin munafik melindungi penista agama, dll. Agama no 1 (islam), taubat rot, termasuk dalam kategori hatespeech?
- iya
- tidak",iya
4885,id_hatespeech,id_hatespeech_nusantara_text,67209ca7-1b01-4357-9e1f-7139bc82a29c,hate_or_noHate_zs_opt_contains,train,"Dalam konteks ini, apakah teks yang mengandung kata-kata seperti: @Anakran63208433 @5ec4a1e80d3c48c @aniesbaswedan pikiran anak bani kampret g beda jauh sma penista agama. Penfitnah, Penipu Dan Garong.., termasuk dalam kategori hatespeech?
- iya
- tidak",iya
4886,id_hatespeech,id_hatespeech_nusantara_text,67209ca7-1b01-4357-9e1f-7139bc82a29c,hate_or_noHate_zs_opt_contains,train,"Dalam konteks ini, apakah teks yang mengandung kata-kata seperti: @Gemacan70 itu yg cewe pake kerudung ngapain ya? Setiap kali konfrensi pers ada aja.. Pencitraan Islami kaliiii... Bwahaha..!!, termasuk dalam kategori hatespeech?
- iya
- tidak",iya
4887,id_hatespeech,id_hatespeech_nusantara_text,67209ca7-1b01-4357-9e1f-7139bc82a29c,hate_or_noHate_zs_opt_contains,train,"Dalam konteks ini, apakah teks yang mengandung kata-kata seperti: @republikaonline spt ahok dulu .. nasdem disusul dg cs nya .. yg mendukung paslon penista agama dan tukang caci maki tai tai .., termasuk dalam kategori hatespeech?
- iya
- tidak",iya
4888,id_hatespeech,id_hatespeech_nusantara_text,67209ca7-1b01-4357-9e1f-7139bc82a29c,hate_or_noHate_zs_opt_contains,train,"Dalam konteks ini, apakah teks yang mengandung kata-kata seperti: @topan_julian1 kalo mecin jangan dijadiin cemilan mangkannya kang. Jadi begonya bego banget., termasuk dalam kategori hatespeech?
- iya
- tidak",iya
4889,id_hatespeech,id_hatespeech_nusantara_text,67209ca7-1b01-4357-9e1f-7139bc82a29c,hate_or_noHate_zs_opt_contains,train,"Dalam konteks ini, apakah teks yang mengandung kata-kata seperti: @ulinyusron cm didoain kalau saya mah ketemu si penista agama langsung saya ceburin laut yg direklamasi ijin sembunyi2 buat tumbal reklamasi, termasuk dalam kategori hatespeech?
- iya
- tidak",iya
4890,id_hatespeech,id_hatespeech_nusantara_text,67209ca7-1b01-4357-9e1f-7139bc82a29c,hate_or_noHate_zs_opt_contains,train,"Dalam konteks ini, apakah teks yang mengandung kata-kata seperti: @ymerdeka33 @ach_qodr @basuki_btp cabe2an bisa nya hanya bbm.n facrbook.n!! Masalah politik mana tau doi, tau nya berita2 sampah pencitraan, termasuk dalam kategori hatespeech?
- iya
- tidak",iya
4891,id_hatespeech,id_hatespeech_nusantara_text,67209ca7-1b01-4357-9e1f-7139bc82a29c,hate_or_noHate_zs_opt_contains,train,"Dalam konteks ini, apakah teks yang mengandung kata-kata seperti: INI MANUSIA APA ANJING MATI-MATIAN RELA JADI MURTADZ DEMI BABI AHOK KAFIR. https://t.co/2XXN5CFdVM, termasuk dalam kategori hatespeech?
- iya
- tidak",iya
4892,id_hatespeech,id_hatespeech_nusantara_text,67209ca7-1b01-4357-9e1f-7139bc82a29c,hate_or_noHate_zs_opt_contains,train,"Dalam konteks ini, apakah teks yang mengandung kata-kata seperti: ini semua berawal dari AHOK JAMBAN yg dibela aparat, para kristen serta china kafir yang lain semakin berani menghi https://t.co/qUutkrlsP3, termasuk dalam kategori hatespeech?
- iya
- tidak",iya
4893,id_hatespeech,id_hatespeech_nusantara_text,67209ca7-1b01-4357-9e1f-7139bc82a29c,hate_or_noHate_zs_opt_contains,train,"Dalam konteks ini, apakah teks yang mengandung kata-kata seperti: Kami lebih resah anda jd presiden!!!! hidup anda penuh drama dan pencitraan, main FTV aja joko judulnya https://t.co/T2BUgLTnUO, termasuk dalam kategori hatespeech?
- iya
- tidak",iya
4894,id_hatespeech,id_hatespeech_nusantara_text,67209ca7-1b01-4357-9e1f-7139bc82a29c,hate_or_noHate_zs_opt_contains,train,"Dalam konteks ini, apakah teks yang mengandung kata-kata seperti: Mana bisa percya lagi,sdgkan induknya penista smp skrg lum ditahan tp malah dibela. https://t.co/Oc1vGdX0Z4, termasuk dalam kategori hatespeech?
- iya
- tidak",iya
4895,id_hatespeech,id_hatespeech_nusantara_text,67209ca7-1b01-4357-9e1f-7139bc82a29c,hate_or_noHate_zs_opt_contains,train,"Dalam konteks ini, apakah teks yang mengandung kata-kata seperti: Mari seluruh Muslim CYBER Army mulai skrg ganti semua sebutan A....K menjadi Terdakwa Penista Agama !, termasuk dalam kategori hatespeech?
- iya
- tidak",iya
4896,id_hatespeech,id_hatespeech_nusantara_text,67209ca7-1b01-4357-9e1f-7139bc82a29c,hate_or_noHate_zs_opt_contains,train,"Dalam konteks ini, apakah teks yang mengandung kata-kata seperti: Orang Islam lebih suka si HOAX penista agama, menjaga lisan dan tindakan dari hal-hal yang merusak hubungan... https://t.co/FLhW31wXdU, termasuk dalam kategori hatespeech?
- iya
- tidak",iya
4897,id_hatespeech,id_hatespeech_nusantara_text,67209ca7-1b01-4357-9e1f-7139bc82a29c,hate_or_noHate_zs_opt_contains,train,"Dalam konteks ini, apakah teks yang mengandung kata-kata seperti: RT @izzah_pandeka: #Nomor2Koruptor negeri para korup diasuh cino babi https://t.co/wJXalyPxPn, termasuk dalam kategori hatespeech?
- iya
- tidak",iya
4898,id_hatespeech,id_hatespeech_nusantara_text,67209ca7-1b01-4357-9e1f-7139bc82a29c,hate_or_noHate_zs_opt_contains,train,"Dalam konteks ini, apakah teks yang mengandung kata-kata seperti: RT @Gemacan70: Hajar bleh hanya untuk bela #Nomor2Koruptor...cuihhhhhh https://t.co/o4nnZBkNYS, termasuk dalam kategori hatespeech?
- iya
- tidak",iya
4899,id_hatespeech,id_hatespeech_nusantara_text,67209ca7-1b01-4357-9e1f-7139bc82a29c,hate_or_noHate_zs_opt_contains,train,"Dalam konteks ini, apakah teks yang mengandung kata-kata seperti: RT @korban_gusur: @RakyatBiasa1945 Ada CEBONG GENDHENG NGAMUK2 belain si HOMO PENISTA AGAMA!! HAHAHA @OshMuslim @RebusKentang @m3g4, termasuk dalam kategori hatespeech?
- iya
- tidak",iya
4900,id_hatespeech,id_hatespeech_nusantara_text,67209ca7-1b01-4357-9e1f-7139bc82a29c,hate_or_noHate_zs_opt_contains,train,"Dalam konteks ini, apakah teks yang mengandung kata-kata seperti: RT @Ustadtengku1: @RizieqSyihabFPI tolol itu banyak yg bela penista agama walau sudah tersangka, termasuk dalam kategori hatespeech?
- iya
- tidak",iya
4901,id_hatespeech,id_hatespeech_nusantara_text,67209ca7-1b01-4357-9e1f-7139bc82a29c,hate_or_noHate_zs_opt_contains,train,"Dalam konteks ini, apakah teks yang mengandung kata-kata seperti: Orang punya saksi anjing dikasus babi.. Tolol https://t.co/ssePg5FCXm, termasuk dalam kategori hatespeech?
- iya
- tidak",iya
4902,id_hatespeech,id_hatespeech_nusantara_text,67209ca7-1b01-4357-9e1f-7139bc82a29c,hate_or_noHate_zs_opt_contains,train,"Dalam konteks ini, apakah teks yang mengandung kata-kata seperti: Si Ahok kampret emang gak becus kerja. Pencitraan mlulu tuh si Ahok kampret. https://t.co/yM5ViOFvpc, termasuk dalam kategori hatespeech?
- iya
- tidak",iya
4903,id_hatespeech,id_hatespeech_nusantara_text,67209ca7-1b01-4357-9e1f-7139bc82a29c,hate_or_noHate_zs_opt_contains,train,"Dalam konteks ini, apakah teks yang mengandung kata-kata seperti: Sini lu, kami enggak mau kampung kami didatangi sama penista agama, https://t.co/1z3MtHs9ck, termasuk dalam kategori hatespeech?
- iya
- tidak",iya
4904,id_hatespeech,id_hatespeech_nusantara_text,67209ca7-1b01-4357-9e1f-7139bc82a29c,hate_or_noHate_zs_opt_contains,train,"Dalam konteks ini, apakah teks yang mengandung kata-kata seperti: Tanda2 kiamat x yak, masih banyak aja orang muslim yg mengingkari Al-Quran dan pilih Penista Agama. #Nomor2Koruptor #Nomor2Koruptor, termasuk dalam kategori hatespeech?
- iya
- tidak",iya
4905,id_hatespeech,id_hatespeech_nusantara_text,67209ca7-1b01-4357-9e1f-7139bc82a29c,hate_or_noHate_zs_opt_contains,train,"Dalam konteks ini, apakah teks yang mengandung kata-kata seperti: #JanganMauDibohongiAhok sebab Ahok Sumber Kekacauan Politik, Ramaikan Aski 313 FIGHT!! https://t.co/WOBxlxvZnx, termasuk dalam kategori hatespeech?
- iya
- tidak",iya
4906,id_hatespeech,id_hatespeech_nusantara_text,67209ca7-1b01-4357-9e1f-7139bc82a29c,hate_or_noHate_zs_opt_contains,train,"Dalam konteks ini, apakah teks yang mengandung kata-kata seperti: #MataNajwaDebatJakarta Anies anda SADIS. Topengmu terbuka lebar malam ini. Biar warga DKI yg menilai...apa yg anda katakan adalah PENGECUT, termasuk dalam kategori hatespeech?
- iya
- tidak",iya
4907,id_hatespeech,id_hatespeech_nusantara_text,67209ca7-1b01-4357-9e1f-7139bc82a29c,hate_or_noHate_zs_opt_contains,train,"Dalam konteks ini, apakah teks yang mengandung kata-kata seperti: Anies congornya aja gede. Realisasinya gak ada. Janji terus dari awal bisanya paling korupsi. Balik jadi dosen aja bangsat., termasuk dalam kategori hatespeech?
- iya
- tidak",iya
4908,id_hatespeech,id_hatespeech_nusantara_text,67209ca7-1b01-4357-9e1f-7139bc82a29c,hate_or_noHate_zs_opt_contains,train,"Dalam konteks ini, apakah teks yang mengandung kata-kata seperti: #MataNajwaDebatJakarta Hebatnya, Ahok masih mau salaman loh sm Pak Anies yang Amat terhormat. Idih gw sih ogah., termasuk dalam kategori hatespeech?
- iya
- tidak",iya
4909,id_hatespeech,id_hatespeech_nusantara_text,67209ca7-1b01-4357-9e1f-7139bc82a29c,hate_or_noHate_zs_opt_contains,train,"Dalam konteks ini, apakah teks yang mengandung kata-kata seperti: #MataNajwaDebatJakarta kalau untuk urusan bacot memang anis nya juaranya..memang kita bakal makan bacot di jakarta..haha..paslon yg aneh gede bacot doang., termasuk dalam kategori hatespeech?
- iya
- tidak",iya
4910,id_hatespeech,id_hatespeech_nusantara_text,67209ca7-1b01-4357-9e1f-7139bc82a29c,hate_or_noHate_zs_opt_contains,train,"Dalam konteks ini, apakah teks yang mengandung kata-kata seperti: #MataNajwaDebatJakarta pak anies banyak omdo dulu waktu jd menteri terobosannya apa?? skrg ngomong ky sok Jago bgt, termasuk dalam kategori hatespeech?
- iya
- tidak",iya
4911,id_hatespeech,id_hatespeech_nusantara_text,67209ca7-1b01-4357-9e1f-7139bc82a29c,hate_or_noHate_zs_opt_contains,train,"Dalam konteks ini, apakah teks yang mengandung kata-kata seperti: #MataNajwaDebatJakarta si Cina Babi ahok bloon banget. Sok pinter banget lagi. Asal bukan Ahok, termasuk dalam kategori hatespeech?
- iya
- tidak",iya
4912,id_hatespeech,id_hatespeech_nusantara_text,67209ca7-1b01-4357-9e1f-7139bc82a29c,hate_or_noHate_zs_opt_contains,train,"Dalam konteks ini, apakah teks yang mengandung kata-kata seperti: #MataNajwaDebatJakarta lucu banget jawaban ahok.. gak nyambung. Ditanya apa di jawab apa. Kena skak mat d pertanyaan isu agama tdi. Dasar cina tolol hahaha, termasuk dalam kategori hatespeech?
- iya
- tidak",iya
4913,id_hatespeech,id_hatespeech_nusantara_text,67209ca7-1b01-4357-9e1f-7139bc82a29c,hate_or_noHate_zs_opt_contains,train,"Dalam konteks ini, apakah teks yang mengandung kata-kata seperti: #MataNajwaDebatJakarta topeng anda hari ini fix terbuka @aniesbaswedan .. anda sama dgn yg mendukung anda.. BAU BUSUK, termasuk dalam kategori hatespeech?
- iya
- tidak",iya
4914,id_hatespeech,id_hatespeech_nusantara_text,67209ca7-1b01-4357-9e1f-7139bc82a29c,hate_or_noHate_zs_opt_contains,train,"Dalam konteks ini, apakah teks yang mengandung kata-kata seperti: #MataNajwaDebatJakarta Pak Anies suka nyinyir, suka memutar balik kan fakta, ga punya program yg jelas bisanya jelekkan kinerja pak Basuki, termasuk dalam kategori hatespeech?
- iya
- tidak",iya
4915,id_hatespeech,id_hatespeech_nusantara_text,67209ca7-1b01-4357-9e1f-7139bc82a29c,hate_or_noHate_zs_opt_contains,train,"Dalam konteks ini, apakah teks yang mengandung kata-kata seperti: Babi... iya memang si Ahok gak jauh kayak Babi.., termasuk dalam kategori hatespeech?
- iya
- tidak",iya
4916,id_hatespeech,id_hatespeech_nusantara_text,67209ca7-1b01-4357-9e1f-7139bc82a29c,hate_or_noHate_zs_opt_contains,train,"Dalam konteks ini, apakah teks yang mengandung kata-kata seperti: Si tengkuk babi sipit bangke agen dajjal mau jadi onta hahaha. Orang waras juga tau kasus ahok dipaksakan!!, termasuk dalam kategori hatespeech?
- iya
- tidak",iya
4917,id_hatespeech,id_hatespeech_nusantara_text,67209ca7-1b01-4357-9e1f-7139bc82a29c,hate_or_noHate_zs_opt_contains,train,"Dalam konteks ini, apakah teks yang mengandung kata-kata seperti: itu kan kata ahok kafir..umat islam anti ahok karena ahok itu kafr ditambah ahok itu cina yg suka makan babi & bir, termasuk dalam kategori hatespeech?
- iya
- tidak",iya
4918,id_hatespeech,id_hatespeech_nusantara_text,67209ca7-1b01-4357-9e1f-7139bc82a29c,hate_or_noHate_zs_opt_contains,train,"Dalam konteks ini, apakah teks yang mengandung kata-kata seperti: gw harus bilang Babi Ahok apa dong selain kafir, gw hanya pengen gerombolannyA Babi Ahok merasakan bagaiamana klo di anjing2in, Bangsat2in, termasuk dalam kategori hatespeech?
- iya
- tidak",iya
4919,id_hatespeech,id_hatespeech_nusantara_text,67209ca7-1b01-4357-9e1f-7139bc82a29c,hate_or_noHate_zs_opt_contains,train,"Dalam konteks ini, apakah teks yang mengandung kata-kata seperti: sibabi china sangat biadab memperlakukan kaum PRIBUMI, dan para jongon2 spt banser & nu nusantara mendukung ketimpangan ini, biadabnya mrk!, termasuk dalam kategori hatespeech?
- iya
- tidak",iya
4920,id_hatespeech,id_hatespeech_nusantara_text,67209ca7-1b01-4357-9e1f-7139bc82a29c,hate_or_noHate_zs_opt_contains,train,"Dalam konteks ini, apakah teks yang mengandung kata-kata seperti: ahok kafir takut debat dengan rakyat asli pribumi nelayan dan para pakar reklamasi dari rakyat.. ahok kafir bencong, termasuk dalam kategori hatespeech?
- iya
- tidak",iya
4921,id_hatespeech,id_hatespeech_nusantara_text,67209ca7-1b01-4357-9e1f-7139bc82a29c,hate_or_noHate_zs_opt_contains,train,"Dalam konteks ini, apakah teks yang mengandung kata-kata seperti: nampaknya sudah satu paket penyokong cina babi pasti juga sokong LGBT, termasuk dalam kategori hatespeech?
- iya
- tidak",iya
4922,id_hatespeech,id_hatespeech_nusantara_text,67209ca7-1b01-4357-9e1f-7139bc82a29c,hate_or_noHate_zs_opt_contains,train,"Dalam konteks ini, apakah teks yang mengandung kata-kata seperti: kebiadaban ahok cina kafir anak2 rakyat kecil pribumi dan ibu2 islam semua digusur dari rumahnya serta kehidupannya, termasuk dalam kategori hatespeech?
- iya
- tidak",iya
4923,id_hatespeech,id_hatespeech_nusantara_text,67209ca7-1b01-4357-9e1f-7139bc82a29c,hate_or_noHate_zs_opt_contains,train,"Dalam konteks ini, apakah teks yang mengandung kata-kata seperti: tim ahok yg otak wc otak tumpul justru anies itu sdh komit sekali dgn pancasila ,ahok kafir sgt tdk bs berpancasila, termasuk dalam kategori hatespeech?
- iya
- tidak",iya
4924,id_hatespeech,id_hatespeech_nusantara_text,67209ca7-1b01-4357-9e1f-7139bc82a29c,hate_or_noHate_zs_opt_contains,train,"Dalam konteks ini, apakah teks yang mengandung kata-kata seperti: #MataNajwaDebatJakarta Pak Anies sudah meninggalkan ketenangan dan ketulusannya dalam debat malam ini, mjd agitatif dan licik. semoga kalah kau anjing, termasuk dalam kategori hatespeech?
- iya
- tidak",iya
4925,id_hatespeech,id_hatespeech_nusantara_text,67209ca7-1b01-4357-9e1f-7139bc82a29c,hate_or_noHate_zs_opt_contains,train,"Dalam konteks ini, apakah teks yang mengandung kata-kata seperti: SELAMA PROSES #SidangAhok WASPADAI ULAMA2 KUBU AHOK..YAKNI ULAMA2 ""MUNAFIK"" YANG SESAT DAN MENYESATKAN..!!, termasuk dalam kategori hatespeech?
- iya
- tidak",iya
4926,id_hatespeech,id_hatespeech_nusantara_text,67209ca7-1b01-4357-9e1f-7139bc82a29c,hate_or_noHate_zs_opt_contains,train,"Dalam konteks ini, apakah teks yang mengandung kata-kata seperti: anies akan merangkul dua2nya untuk persatuan tidak spt ente dangkal & cekak intelektual hanya jadi budak ahok kafir., termasuk dalam kategori hatespeech?
- iya
- tidak",iya
4927,id_hatespeech,id_hatespeech_nusantara_text,67209ca7-1b01-4357-9e1f-7139bc82a29c,hate_or_noHate_zs_opt_contains,train,"Dalam konteks ini, apakah teks yang mengandung kata-kata seperti: kebiadaban ahok cina kafir rakyat kecil yg jadi PKL & asongan2 digusur2 dan dianiaya spt teroris, ahok kafir biadab, termasuk dalam kategori hatespeech?
- iya
- tidak",iya
4928,id_hatespeech,id_hatespeech_nusantara_text,67209ca7-1b01-4357-9e1f-7139bc82a29c,hate_or_noHate_zs_opt_contains,train,"Dalam konteks ini, apakah teks yang mengandung kata-kata seperti: RT @LeonartoRabono: tapi kenyataanya jutaan rakyat kecil asli pribumi yg miskin justru semakin dimiskinkan oleh ahok cina kafir...., termasuk dalam kategori hatespeech?
- iya
- tidak",iya
4929,id_hatespeech,id_hatespeech_nusantara_text,67209ca7-1b01-4357-9e1f-7139bc82a29c,hate_or_noHate_zs_opt_contains,train,"Dalam konteks ini, apakah teks yang mengandung kata-kata seperti: Itulah Indonesia. Yg dibully org yg bener.Yg salah dan binatang2 seperti nomor tiga dibiarin berkeliaran #matanajwadebatjakarta pak an https://t.co/jYSg6x1A, termasuk dalam kategori hatespeech?
- iya
- tidak",iya
4930,id_hatespeech,id_hatespeech_nusantara_text,67209ca7-1b01-4357-9e1f-7139bc82a29c,hate_or_noHate_zs_opt_contains,train,"Dalam konteks ini, apakah teks yang mengandung kata-kata seperti: #SidangAhok smg sipenista agama n ateknya matinya tdk wjar n jasadnya tdk dtrma tnh n dia tdk prnh mrs kn sorga,aamiin semoga tuhan setuju, termasuk dalam kategori hatespeech?
- iya
- tidak",iya
4931,id_hatespeech,id_hatespeech_nusantara_text,67209ca7-1b01-4357-9e1f-7139bc82a29c,hate_or_noHate_zs_opt_contains,train,"Dalam konteks ini, apakah teks yang mengandung kata-kata seperti: iya,kelasnya penista agama,bs nya cm ngebacot doang yg arogan sk blg taik"" nenek lu,oh ya sumber waras n nama d kasus E ktp apkabar?skakmat, termasuk dalam kategori hatespeech?
- iya
- tidak",iya
4932,id_hatespeech,id_hatespeech_nusantara_text,67209ca7-1b01-4357-9e1f-7139bc82a29c,hate_or_noHate_zs_opt_contains,train,"Dalam konteks ini, apakah teks yang mengandung kata-kata seperti: Penjarakan semua cina kafir dan ateis! Termasuk Ahok pemimpin babi tukang korupsi!, termasuk dalam kategori hatespeech?
- iya
- tidak",iya
4933,id_hatespeech,id_hatespeech_nusantara_text,67209ca7-1b01-4357-9e1f-7139bc82a29c,hate_or_noHate_zs_opt_contains,train,"Dalam konteks ini, apakah teks yang mengandung kata-kata seperti: Kampanye rasis ngmg nya pihak ahok yg di untungkan.. Goblok kafir mana ada di untungkan.. Kalau pada di perkosa bunuh lu enak berduit, termasuk dalam kategori hatespeech?
- iya
- tidak",iya
4934,id_hatespeech,id_hatespeech_nusantara_text,67209ca7-1b01-4357-9e1f-7139bc82a29c,hate_or_noHate_zs_opt_contains,train,"Dalam konteks ini, apakah teks yang mengandung kata-kata seperti: hahaha idiot bilang kpd orang2 kafir terurama para nasrani pendukung2 ahok kafir jangan memasuki wilayah2 syariat islam, termasuk dalam kategori hatespeech?
- iya
- tidak",iya
4935,id_hatespeech,id_hatespeech_nusantara_text,67209ca7-1b01-4357-9e1f-7139bc82a29c,hate_or_noHate_zs_opt_contains,train,"Dalam konteks ini, apakah teks yang mengandung kata-kata seperti: I HASIL MAKMAK KALIAN JUAL PUKINYA. BAGI KSLIAN YG BERPIHAK KEPADA PKI DAN SI AHOK ANAK CHINA ANJING KAFIR INI. SERTA NKRI BUKAN DIDAPAT, termasuk dalam kategori hatespeech?
- iya
- tidak",iya
4936,id_hatespeech,id_hatespeech_nusantara_text,67209ca7-1b01-4357-9e1f-7139bc82a29c,hate_or_noHate_zs_opt_contains,train,"Dalam konteks ini, apakah teks yang mengandung kata-kata seperti: Tim pendukung sakit jiwa, kehilangan akal sehat & ide #IklanAhokJahat, termasuk dalam kategori hatespeech?
- iya
- tidak",iya
4937,id_hatespeech,id_hatespeech_nusantara_text,67209ca7-1b01-4357-9e1f-7139bc82a29c,hate_or_noHate_zs_opt_contains,train,"Dalam konteks ini, apakah teks yang mengandung kata-kata seperti: #IklanAhokJahat Hati hati Mereka Mulai Prustasi dan Memainkan Cara cara Kasar !! Karena hasil dari berbagai survei si penista agama kalah!!, termasuk dalam kategori hatespeech?
- iya
- tidak",iya
4938,id_hatespeech,id_hatespeech_nusantara_text,67209ca7-1b01-4357-9e1f-7139bc82a29c,hate_or_noHate_zs_opt_contains,train,"Dalam konteks ini, apakah teks yang mengandung kata-kata seperti: HOOKK, masuk gorong"" aja loe #IklanAhokJahat, termasuk dalam kategori hatespeech?
- iya
- tidak",iya
4939,id_hatespeech,id_hatespeech_nusantara_text,67209ca7-1b01-4357-9e1f-7139bc82a29c,hate_or_noHate_zs_opt_contains,train,"Dalam konteks ini, apakah teks yang mengandung kata-kata seperti: Kayak gini nih kampanye Tim AniesSandiUno ke kampung2 mengintimidasi masyarakat. Kampungan ye? #ASUtenan, termasuk dalam kategori hatespeech?
- iya
- tidak",iya
4940,id_hatespeech,id_hatespeech_nusantara_text,67209ca7-1b01-4357-9e1f-7139bc82a29c,hate_or_noHate_zs_opt_contains,train,"Dalam konteks ini, apakah teks yang mengandung kata-kata seperti: SI KUTIL BABI TELAH MELECEHKAN PRIBUMI DAN UMAT ISLAM #IklanAhokJahat, termasuk dalam kategori hatespeech?
- iya
- tidak",iya
4941,id_hatespeech,id_hatespeech_nusantara_text,67209ca7-1b01-4357-9e1f-7139bc82a29c,hate_or_noHate_zs_opt_contains,train,"Dalam konteks ini, apakah teks yang mengandung kata-kata seperti: NGOMONG AJA ENTE SAMA KACA! MEMECAH BELAH KERUKUNAN LAGI HOK ENTE BISANYA. NGACO! #IklanAhokJahat, termasuk dalam kategori hatespeech?
- iya
- tidak",iya
4942,id_hatespeech,id_hatespeech_nusantara_text,67209ca7-1b01-4357-9e1f-7139bc82a29c,hate_or_noHate_zs_opt_contains,train,"Dalam konteks ini, apakah teks yang mengandung kata-kata seperti: #iklanahokjahat Terorist nyata di Indonesia... Bukan wahabi, bukan Onta Tapi Babi Babi milik Cina Penebar Teror sesungguhnya...., termasuk dalam kategori hatespeech?
- iya
- tidak",iya
4943,id_hatespeech,id_hatespeech_nusantara_text,67209ca7-1b01-4357-9e1f-7139bc82a29c,hate_or_noHate_zs_opt_contains,train,"Dalam konteks ini, apakah teks yang mengandung kata-kata seperti: RT @TerorisSocmed: Sadarlah wahai anak Bangsa, Ibu Pertiwi Sedang Diporakporandakan Oleh Manusia BIADAB @basuki_btp Sebagai Aktor Utama, termasuk dalam kategori hatespeech?
- iya
- tidak",iya
4944,id_hatespeech,id_hatespeech_nusantara_text,67209ca7-1b01-4357-9e1f-7139bc82a29c,hate_or_noHate_zs_opt_contains,train,"Dalam konteks ini, apakah teks yang mengandung kata-kata seperti: Sepertinya gerombolan @basuki_btp rindu kerusuhan, hati2 dikabul Tuhan #IklanAhokJahat, termasuk dalam kategori hatespeech?
- iya
- tidak",iya
4945,id_hatespeech,id_hatespeech_nusantara_text,67209ca7-1b01-4357-9e1f-7139bc82a29c,hate_or_noHate_zs_opt_contains,train,"Dalam konteks ini, apakah teks yang mengandung kata-kata seperti: Ahok and Bani serbet and wereng Coklat MEMANCING UMAT MUSLIM supaya marah? dengan #IklanAhokJahat. KALIAN ITU KUMPULAN ORANG SINTING, termasuk dalam kategori hatespeech?
- iya
- tidak",iya
4946,id_hatespeech,id_hatespeech_nusantara_text,67209ca7-1b01-4357-9e1f-7139bc82a29c,hate_or_noHate_zs_opt_contains,train,"Dalam konteks ini, apakah teks yang mengandung kata-kata seperti: #IklanAhokJahat baru ada direzim jokopret,setan,iblis,dajjal dibangkitkan dr kuburnya. Mereka gembira berpesta pora setelah lama dibelenggu, termasuk dalam kategori hatespeech?
- iya
- tidak",iya
4947,id_hatespeech,id_hatespeech_nusantara_text,67209ca7-1b01-4357-9e1f-7139bc82a29c,hate_or_noHate_zs_opt_contains,train,"Dalam konteks ini, apakah teks yang mengandung kata-kata seperti: Yang anti cina & mau ganyang cina tuh siapaaaa..??? kami cuma anti AHOK sang Penista Agama! #kampanyeAhokJahat #IklanAhokJahat #kampanyeSARA, termasuk dalam kategori hatespeech?
- iya
- tidak",iya
4948,id_hatespeech,id_hatespeech_nusantara_text,67209ca7-1b01-4357-9e1f-7139bc82a29c,hate_or_noHate_zs_opt_contains,train,"Dalam konteks ini, apakah teks yang mengandung kata-kata seperti: Udah bingung kalik mau pakai cara apa untuk kampanye. Sampai2 bikin fitnah yang kayak begituan. Depresi ya takut kalah? #IklanAhokJahat, termasuk dalam kategori hatespeech?
- iya
- tidak",iya
4949,id_hatespeech,id_hatespeech_nusantara_text,67209ca7-1b01-4357-9e1f-7139bc82a29c,hate_or_noHate_zs_opt_contains,train,"Dalam konteks ini, apakah teks yang mengandung kata-kata seperti: Tahukah Anda apa persamaan antara malin kundang dengan Ahok? mereka berdua sama-sam DURHAKA!!!!!!! #ASBAK #iklanahokjahat #kampanyeahokjahat, termasuk dalam kategori hatespeech?
- iya
- tidak",iya
4950,id_hatespeech,id_hatespeech_nusantara_text,67209ca7-1b01-4357-9e1f-7139bc82a29c,hate_or_noHate_zs_opt_contains,train,"Dalam konteks ini, apakah teks yang mengandung kata-kata seperti: HADUH KELAKUANMU HOK, SOK-SOKAN MENJAGA KEBERAGAMAN PADAHAL PROVOKATOR & RASIS!! #IklanAhokJahat, termasuk dalam kategori hatespeech?
- iya
- tidak",iya
4951,id_hatespeech,id_hatespeech_nusantara_text,67209ca7-1b01-4357-9e1f-7139bc82a29c,hate_or_noHate_zs_opt_contains,train,"Dalam konteks ini, apakah teks yang mengandung kata-kata seperti: RT @sarwandi_sr: #IklanAhokJahat bikin darah mendidih. bangsat penuh dengan propaganda. emang lo kira islam radikal ?Kalau kami mau, termasuk dalam kategori hatespeech?
- iya
- tidak",iya
4952,id_hatespeech,id_hatespeech_nusantara_text,67209ca7-1b01-4357-9e1f-7139bc82a29c,hate_or_noHate_zs_opt_contains,train,"Dalam konteks ini, apakah teks yang mengandung kata-kata seperti: Kapolda Babi! Biadap dan Bodoh! Gak punya otak kali., termasuk dalam kategori hatespeech?
- iya
- tidak",iya
4953,id_hatespeech,id_hatespeech_nusantara_text,67209ca7-1b01-4357-9e1f-7139bc82a29c,hate_or_noHate_zs_opt_contains,train,"Dalam konteks ini, apakah teks yang mengandung kata-kata seperti: Jangan2 lagi deh @basuki_btp hina islam, anda itu manusia hina dibandingkan agama yang mulia, anda bukan siapa2 & bukan apa2 #IklanAhokJahat, termasuk dalam kategori hatespeech?
- iya
- tidak",iya
4954,id_hatespeech,id_hatespeech_nusantara_text,67209ca7-1b01-4357-9e1f-7139bc82a29c,hate_or_noHate_zs_opt_contains,train,"Dalam konteks ini, apakah teks yang mengandung kata-kata seperti: AHOK KAFIR DAN BUDAK2NYA ATAU ANJING2 NYA HANYA SEBAGAI SAMPAH AGAMA ISLAM DAN SAMPAH MASYARAKAT, termasuk dalam kategori hatespeech?
- iya
- tidak",iya
4955,id_hatespeech,id_hatespeech_nusantara_text,67209ca7-1b01-4357-9e1f-7139bc82a29c,hate_or_noHate_zs_opt_contains,train,"Dalam konteks ini, apakah teks yang mengandung kata-kata seperti: umat agama islam dijakarta sangat haram dan sangat najis sekali dengan ahok kafir kristen..., termasuk dalam kategori hatespeech?
- iya
- tidak",iya
4956,id_hatespeech,id_hatespeech_nusantara_text,67209ca7-1b01-4357-9e1f-7139bc82a29c,hate_or_noHate_zs_opt_contains,train,"Dalam konteks ini, apakah teks yang mengandung kata-kata seperti: 19 april CNN kibarkan bendera kuning atas kematian ahok-djarot...., termasuk dalam kategori hatespeech?
- iya
- tidak",iya
4957,id_hatespeech,id_hatespeech_nusantara_text,67209ca7-1b01-4357-9e1f-7139bc82a29c,hate_or_noHate_zs_opt_contains,train,"Dalam konteks ini, apakah teks yang mengandung kata-kata seperti: itulah akibat ulah orang2 kafir nasrani persis seperti ahok kafir yg melarang jilbab kepada anak2 sekokah di jakarta...., termasuk dalam kategori hatespeech?
- iya
- tidak",iya
4958,id_hatespeech,id_hatespeech_nusantara_text,67209ca7-1b01-4357-9e1f-7139bc82a29c,hate_or_noHate_zs_opt_contains,train,"Dalam konteks ini, apakah teks yang mengandung kata-kata seperti: baswedan pantas jadi gubernur jakarta dan komisioner KPK..... ahok kafir pantasnya jadi germo di alexis...., termasuk dalam kategori hatespeech?
- iya
- tidak",iya
4959,id_hatespeech,id_hatespeech_nusantara_text,67209ca7-1b01-4357-9e1f-7139bc82a29c,hate_or_noHate_zs_opt_contains,train,"Dalam konteks ini, apakah teks yang mengandung kata-kata seperti: RT @yudijannis: #IklanAhokJahat bagaimana klo kita ganyang beneran hok?itu sih maunya elo ya hok,adu domba pribumi dengan tionghoa!!jangan, termasuk dalam kategori hatespeech?
- iya
- tidak",iya
4960,id_hatespeech,id_hatespeech_nusantara_text,67209ca7-1b01-4357-9e1f-7139bc82a29c,hate_or_noHate_zs_opt_contains,train,"Dalam konteks ini, apakah teks yang mengandung kata-kata seperti: masalahnya djarot tidak bisa memikirkan rakyat kecil pribumi bisanya hanya membabu kpd cina2 betul2 songong jongkok., termasuk dalam kategori hatespeech?
- iya
- tidak",iya
4961,id_hatespeech,id_hatespeech_nusantara_text,67209ca7-1b01-4357-9e1f-7139bc82a29c,hate_or_noHate_zs_opt_contains,train,"Dalam konteks ini, apakah teks yang mengandung kata-kata seperti: otak wc otak babi yg menerima ahok kafir & kamu, ahok kafir bkn sekedar menghina sdh anggap islam itu sampah, termasuk dalam kategori hatespeech?
- iya
- tidak",iya
4962,id_hatespeech,id_hatespeech_nusantara_text,67209ca7-1b01-4357-9e1f-7139bc82a29c,hate_or_noHate_zs_opt_contains,train,"Dalam konteks ini, apakah teks yang mengandung kata-kata seperti: DALAM PUTARAN DUA NANTI JIKA SAMPAI AHOK KAFIR CURANG UMAT ISLAM SUDAH KOMITMEN JAKARTA AKAN DIJADIKAN LAUTAN API, SUDAH TIDAK MIKIR HUKUM, termasuk dalam kategori hatespeech?
- iya
- tidak",iya
4963,id_hatespeech,id_hatespeech_nusantara_text,67209ca7-1b01-4357-9e1f-7139bc82a29c,hate_or_noHate_zs_opt_contains,train,"Dalam konteks ini, apakah teks yang mengandung kata-kata seperti: #IKLANAHOKJAHAT AHOK MENCIPTAKAN BARA API ANTARA RAKYAT PRIBUMI DENGAN TIONGHOA YG DIBALUT DENGAN PHOBIA.... AHOK KAFIR RASIS..., termasuk dalam kategori hatespeech?
- iya
- tidak",iya
4964,id_hatespeech,id_hatespeech_nusantara_text,67209ca7-1b01-4357-9e1f-7139bc82a29c,hate_or_noHate_zs_opt_contains,train,"Dalam konteks ini, apakah teks yang mengandung kata-kata seperti: jangan heran pemerintahan jokowi sekarang ini budaknya kulinya cina2 ahok kafir dan 9 naga..., termasuk dalam kategori hatespeech?
- iya
- tidak",iya
4965,id_hatespeech,id_hatespeech_nusantara_text,67209ca7-1b01-4357-9e1f-7139bc82a29c,hate_or_noHate_zs_opt_contains,train,"Dalam konteks ini, apakah teks yang mengandung kata-kata seperti: Ya itu namanya cawgub goblok gak ngerti peraturan debat....kelihatan bego dan liciknya itu sandiaga uno., termasuk dalam kategori hatespeech?
- iya
- tidak",iya
4966,id_hatespeech,id_hatespeech_nusantara_text,67209ca7-1b01-4357-9e1f-7139bc82a29c,hate_or_noHate_zs_opt_contains,train,"Dalam konteks ini, apakah teks yang mengandung kata-kata seperti: BODOH jika para pendukung ahok yg Muslim tidak tersinggung sama sekali ! Tapi bisa aja sih Qur'an d hina saja mrka diam #IklanAhokJahat, termasuk dalam kategori hatespeech?
- iya
- tidak",iya
4967,id_hatespeech,id_hatespeech_nusantara_text,67209ca7-1b01-4357-9e1f-7139bc82a29c,hate_or_noHate_zs_opt_contains,train,"Dalam konteks ini, apakah teks yang mengandung kata-kata seperti: Gubraaaaak!!!! Malu liatnya... Untung semalem debat ga kaya MATA NAJWA.. Coba kalo formatnya sama pasti Ringsek dah pasangan ASU..., termasuk dalam kategori hatespeech?
- iya
- tidak",iya
4968,id_hatespeech,id_hatespeech_nusantara_text,67209ca7-1b01-4357-9e1f-7139bc82a29c,hate_or_noHate_zs_opt_contains,train,"Dalam konteks ini, apakah teks yang mengandung kata-kata seperti: YG JELAS OTAK AHOK-DJAROT SUDAH SANGAT TUMPUL SANGAT LOYO DAN STRESS..... SUDAH JEBOL HARUS DICOPOT DAN DIGANTI....., termasuk dalam kategori hatespeech?
- iya
- tidak",iya
4969,id_hatespeech,id_hatespeech_nusantara_text,67209ca7-1b01-4357-9e1f-7139bc82a29c,hate_or_noHate_zs_opt_contains,train,"Dalam konteks ini, apakah teks yang mengandung kata-kata seperti: AHOK KAFIR BUKAN HANYA MALING TAPI JUGA GARONG, LAHAN LAUT MILIK NELAYAN DIRAMPOK & DIRAMPAS UNTUK REKLAMASI YG MENGUNTUNGKAN CINA2 KAFIR.., termasuk dalam kategori hatespeech?
- iya
- tidak",iya
4970,id_hatespeech,id_hatespeech_nusantara_text,67209ca7-1b01-4357-9e1f-7139bc82a29c,hate_or_noHate_zs_opt_contains,train,"Dalam konteks ini, apakah teks yang mengandung kata-kata seperti: Sumpah bego bgt sih kesel gue. Kenapa ada org yg vote makhluk kayak Sandiaga Uno coba. Oh agama, termasuk dalam kategori hatespeech?
- iya
- tidak",iya
4971,id_hatespeech,id_hatespeech_nusantara_text,67209ca7-1b01-4357-9e1f-7139bc82a29c,hate_or_noHate_zs_opt_contains,train,"Dalam konteks ini, apakah teks yang mengandung kata-kata seperti: responden2 yangg goblok2 belum faham & juga wartawan beritasatu juga goblok, nanti klo anies-sandy sudah memimpin sangat mudah, termasuk dalam kategori hatespeech?
- iya
- tidak",iya
4972,id_hatespeech,id_hatespeech_nusantara_text,67209ca7-1b01-4357-9e1f-7139bc82a29c,hate_or_noHate_zs_opt_contains,train,"Dalam konteks ini, apakah teks yang mengandung kata-kata seperti: FPI RENOVASI MASJID ITU SANGAT TEPAT, AHOK KAFIR KRISTEN NGAPAIN NGURUSI MASJID2 APA HUBUNGANNYA....., termasuk dalam kategori hatespeech?
- iya
- tidak",iya
4973,id_hatespeech,id_hatespeech_nusantara_text,67209ca7-1b01-4357-9e1f-7139bc82a29c,hate_or_noHate_zs_opt_contains,train,"Dalam konteks ini, apakah teks yang mengandung kata-kata seperti: MENGAPA ahoker KRISTEN & MUNAFIK tidak berhenti mengolok2 GEREJA stiap hari? Apakah mereka memang dibriefing ahok untuk menghina si BUMI DATAR?, termasuk dalam kategori hatespeech?
- iya
- tidak",iya
4974,id_hatespeech,id_hatespeech_nusantara_text,67209ca7-1b01-4357-9e1f-7139bc82a29c,hate_or_noHate_zs_opt_contains,train,"Dalam konteks ini, apakah teks yang mengandung kata-kata seperti: uma surveynya si Botak yg menangkan Ahok. Karena apa? Karena dia Cina Kristen. Bukti kalo si Botak dukung sesama Cina Kristen, termasuk dalam kategori hatespeech?
- iya
- tidak",iya
4975,id_hatespeech,id_hatespeech_nusantara_text,67209ca7-1b01-4357-9e1f-7139bc82a29c,hate_or_noHate_zs_opt_contains,train,"Dalam konteks ini, apakah teks yang mengandung kata-kata seperti: AHOK PEMECAH BELAH UMMAT, AJARAN KRISTEN KONYOL, demi meraup suara muslim, JELAS AHOK INI RASIS, PKI TULEN, termasuk dalam kategori hatespeech?
- iya
- tidak",iya
4976,id_hatespeech,id_hatespeech_nusantara_text,67209ca7-1b01-4357-9e1f-7139bc82a29c,hate_or_noHate_zs_opt_contains,train,"Dalam konteks ini, apakah teks yang mengandung kata-kata seperti: Woy @aagym lu udah nonton yang ini? Fitnah? Pale lu peyang gym. https://t.co/U3QhuJpwg, termasuk dalam kategori hatespeech?
- iya
- tidak",iya
4977,id_hatespeech,id_hatespeech_nusantara_text,67209ca7-1b01-4357-9e1f-7139bc82a29c,hate_or_noHate_zs_opt_contains,train,"Dalam konteks ini, apakah teks yang mengandung kata-kata seperti: Ahok :memilih pemimpin Berdasarkan agama melanggar konstitusi. Sebaiknya BABI INI DI BUNGKUS aja, CONGORNYAPECAH BELAH UMAT BERAGAMA., termasuk dalam kategori hatespeech?
- iya
- tidak",iya
4978,id_hatespeech,id_hatespeech_nusantara_text,67209ca7-1b01-4357-9e1f-7139bc82a29c,hate_or_noHate_zs_opt_contains,train,"Dalam konteks ini, apakah teks yang mengandung kata-kata seperti: Saya pribumi, Kristen dan mendukung Ahok. Tapi saya paling anti dengan manusia2 bodoh dan goblok seperti Steven Hadisurya Sulistyo., termasuk dalam kategori hatespeech?
- iya
- tidak",iya
4979,id_hatespeech,id_hatespeech_nusantara_text,67209ca7-1b01-4357-9e1f-7139bc82a29c,hate_or_noHate_zs_opt_contains,train,"Dalam konteks ini, apakah teks yang mengandung kata-kata seperti: Maksudnya terbukti KORUPSI dan PENISTAAN agama nya ya om, Bangsat lo, TAIK LO, maaf gw pake Bahasa Babi Ahok., termasuk dalam kategori hatespeech?
- iya
- tidak",iya
4980,id_hatespeech,id_hatespeech_nusantara_text,67209ca7-1b01-4357-9e1f-7139bc82a29c,hate_or_noHate_zs_opt_contains,train,"Dalam konteks ini, apakah teks yang mengandung kata-kata seperti: Ehh TAIK, Bangsat lo, Omongan elo kayak IwAn bopeng, yg MO potong leher TNI, Bangsat lo IwAn bopeng, baek2in TNI. TAIK LO,, termasuk dalam kategori hatespeech?
- iya
- tidak",iya
4981,id_hatespeech,id_hatespeech_nusantara_text,67209ca7-1b01-4357-9e1f-7139bc82a29c,hate_or_noHate_zs_opt_contains,train,"Dalam konteks ini, apakah teks yang mengandung kata-kata seperti: Ehh anak anjing Ahok, Kelan itu blon siuman, mending emut2 bool basuki lagi aja sana, kasih tau sama Babi yg lain, bool basuki wangi gitu, termasuk dalam kategori hatespeech?
- iya
- tidak",iya
4982,id_hatespeech,id_hatespeech_nusantara_text,67209ca7-1b01-4357-9e1f-7139bc82a29c,hate_or_noHate_zs_opt_contains,train,"Dalam konteks ini, apakah teks yang mengandung kata-kata seperti: CWE CAKEP TP BEGO.PANTES GK LAKU.SI AHOK CINA BAU TAI.MAKAN BUBUR ENCER.AHOK FAHAM KOMUNIS.MENISTA ISLAM & KRISTEN, termasuk dalam kategori hatespeech?
- iya
- tidak",iya
4983,id_hatespeech,id_hatespeech_nusantara_text,67209ca7-1b01-4357-9e1f-7139bc82a29c,hate_or_noHate_zs_opt_contains,train,"Dalam konteks ini, apakah teks yang mengandung kata-kata seperti: Dan ajeng pasti paham si Babi Ahok klo bicara santun, BANGSAT, TAIK, ANJING, SETAN LO, dngn intonasi yg familiar tuntuna, termasuk dalam kategori hatespeech?
- iya
- tidak",iya
4984,id_hatespeech,id_hatespeech_nusantara_text,67209ca7-1b01-4357-9e1f-7139bc82a29c,hate_or_noHate_zs_opt_contains,train,"Dalam konteks ini, apakah teks yang mengandung kata-kata seperti: Itu dia, BUNUH AJA YG DIDEPAN MATA, DIA MAFIA KORUPTOR NYA, PENISTA AGAMA PULA, PANGGILAN POPULAR NYA BABI AHOK, termasuk dalam kategori hatespeech?
- iya
- tidak",iya
4985,id_hatespeech,id_hatespeech_nusantara_text,67209ca7-1b01-4357-9e1f-7139bc82a29c,hate_or_noHate_zs_opt_contains,train,"Dalam konteks ini, apakah teks yang mengandung kata-kata seperti: Gimana dgn Sumber waras.. Trans Jakarta ko jokowi diem ajah.... Harusnya si kutil babi ahok di ganyang, termasuk dalam kategori hatespeech?
- iya
- tidak",iya
4986,id_hatespeech,id_hatespeech_nusantara_text,67209ca7-1b01-4357-9e1f-7139bc82a29c,hate_or_noHate_zs_opt_contains,train,"Dalam konteks ini, apakah teks yang mengandung kata-kata seperti: Muka Si BABi Ahok Tuh Yg Mirip SERBET Lantai....@basuki_btp..., termasuk dalam kategori hatespeech?
- iya
- tidak",iya
4987,id_hatespeech,id_hatespeech_nusantara_text,67209ca7-1b01-4357-9e1f-7139bc82a29c,hate_or_noHate_zs_opt_contains,train,"Dalam konteks ini, apakah teks yang mengandung kata-kata seperti: Betul bang hancurkan merka bang, musnahkan china babi dibumi pertiwi indonesia, berkedok reklamasi itu ahok, termasuk dalam kategori hatespeech?
- iya
- tidak",iya
4988,id_hatespeech,id_hatespeech_nusantara_text,67209ca7-1b01-4357-9e1f-7139bc82a29c,hate_or_noHate_zs_opt_contains,train,"Dalam konteks ini, apakah teks yang mengandung kata-kata seperti: Sapa Yg bilang Ahok anti korupsi!?, klo grombolannyA NGOMONG gtu wajar, AHOK ITU MAFIA KORUPTOR SANG PENISTA AGAMA YG DILINDUNGI ISTANA PKI, termasuk dalam kategori hatespeech?
- iya
- tidak",iya
4989,id_hatespeech,id_hatespeech_nusantara_text,67209ca7-1b01-4357-9e1f-7139bc82a29c,hate_or_noHate_zs_opt_contains,train,"Dalam konteks ini, apakah teks yang mengandung kata-kata seperti: Gw juga ngimpi SENTILIN BIJI BABI AHOK, pcetar Pcetar, langsung kejang2 die, ngadu ke Jkw, Jkw: makanye sunat dulu, bru NGOMONG Almaidah., termasuk dalam kategori hatespeech?
- iya
- tidak",iya
4990,id_hatespeech,id_hatespeech_nusantara_text,67209ca7-1b01-4357-9e1f-7139bc82a29c,hate_or_noHate_zs_opt_contains,train,"Dalam konteks ini, apakah teks yang mengandung kata-kata seperti: Mudah2an gw ketemu sama SI BABI IWAN BOPENG DI TPS nya anjing Ahok, termasuk dalam kategori hatespeech?
- iya
- tidak",iya
4991,id_hatespeech,id_hatespeech_nusantara_text,74b9b570-f67b-4167-b340-5876404b97f1,hate_or_noHate_zs_noopt_kriteria,train,"Berdasarkan kriteria hatespeech yang ada, apakah pesan yang disampaikan dalam teks berikut: RT @spardaxyz: Fadli Zon Minta Mendagri Segera Menonaktifkan Ahok Jadi Gubernur DKI https:\/\/t.co\/KH5vIRwPdO, dianggap sebagai hatespeech?",tidak
4992,id_hatespeech,id_hatespeech_nusantara_text,74b9b570-f67b-4167-b340-5876404b97f1,hate_or_noHate_zs_noopt_kriteria,train,"Berdasarkan kriteria hatespeech yang ada, apakah pesan yang disampaikan dalam teks berikut: RT @baguscondromowo: Mereka terus melukai aksi dalam rangka memenjarakan Ahok atau Ahok gagal dalam Pilkada., dianggap sebagai hatespeech?",tidak
4993,id_hatespeech,id_hatespeech_nusantara_text,74b9b570-f67b-4167-b340-5876404b97f1,hate_or_noHate_zs_noopt_kriteria,train,"Berdasarkan kriteria hatespeech yang ada, apakah pesan yang disampaikan dalam teks berikut: Sylvi: bagaimana gurbernur melakukan kekerasan perempuan? Buktinya banyak ibu2 mau foto bareng #DebatFinalPilkadaJKT, dianggap sebagai hatespeech?",tidak
4994,id_hatespeech,id_hatespeech_nusantara_text,74b9b570-f67b-4167-b340-5876404b97f1,hate_or_noHate_zs_noopt_kriteria,train,"Berdasarkan kriteria hatespeech yang ada, apakah pesan yang disampaikan dalam teks berikut: Ahmad Dhani Tak Puas Debat Pilkada, Masalah Jalan di Bekasi Belum Sempat Terungkap https:\/\/t.co\/m3HopPLUID\u2026, dianggap sebagai hatespeech?",tidak
4995,id_hatespeech,id_hatespeech_nusantara_text,74b9b570-f67b-4167-b340-5876404b97f1,hate_or_noHate_zs_noopt_kriteria,train,"Berdasarkan kriteria hatespeech yang ada, apakah pesan yang disampaikan dalam teks berikut: RT @lisdaulay28: Waspada KTP palsu.....kawal PILKADA https:\/\/t.co\/OOoERQV4SM, dianggap sebagai hatespeech?",tidak
4996,id_hatespeech,id_hatespeech_nusantara_text,74b9b570-f67b-4167-b340-5876404b97f1,hate_or_noHate_zs_noopt_kriteria,train,"Berdasarkan kriteria hatespeech yang ada, apakah pesan yang disampaikan dalam teks berikut: @felixsiauw masih bnyak hal agamis yg bisa dibahas, kenapa ke pilkada terus, apa tingkat keimanan anda cuma sebatas pilkada????, dianggap sebagai hatespeech?",tidak
4997,id_hatespeech,id_hatespeech_nusantara_text,74b9b570-f67b-4167-b340-5876404b97f1,hate_or_noHate_zs_noopt_kriteria,train,"Berdasarkan kriteria hatespeech yang ada, apakah pesan yang disampaikan dalam teks berikut: @saidaqil apa maksud pernyataan. Anda? Apa anda mengaminkan kriminalisasi Ahok?? Hati2 jg dg mulutmu pak! https:\/\/t.co\/H4ODVaY0Md, dianggap sebagai hatespeech?",tidak
4998,id_hatespeech,id_hatespeech_nusantara_text,74b9b570-f67b-4167-b340-5876404b97f1,hate_or_noHate_zs_noopt_kriteria,train,"Berdasarkan kriteria hatespeech yang ada, apakah pesan yang disampaikan dalam teks berikut: Ahok Akan Integrasikan Transportasi Publik dengan Sistem Single Ticketing\u2026 https:\/\/t.co\/42PH7pqV0b #infoTribun, dianggap sebagai hatespeech?",tidak
4999,id_hatespeech,id_hatespeech_nusantara_text,74b9b570-f67b-4167-b340-5876404b97f1,hate_or_noHate_zs_noopt_kriteria,train,"Berdasarkan kriteria hatespeech yang ada, apakah pesan yang disampaikan dalam teks berikut: Ahok mampu melawan korupsi di ibukota, bangun infrastruktur, mencoba memperbaiki dengan berbagai trobosan dan works well., dianggap sebagai hatespeech?",tidak
5000,id_hatespeech,id_hatespeech_nusantara_text,74b9b570-f67b-4167-b340-5876404b97f1,hate_or_noHate_zs_noopt_kriteria,train,"Berdasarkan kriteria hatespeech yang ada, apakah pesan yang disampaikan dalam teks berikut: Awasi Kecurangan Pilkada, Agus - Sylvi Pakai Aplikasi Ini https:\/\/t.co\/xWZW4nUFIU, dianggap sebagai hatespeech?",tidak
5001,id_hatespeech,id_hatespeech_nusantara_text,74b9b570-f67b-4167-b340-5876404b97f1,hate_or_noHate_zs_noopt_kriteria,train,"Berdasarkan kriteria hatespeech yang ada, apakah pesan yang disampaikan dalam teks berikut: Bisa gak kita seperti Jokowi dan Ahok? Aku kalem, kamu tegas saling melengkapi. :'), dianggap sebagai hatespeech?",tidak
5002,id_hatespeech,id_hatespeech_nusantara_text,74b9b570-f67b-4167-b340-5876404b97f1,hate_or_noHate_zs_noopt_kriteria,train,"Berdasarkan kriteria hatespeech yang ada, apakah pesan yang disampaikan dalam teks berikut: Bos mau makan di istana ga, Di undang noh makan di istana Gebang tapinya https:\/\/t.co\/ns6cUYCpUj, dianggap sebagai hatespeech?",tidak
5003,id_hatespeech,id_hatespeech_nusantara_text,74b9b570-f67b-4167-b340-5876404b97f1,hate_or_noHate_zs_noopt_kriteria,train,"Berdasarkan kriteria hatespeech yang ada, apakah pesan yang disampaikan dalam teks berikut: Cuti Habis Ahok Jadi Gubernur DKI Lagi? Pengamat: Jangan Mengada-ada | Republika Online https:\/\/t.co\/T3kzvq9E4e, dianggap sebagai hatespeech?",tidak
5004,id_hatespeech,id_hatespeech_nusantara_text,74b9b570-f67b-4167-b340-5876404b97f1,hate_or_noHate_zs_noopt_kriteria,train,"Berdasarkan kriteria hatespeech yang ada, apakah pesan yang disampaikan dalam teks berikut: Debat terakhir Pilkada DKI Jakarta digelar Jumat malam. https:\/\/t.co\/e9ixz6Jllr, dianggap sebagai hatespeech?",tidak
5005,id_hatespeech,id_hatespeech_nusantara_text,74b9b570-f67b-4167-b340-5876404b97f1,hate_or_noHate_zs_noopt_kriteria,train,"Berdasarkan kriteria hatespeech yang ada, apakah pesan yang disampaikan dalam teks berikut: Demonstran FPD Malteng Desak Bawaslu Hentikan Sementara Tahapan Pilkada Maluku Tengah, dianggap sebagai hatespeech?",tidak
5006,id_hatespeech,id_hatespeech_nusantara_text,74b9b570-f67b-4167-b340-5876404b97f1,hate_or_noHate_zs_noopt_kriteria,train,"Berdasarkan kriteria hatespeech yang ada, apakah pesan yang disampaikan dalam teks berikut: Dulu Didesak Berhentikan Ahok Ngeles Usai Masa Cuti Pilkada, Sekarang Kampanye Mau Habis Kemendagri Ragu-ragu https:\/\/t.co\/92ss4trDcX, dianggap sebagai hatespeech?",tidak
5007,id_hatespeech,id_hatespeech_nusantara_text,74b9b570-f67b-4167-b340-5876404b97f1,hate_or_noHate_zs_noopt_kriteria,train,"Berdasarkan kriteria hatespeech yang ada, apakah pesan yang disampaikan dalam teks berikut: Gila gara2 pilkada, beberapa tokoh menampakkan watak aslinya., dianggap sebagai hatespeech?",tidak
5008,id_hatespeech,id_hatespeech_nusantara_text,74b9b570-f67b-4167-b340-5876404b97f1,hate_or_noHate_zs_noopt_kriteria,train,"Berdasarkan kriteria hatespeech yang ada, apakah pesan yang disampaikan dalam teks berikut: Gontor Izinkan Santrinya Pulang Kampung Nyoblos Pilkada DKI | Republika Online https:\/\/t.co\/JhNOT8ecNz, dianggap sebagai hatespeech?",tidak
5009,id_hatespeech,id_hatespeech_nusantara_text,74b9b570-f67b-4167-b340-5876404b97f1,hate_or_noHate_zs_noopt_kriteria,train,"Berdasarkan kriteria hatespeech yang ada, apakah pesan yang disampaikan dalam teks berikut: Gubernur non-aktif DKI Jakarta, Basuki Tjahaja Purnama atau Ahok, berencana merombak struktur jabatan pegawai... https:\/\/t.co\/cdKEZxF9xO, dianggap sebagai hatespeech?",tidak
5010,id_hatespeech,id_hatespeech_nusantara_text,74b9b570-f67b-4167-b340-5876404b97f1,hate_or_noHate_zs_noopt_kriteria,train,"Berdasarkan kriteria hatespeech yang ada, apakah pesan yang disampaikan dalam teks berikut: HEBAT .. !!! Imam Besar Masjid Istiqlal : Kalimat Ahok 100% Tidak Ada Penistaan AGAMA .. !! SEBARKAN, dianggap sebagai hatespeech?",tidak
5011,id_hatespeech,id_hatespeech_nusantara_text,74b9b570-f67b-4167-b340-5876404b97f1,hate_or_noHate_zs_noopt_kriteria,train,"Berdasarkan kriteria hatespeech yang ada, apakah pesan yang disampaikan dalam teks berikut: Ibu2 aja, kalo beli telor pake milih2 sblm ditimbang. Pdh telor kan mirip2. Ibu2 itu tahu, telor ada yg busuk, dianggap sebagai hatespeech?",tidak
5012,id_hatespeech,id_hatespeech_nusantara_text,74b9b570-f67b-4167-b340-5876404b97f1,hate_or_noHate_zs_noopt_kriteria,train,"Berdasarkan kriteria hatespeech yang ada, apakah pesan yang disampaikan dalam teks berikut: Ini Jawaban Ahok Saat Ditanya Terkait Persiapan Debat Pilgub Terakhir Besok https:\/\/t.co\/S6rlsAR7Y9, dianggap sebagai hatespeech?",tidak
5013,id_hatespeech,id_hatespeech_nusantara_text,74b9b570-f67b-4167-b340-5876404b97f1,hate_or_noHate_zs_noopt_kriteria,train,"Berdasarkan kriteria hatespeech yang ada, apakah pesan yang disampaikan dalam teks berikut: Ini Pesan Ahok di Hari Pers Nasional #KitaPastiPernah https:\/\/t.co\/h0L6mrjM3R, dianggap sebagai hatespeech?",tidak
5014,id_hatespeech,id_hatespeech_nusantara_text,74b9b570-f67b-4167-b340-5876404b97f1,hate_or_noHate_zs_noopt_kriteria,train,"Berdasarkan kriteria hatespeech yang ada, apakah pesan yang disampaikan dalam teks berikut: Istighotsah Bersama Ahok Catut Logo NU https:\/\/t.co\/U2rPY3C25R, dianggap sebagai hatespeech?",tidak
5015,id_hatespeech,id_hatespeech_nusantara_text,74b9b570-f67b-4167-b340-5876404b97f1,hate_or_noHate_zs_noopt_kriteria,train,"Berdasarkan kriteria hatespeech yang ada, apakah pesan yang disampaikan dalam teks berikut: Itu yang ngomong jangan pilih Ahok Djarot pernah ngerasain banjir ga sih? :(, dianggap sebagai hatespeech?",tidak
5016,id_hatespeech,id_hatespeech_nusantara_text,74b9b570-f67b-4167-b340-5876404b97f1,hate_or_noHate_zs_noopt_kriteria,train,"Berdasarkan kriteria hatespeech yang ada, apakah pesan yang disampaikan dalam teks berikut: Iya aja deh dripada hoax..., dianggap sebagai hatespeech?",tidak
5017,id_hatespeech,id_hatespeech_nusantara_text,74b9b570-f67b-4167-b340-5876404b97f1,hate_or_noHate_zs_noopt_kriteria,train,"Berdasarkan kriteria hatespeech yang ada, apakah pesan yang disampaikan dalam teks berikut: Jadi teringat para pelacur.belia yg dijual orang tuanya.sendiri di pantura.demi sesuap nasi https:\/\/t.co\/X5DdR7m693, dianggap sebagai hatespeech?",tidak
5018,id_hatespeech,id_hatespeech_nusantara_text,74b9b570-f67b-4167-b340-5876404b97f1,hate_or_noHate_zs_noopt_kriteria,train,"Berdasarkan kriteria hatespeech yang ada, apakah pesan yang disampaikan dalam teks berikut: jadi yg nyebar hoax ketahuan dong ada akun twitter nya lho, dianggap sebagai hatespeech?",tidak
5019,id_hatespeech,id_hatespeech_nusantara_text,74b9b570-f67b-4167-b340-5876404b97f1,hate_or_noHate_zs_noopt_kriteria,train,"Berdasarkan kriteria hatespeech yang ada, apakah pesan yang disampaikan dalam teks berikut: Mpok @sylviana_murni-nya tolong Mas @AgusYudhoyono, dianggap sebagai hatespeech?",tidak
5020,id_hatespeech,id_hatespeech_nusantara_text,74b9b570-f67b-4167-b340-5876404b97f1,hate_or_noHate_zs_noopt_kriteria,train,"Berdasarkan kriteria hatespeech yang ada, apakah pesan yang disampaikan dalam teks berikut: Ke Bidara beli mangga. Pulang nye liwat Slipi. Jangan lupa ingetin tetangga. Untuk milih Agus sylvi. #7HariLagiMilihAHY #AgusBersamaUlama, dianggap sebagai hatespeech?",tidak
5021,id_hatespeech,id_hatespeech_nusantara_text,74b9b570-f67b-4167-b340-5876404b97f1,hate_or_noHate_zs_noopt_kriteria,train,"Berdasarkan kriteria hatespeech yang ada, apakah pesan yang disampaikan dalam teks berikut: Serius tapi ada selipan hiburannya \ud83d\ude06\ud83d\ude06\ud83d\ude06 #pilkadadki2017 #DebatFinalPilkadaJKT, dianggap sebagai hatespeech?",tidak
5022,id_hatespeech,id_hatespeech_nusantara_text,74b9b570-f67b-4167-b340-5876404b97f1,hate_or_noHate_zs_noopt_kriteria,train,"Berdasarkan kriteria hatespeech yang ada, apakah pesan yang disampaikan dalam teks berikut: Sylvie sukses blunder bikin paslon 1 drop elektabilitasnya dengan fitnah dan spin salah pilih kader #DebatFinalPilkadaJKT, dianggap sebagai hatespeech?",tidak
5023,id_hatespeech,id_hatespeech_nusantara_text,74b9b570-f67b-4167-b340-5876404b97f1,hate_or_noHate_zs_noopt_kriteria,train,"Berdasarkan kriteria hatespeech yang ada, apakah pesan yang disampaikan dalam teks berikut: Ahok: mari berlomba program #DebatFinalPilkadaJKT, dianggap sebagai hatespeech?",tidak
5024,id_hatespeech,id_hatespeech_nusantara_text,74b9b570-f67b-4167-b340-5876404b97f1,hate_or_noHate_zs_noopt_kriteria,train,"Berdasarkan kriteria hatespeech yang ada, apakah pesan yang disampaikan dalam teks berikut: #DebatFinalPilkadaJKT aduh... Kecewa pertanyaan paslon 1...., dianggap sebagai hatespeech?",tidak
5025,id_hatespeech,id_hatespeech_nusantara_text,74b9b570-f67b-4167-b340-5876404b97f1,hate_or_noHate_zs_noopt_kriteria,train,"Berdasarkan kriteria hatespeech yang ada, apakah pesan yang disampaikan dalam teks berikut: RT @agusdansylvi: #DebatFinalPilkadaJKT Saya pilih nomor 1. Sektor informal akan dimajukan mas Agus dan Mpok Sylvi., dianggap sebagai hatespeech?",tidak
5026,id_hatespeech,id_hatespeech_nusantara_text,74b9b570-f67b-4167-b340-5876404b97f1,hate_or_noHate_zs_noopt_kriteria,train,"Berdasarkan kriteria hatespeech yang ada, apakah pesan yang disampaikan dalam teks berikut: RT @JTmor: Ahok pilihan terbaik untuk Jakarta, dianggap sebagai hatespeech?",tidak
5027,id_hatespeech,id_hatespeech_nusantara_text,74b9b570-f67b-4167-b340-5876404b97f1,hate_or_noHate_zs_noopt_kriteria,train,"Berdasarkan kriteria hatespeech yang ada, apakah pesan yang disampaikan dalam teks berikut: RT @augustfrankto: #DebatFinalPilkadaJKT Bu Silvy curhat karena pernah dimarahi sama Pak Ahok...hehe.., dianggap sebagai hatespeech?",tidak
5028,id_hatespeech,id_hatespeech_nusantara_text,74b9b570-f67b-4167-b340-5876404b97f1,hate_or_noHate_zs_noopt_kriteria,train,"Berdasarkan kriteria hatespeech yang ada, apakah pesan yang disampaikan dalam teks berikut: Mantap pak AHOK #DebatFinalPilkadaJKT, dianggap sebagai hatespeech?",tidak
5029,id_hatespeech,id_hatespeech_nusantara_text,74b9b570-f67b-4167-b340-5876404b97f1,hate_or_noHate_zs_noopt_kriteria,train,"Berdasarkan kriteria hatespeech yang ada, apakah pesan yang disampaikan dalam teks berikut: Ahok gagah kaya gatot kaca! #DebatFinalPilkadaJKT, dianggap sebagai hatespeech?",tidak
5030,id_hatespeech,id_hatespeech_nusantara_text,74b9b570-f67b-4167-b340-5876404b97f1,hate_or_noHate_zs_noopt_kriteria,train,"Berdasarkan kriteria hatespeech yang ada, apakah pesan yang disampaikan dalam teks berikut: Telaaaakkk nomer satuuuu. Nghahahaha #DebatFinalPilkadaJKT, dianggap sebagai hatespeech?",tidak
5031,id_hatespeech,id_hatespeech_nusantara_text,74b9b570-f67b-4167-b340-5876404b97f1,hate_or_noHate_zs_noopt_kriteria,train,"Berdasarkan kriteria hatespeech yang ada, apakah pesan yang disampaikan dalam teks berikut: Lomba adu program #DebatFinalPilkadaJKT #SkakSilvi, dianggap sebagai hatespeech?",tidak
5032,id_hatespeech,id_hatespeech_nusantara_text,74b9b570-f67b-4167-b340-5876404b97f1,hate_or_noHate_zs_noopt_kriteria,train,"Berdasarkan kriteria hatespeech yang ada, apakah pesan yang disampaikan dalam teks berikut: #DebatFinalPilkadaJKT Denger banyak program dan janji dan sering tau pas jadi ga dijalankan rasanya males aja sih., dianggap sebagai hatespeech?",tidak
5033,id_hatespeech,id_hatespeech_nusantara_text,74b9b570-f67b-4167-b340-5876404b97f1,hate_or_noHate_zs_noopt_kriteria,train,"Berdasarkan kriteria hatespeech yang ada, apakah pesan yang disampaikan dalam teks berikut: DEBAT CAGUB DKI ke 3 - 10 Februari 2017 - Segmen 3 Mantap Ahok SKAK Sylviana Murni\n\n#DebatFinalPilkadaJKT, dianggap sebagai hatespeech?",tidak
5034,id_hatespeech,id_hatespeech_nusantara_text,74b9b570-f67b-4167-b340-5876404b97f1,hate_or_noHate_zs_noopt_kriteria,train,"Berdasarkan kriteria hatespeech yang ada, apakah pesan yang disampaikan dalam teks berikut: Pertanyaan Ibu Silvy rada maksa.. #DebatFinalPilkadaJKT, dianggap sebagai hatespeech?",tidak
5035,id_hatespeech,id_hatespeech_nusantara_text,74b9b570-f67b-4167-b340-5876404b97f1,hate_or_noHate_zs_noopt_kriteria,train,"Berdasarkan kriteria hatespeech yang ada, apakah pesan yang disampaikan dalam teks berikut: Tanggal 15, pas pilkada nanti sy gak akan milih siapa-siapa ah!, dianggap sebagai hatespeech?",tidak
5036,id_hatespeech,id_hatespeech_nusantara_text,74b9b570-f67b-4167-b340-5876404b97f1,hate_or_noHate_zs_noopt_kriteria,train,"Berdasarkan kriteria hatespeech yang ada, apakah pesan yang disampaikan dalam teks berikut: Saya pribadi bakal prefer kok muslim dengan kapabilitas, tetapi lihat kondisinya Ahok menjadi pilihan plg realistis buat kemajuan DKI, dianggap sebagai hatespeech?",tidak
5037,id_hatespeech,id_hatespeech_nusantara_text,74b9b570-f67b-4167-b340-5876404b97f1,hate_or_noHate_zs_noopt_kriteria,train,"Berdasarkan kriteria hatespeech yang ada, apakah pesan yang disampaikan dalam teks berikut: Yang mendukung Mas Anies bukan berarti anti Pak Ahok, begitu Pula sebaliknya, dianggap sebagai hatespeech?",tidak
5038,id_hatespeech,id_hatespeech_nusantara_text,74b9b570-f67b-4167-b340-5876404b97f1,hate_or_noHate_zs_noopt_kriteria,train,"Berdasarkan kriteria hatespeech yang ada, apakah pesan yang disampaikan dalam teks berikut: Spanduk Tolak Salatkan Pembela Penista Agama juga Muncul di Kalibata https:\/\/t.co\/Sr1PbYtigN, dianggap sebagai hatespeech?",tidak
5039,id_hatespeech,id_hatespeech_nusantara_text,74b9b570-f67b-4167-b340-5876404b97f1,hate_or_noHate_zs_noopt_kriteria,train,"Berdasarkan kriteria hatespeech yang ada, apakah pesan yang disampaikan dalam teks berikut: #DebatFinalPilkadaJKT Telak banget anjir ngakak!, dianggap sebagai hatespeech?",tidak
5040,id_hatespeech,id_hatespeech_nusantara_text,74b9b570-f67b-4167-b340-5876404b97f1,hate_or_noHate_zs_noopt_kriteria,train,"Berdasarkan kriteria hatespeech yang ada, apakah pesan yang disampaikan dalam teks berikut: Ayo berlomba program jangan fitnah2 #DebatFinalPilkadaJKT, dianggap sebagai hatespeech?",tidak
5041,id_hatespeech,id_hatespeech_nusantara_text,74b9b570-f67b-4167-b340-5876404b97f1,hate_or_noHate_zs_noopt_kriteria,train,"Berdasarkan kriteria hatespeech yang ada, apakah pesan yang disampaikan dalam teks berikut: RT @deelestari: Akhirnya nggak ngantuk lagi! Yeay! #DebatFinalPilkadaJKT, dianggap sebagai hatespeech?",tidak
5042,id_hatespeech,id_hatespeech_nusantara_text,74b9b570-f67b-4167-b340-5876404b97f1,hate_or_noHate_zs_noopt_kriteria,train,"Berdasarkan kriteria hatespeech yang ada, apakah pesan yang disampaikan dalam teks berikut: Duh dibilang ga punya program paslon 1... kesian kesian kesian ... #debatfinalpilkadajkt, dianggap sebagai hatespeech?",tidak
5043,id_hatespeech,id_hatespeech_nusantara_text,74b9b570-f67b-4167-b340-5876404b97f1,hate_or_noHate_zs_noopt_kriteria,train,"Berdasarkan kriteria hatespeech yang ada, apakah pesan yang disampaikan dalam teks berikut: Tuntut Keadilan Bagi Penista Agama, Puluhan Jawara Betawi Ikuti Aksi 212 Jilid II https:\/\/t.co\/HWVuoZyYov, dianggap sebagai hatespeech?",tidak
5044,id_hatespeech,id_hatespeech_nusantara_text,74b9b570-f67b-4167-b340-5876404b97f1,hate_or_noHate_zs_noopt_kriteria,train,"Berdasarkan kriteria hatespeech yang ada, apakah pesan yang disampaikan dalam teks berikut: Keras nih ahok #DebatFinalPilkadaJKT, dianggap sebagai hatespeech?",tidak
5045,id_hatespeech,id_hatespeech_nusantara_text,74b9b570-f67b-4167-b340-5876404b97f1,hate_or_noHate_zs_noopt_kriteria,train,"Berdasarkan kriteria hatespeech yang ada, apakah pesan yang disampaikan dalam teks berikut: Paslon 3 Anies Sandiaga Uno 15 Feb 2017 Utk Jakarta Indonesia Raya OK OCE, dianggap sebagai hatespeech?",tidak
5046,id_hatespeech,id_hatespeech_nusantara_text,74b9b570-f67b-4167-b340-5876404b97f1,hate_or_noHate_zs_noopt_kriteria,train,"Berdasarkan kriteria hatespeech yang ada, apakah pesan yang disampaikan dalam teks berikut: Sesuai namanya: RONDE FINAL\n\n#DebatFinalPilkadaJKT, dianggap sebagai hatespeech?",tidak
5047,id_hatespeech,id_hatespeech_nusantara_text,74b9b570-f67b-4167-b340-5876404b97f1,hate_or_noHate_zs_noopt_kriteria,train,"Berdasarkan kriteria hatespeech yang ada, apakah pesan yang disampaikan dalam teks berikut: Mendagri Tambah Pusing, Ketika MA Emoh Keluarkan Fatwa Status Gubernur Penista Agama https:\/\/t.co\/J34aMQiMNi, dianggap sebagai hatespeech?",tidak
5048,id_hatespeech,id_hatespeech_nusantara_text,74b9b570-f67b-4167-b340-5876404b97f1,hate_or_noHate_zs_noopt_kriteria,train,"Berdasarkan kriteria hatespeech yang ada, apakah pesan yang disampaikan dalam teks berikut: Tolong adu program, dianggap sebagai hatespeech?",tidak
5049,id_hatespeech,id_hatespeech_nusantara_text,74b9b570-f67b-4167-b340-5876404b97f1,hate_or_noHate_zs_noopt_kriteria,train,"Berdasarkan kriteria hatespeech yang ada, apakah pesan yang disampaikan dalam teks berikut: Genderang perang makin kencang #DebatFinalPilkadaJKT, dianggap sebagai hatespeech?",tidak
5050,id_hatespeech,id_hatespeech_nusantara_text,74b9b570-f67b-4167-b340-5876404b97f1,hate_or_noHate_zs_noopt_kriteria,train,"Berdasarkan kriteria hatespeech yang ada, apakah pesan yang disampaikan dalam teks berikut: Mpok sylvi udah mulai emosi \ud83d\ude02\n #DebatFinalPilkadaJKT, dianggap sebagai hatespeech?",tidak
5051,id_hatespeech,id_hatespeech_nusantara_text,74b9b570-f67b-4167-b340-5876404b97f1,hate_or_noHate_zs_noopt_kriteria,train,"Berdasarkan kriteria hatespeech yang ada, apakah pesan yang disampaikan dalam teks berikut: Some people gabisa bedain kasar sama tegas. #DebatFinalPilkadaJKT, dianggap sebagai hatespeech?",tidak
5052,id_hatespeech,id_hatespeech_nusantara_text,74b9b570-f67b-4167-b340-5876404b97f1,hate_or_noHate_zs_noopt_kriteria,train,"Berdasarkan kriteria hatespeech yang ada, apakah pesan yang disampaikan dalam teks berikut: Beliau para pemimpin hebat Indonesia! Kita bangga https:\/\/t.co\/NAWbps9Xpt https:\/\/t.co\/5cC2U9AIEv, dianggap sebagai hatespeech?",tidak
5053,id_hatespeech,id_hatespeech_nusantara_text,74b9b570-f67b-4167-b340-5876404b97f1,hate_or_noHate_zs_noopt_kriteria,train,"Berdasarkan kriteria hatespeech yang ada, apakah pesan yang disampaikan dalam teks berikut: @InformasiDKI mungkin bu silvy jg pengen foto sama pak ahok hihihi #DebatFinalPilkadaJKT, dianggap sebagai hatespeech?",tidak
5054,id_hatespeech,id_hatespeech_nusantara_text,74b9b570-f67b-4167-b340-5876404b97f1,hate_or_noHate_zs_noopt_kriteria,train,"Berdasarkan kriteria hatespeech yang ada, apakah pesan yang disampaikan dalam teks berikut: #DebatFinalPilkadaJKT Mulai saling serang deh, dianggap sebagai hatespeech?",tidak
5055,id_hatespeech,id_hatespeech_nusantara_text,74b9b570-f67b-4167-b340-5876404b97f1,hate_or_noHate_zs_noopt_kriteria,train,"Berdasarkan kriteria hatespeech yang ada, apakah pesan yang disampaikan dalam teks berikut: RT @InaKinoy: baca ini dulu lah biar mendinginkan suasana #DebatFinalPilkadaJKT https:\/\/t.co\/Em9GCKc4qe, dianggap sebagai hatespeech?",tidak
5056,id_hatespeech,id_hatespeech_nusantara_text,74b9b570-f67b-4167-b340-5876404b97f1,hate_or_noHate_zs_noopt_kriteria,train,"Berdasarkan kriteria hatespeech yang ada, apakah pesan yang disampaikan dalam teks berikut: ayo berlomba program jgn pitnah doank.. #DebatFinalPilkadaJKT #BadjaPastimenang, dianggap sebagai hatespeech?",tidak
5057,id_hatespeech,id_hatespeech_nusantara_text,74b9b570-f67b-4167-b340-5876404b97f1,hate_or_noHate_zs_noopt_kriteria,train,"Berdasarkan kriteria hatespeech yang ada, apakah pesan yang disampaikan dalam teks berikut: RT @qronoz: Pokoknya kalo Ahok udah ngomong: Aduuuuuuh KELAR. #DebatFinalPilkadaJKT, dianggap sebagai hatespeech?",tidak
5058,id_hatespeech,id_hatespeech_nusantara_text,74b9b570-f67b-4167-b340-5876404b97f1,hate_or_noHate_zs_noopt_kriteria,train,"Berdasarkan kriteria hatespeech yang ada, apakah pesan yang disampaikan dalam teks berikut: Senjata makan tuan #DebatFinalPilkadaJKT #DebatFinalDKI, dianggap sebagai hatespeech?",tidak
5059,id_hatespeech,id_hatespeech_nusantara_text,74b9b570-f67b-4167-b340-5876404b97f1,hate_or_noHate_zs_noopt_kriteria,train,"Berdasarkan kriteria hatespeech yang ada, apakah pesan yang disampaikan dalam teks berikut: Ahok kekerasan verbal? Masa koruptor dielus2 #DebatFinalPilkadaJKT, dianggap sebagai hatespeech?",tidak
5060,id_hatespeech,id_hatespeech_nusantara_text,74b9b570-f67b-4167-b340-5876404b97f1,hate_or_noHate_zs_noopt_kriteria,train,"Berdasarkan kriteria hatespeech yang ada, apakah pesan yang disampaikan dalam teks berikut: RT @qronoz: Gak ada program yang mau diserang yang diserang karakternya. AHaY! \ud83d\ude02 #DebatFinalPilkadaJKT, dianggap sebagai hatespeech?",tidak
5061,id_hatespeech,id_hatespeech_nusantara_text,74b9b570-f67b-4167-b340-5876404b97f1,hate_or_noHate_zs_noopt_kriteria,train,"Berdasarkan kriteria hatespeech yang ada, apakah pesan yang disampaikan dalam teks berikut: Terkait Jakarta tak Ramah anak apa tanggapan Pak @aniesbaswedan https:\/\/t.co\/ufA55UWBcI, dianggap sebagai hatespeech?",tidak
5062,id_hatespeech,id_hatespeech_nusantara_text,74b9b570-f67b-4167-b340-5876404b97f1,hate_or_noHate_zs_noopt_kriteria,train,"Berdasarkan kriteria hatespeech yang ada, apakah pesan yang disampaikan dalam teks berikut: emang OK OCE anies dan sandi dalam mengatasi urbanisasi dan lapangan kerja #DebatFinalPilkadaJKT https:\/\/t.co\/BrCeCZSkux, dianggap sebagai hatespeech?",tidak
5063,id_hatespeech,id_hatespeech_nusantara_text,74b9b570-f67b-4167-b340-5876404b97f1,hate_or_noHate_zs_noopt_kriteria,train,"Berdasarkan kriteria hatespeech yang ada, apakah pesan yang disampaikan dalam teks berikut: Suporternya mulai kampungan paslon masih ngomong jg ...... #DebatFinalPilkadaJKT, dianggap sebagai hatespeech?",tidak
5064,id_hatespeech,id_hatespeech_nusantara_text,74b9b570-f67b-4167-b340-5876404b97f1,hate_or_noHate_zs_noopt_kriteria,train,"Berdasarkan kriteria hatespeech yang ada, apakah pesan yang disampaikan dalam teks berikut: Mulai seru ni #DebatFinalPilkadaJKT, dianggap sebagai hatespeech?",tidak
5065,id_hatespeech,id_hatespeech_nusantara_text,74b9b570-f67b-4167-b340-5876404b97f1,hate_or_noHate_zs_noopt_kriteria,train,"Berdasarkan kriteria hatespeech yang ada, apakah pesan yang disampaikan dalam teks berikut: #DebatFinalPilkadaJKT nangis nangis ketonjok lagi, dianggap sebagai hatespeech?",tidak
5066,id_hatespeech,id_hatespeech_nusantara_text,74b9b570-f67b-4167-b340-5876404b97f1,hate_or_noHate_zs_noopt_kriteria,train,"Berdasarkan kriteria hatespeech yang ada, apakah pesan yang disampaikan dalam teks berikut: RT @Kafyonaa: JADI DEBAT TERAKHIR NANTI MALAM PILIHANMU JATUH KE PASLON YANG MANA? #DebatFinalPilkadaJKT #Debat3PilkadaDKI, dianggap sebagai hatespeech?",tidak
5067,id_hatespeech,id_hatespeech_nusantara_text,74b9b570-f67b-4167-b340-5876404b97f1,hate_or_noHate_zs_noopt_kriteria,train,"Berdasarkan kriteria hatespeech yang ada, apakah pesan yang disampaikan dalam teks berikut: RT @magendajuang: Wkwkwk udah dah pilih Anies Sandi aja :) #DebatFinalPilkadaJKT https:\/\/t.co\/hMXhjyHBnJ, dianggap sebagai hatespeech?",tidak
5068,id_hatespeech,id_hatespeech_nusantara_text,74b9b570-f67b-4167-b340-5876404b97f1,hate_or_noHate_zs_noopt_kriteria,train,"Berdasarkan kriteria hatespeech yang ada, apakah pesan yang disampaikan dalam teks berikut: fitnah lebih kejam loh dari pembunuhan #DebatFinalPilkadaJKT, dianggap sebagai hatespeech?",tidak
5069,id_hatespeech,id_hatespeech_nusantara_text,74b9b570-f67b-4167-b340-5876404b97f1,hate_or_noHate_zs_noopt_kriteria,train,"Berdasarkan kriteria hatespeech yang ada, apakah pesan yang disampaikan dalam teks berikut: mari #debatsehat. jangan coba pakai #datasesat. #DebatFinalPilkadaJKT #DebatFinalDiKompasTV, dianggap sebagai hatespeech?",tidak
5070,id_hatespeech,id_hatespeech_nusantara_text,74b9b570-f67b-4167-b340-5876404b97f1,hate_or_noHate_zs_noopt_kriteria,train,"Berdasarkan kriteria hatespeech yang ada, apakah pesan yang disampaikan dalam teks berikut: RT @prastow: Apapun itu, keberanian Ahok membongkar mafia anggaran menjadi tonggak penting menuju APBD yg kredibel dan akuntabel., dianggap sebagai hatespeech?",tidak
5071,id_hatespeech,id_hatespeech_nusantara_text,74b9b570-f67b-4167-b340-5876404b97f1,hate_or_noHate_zs_noopt_kriteria,train,"Berdasarkan kriteria hatespeech yang ada, apakah pesan yang disampaikan dalam teks berikut: RT @SydSalesman: inilah wujud nasional-is-me dagangannya @pandji ... hebat! https:\/\/t.co\/0fYIG6c2xl, dianggap sebagai hatespeech?",tidak
5072,id_hatespeech,id_hatespeech_nusantara_text,74b9b570-f67b-4167-b340-5876404b97f1,hate_or_noHate_zs_noopt_kriteria,train,"Berdasarkan kriteria hatespeech yang ada, apakah pesan yang disampaikan dalam teks berikut: Pak dosen makin keliatan aslinya :(, dianggap sebagai hatespeech?",tidak
5073,id_hatespeech,id_hatespeech_nusantara_text,74b9b570-f67b-4167-b340-5876404b97f1,hate_or_noHate_zs_noopt_kriteria,train,"Berdasarkan kriteria hatespeech yang ada, apakah pesan yang disampaikan dalam teks berikut: RT @gabriellaanDini: Dulu di awal kampanye bukannya uda deklarasi anti SARA??? Tadinya gw pikir no.3 lebih mending dari no.1, dianggap sebagai hatespeech?",tidak
5074,id_hatespeech,id_hatespeech_nusantara_text,74b9b570-f67b-4167-b340-5876404b97f1,hate_or_noHate_zs_noopt_kriteria,train,"Berdasarkan kriteria hatespeech yang ada, apakah pesan yang disampaikan dalam teks berikut: #DebatFinalPilkadaJKT mateng mpok Silvy di bombardir Pak Ahok... jawaban cerdas Pak Ahok.., dianggap sebagai hatespeech?",tidak
5075,id_hatespeech,id_hatespeech_nusantara_text,74b9b570-f67b-4167-b340-5876404b97f1,hate_or_noHate_zs_noopt_kriteria,train,"Berdasarkan kriteria hatespeech yang ada, apakah pesan yang disampaikan dalam teks berikut: #DebatFinalPilkadaJKT mohon tenang, dianggap sebagai hatespeech?",tidak
5076,id_hatespeech,id_hatespeech_nusantara_text,74b9b570-f67b-4167-b340-5876404b97f1,hate_or_noHate_zs_noopt_kriteria,train,"Berdasarkan kriteria hatespeech yang ada, apakah pesan yang disampaikan dalam teks berikut: Yg no.1 nih ngomongin hal yg di luar program mulu ya. Ngga ada bhan ya bwt serang lawan.. Cape dehh! #DebatFinalDKI #DebatFinalPilkadaJKT, dianggap sebagai hatespeech?",tidak
5077,id_hatespeech,id_hatespeech_nusantara_text,74b9b570-f67b-4167-b340-5876404b97f1,hate_or_noHate_zs_noopt_kriteria,train,"Berdasarkan kriteria hatespeech yang ada, apakah pesan yang disampaikan dalam teks berikut: Cinta pak Ahok pokoknya #DebatFinalPilkadaJKT, dianggap sebagai hatespeech?",tidak
5078,id_hatespeech,id_hatespeech_nusantara_text,74b9b570-f67b-4167-b340-5876404b97f1,hate_or_noHate_zs_noopt_kriteria,train,"Berdasarkan kriteria hatespeech yang ada, apakah pesan yang disampaikan dalam teks berikut: #DebatFinalPilkadaJKT nggak cuma ibu2 yang pengen foto sama Ahok bapak2 juga lho, dianggap sebagai hatespeech?",tidak
5079,id_hatespeech,id_hatespeech_nusantara_text,74b9b570-f67b-4167-b340-5876404b97f1,hate_or_noHate_zs_noopt_kriteria,train,"Berdasarkan kriteria hatespeech yang ada, apakah pesan yang disampaikan dalam teks berikut: Mas Agus saya akui malam ini....rambut kamu bagus! #DebatFinalPilkadaJKT, dianggap sebagai hatespeech?",tidak
5080,id_hatespeech,id_hatespeech_nusantara_text,74b9b570-f67b-4167-b340-5876404b97f1,hate_or_noHate_zs_noopt_kriteria,train,"Berdasarkan kriteria hatespeech yang ada, apakah pesan yang disampaikan dalam teks berikut: RT @republikaonline: Ahok Janji Berani Tutup Tempat Hiburan Malam yang Jual Narkoba, dianggap sebagai hatespeech?",tidak
5081,id_hatespeech,id_hatespeech_nusantara_text,74b9b570-f67b-4167-b340-5876404b97f1,hate_or_noHate_zs_noopt_kriteria,train,"Berdasarkan kriteria hatespeech yang ada, apakah pesan yang disampaikan dalam teks berikut: Agus-Sylvi sisipkan bahasa jawa saat debat https:\/\/t.co\/fGTfXgaINx, dianggap sebagai hatespeech?",tidak
5082,id_hatespeech,id_hatespeech_nusantara_text,74b9b570-f67b-4167-b340-5876404b97f1,hate_or_noHate_zs_noopt_kriteria,train,"Berdasarkan kriteria hatespeech yang ada, apakah pesan yang disampaikan dalam teks berikut: RT @hariadhi: Ahok udah perhatikan penyandang disabilitas, jauuuh sebelum kandidat lain berjanji #NobarAhokDjarot #BadjaPastiJuara, dianggap sebagai hatespeech?",tidak
5083,id_hatespeech,id_hatespeech_nusantara_text,74b9b570-f67b-4167-b340-5876404b97f1,hate_or_noHate_zs_noopt_kriteria,train,"Berdasarkan kriteria hatespeech yang ada, apakah pesan yang disampaikan dalam teks berikut: Ahok keren!!! #DebatFinalPilkadaJKT, dianggap sebagai hatespeech?",tidak
5084,id_hatespeech,id_hatespeech_nusantara_text,74b9b570-f67b-4167-b340-5876404b97f1,hate_or_noHate_zs_noopt_kriteria,train,"Berdasarkan kriteria hatespeech yang ada, apakah pesan yang disampaikan dalam teks berikut: Gimana ya Tim Ahok kok makin disudutkan(?) Mungkin karena ini final kali y, dianggap sebagai hatespeech?",tidak
5085,id_hatespeech,id_hatespeech_nusantara_text,74b9b570-f67b-4167-b340-5876404b97f1,hate_or_noHate_zs_noopt_kriteria,train,"Berdasarkan kriteria hatespeech yang ada, apakah pesan yang disampaikan dalam teks berikut: Nih fakta buat yg asbun. #BadjaPastimenang #DebatFinalPilkadaJKT, dianggap sebagai hatespeech?",tidak
5086,id_hatespeech,id_hatespeech_nusantara_text,74b9b570-f67b-4167-b340-5876404b97f1,hate_or_noHate_zs_noopt_kriteria,train,"Berdasarkan kriteria hatespeech yang ada, apakah pesan yang disampaikan dalam teks berikut: Siap-siap meme CCTV. #DebatFinalPilkadaJKT #Debat3PilkadaDKI #DebatFinalDKI, dianggap sebagai hatespeech?",tidak
5087,id_hatespeech,id_hatespeech_nusantara_text,74b9b570-f67b-4167-b340-5876404b97f1,hate_or_noHate_zs_noopt_kriteria,train,"Berdasarkan kriteria hatespeech yang ada, apakah pesan yang disampaikan dalam teks berikut: Nyinyir tingkat nasional #DebatFinalPilkadaJKT, dianggap sebagai hatespeech?",tidak
5088,id_hatespeech,id_hatespeech_nusantara_text,74b9b570-f67b-4167-b340-5876404b97f1,hate_or_noHate_zs_noopt_kriteria,train,"Berdasarkan kriteria hatespeech yang ada, apakah pesan yang disampaikan dalam teks berikut: Drama bgt itu :(( #DebatFinalPilkadaJKT, dianggap sebagai hatespeech?",tidak
5089,id_hatespeech,id_hatespeech_nusantara_text,74b9b570-f67b-4167-b340-5876404b97f1,hate_or_noHate_zs_noopt_kriteria,train,"Berdasarkan kriteria hatespeech yang ada, apakah pesan yang disampaikan dalam teks berikut: Ini judulnya Debat atau nyerang paslon 2 ?????? #DebatFinalPilkadaJKT, dianggap sebagai hatespeech?",tidak
5090,id_hatespeech,id_hatespeech_nusantara_text,74b9b570-f67b-4167-b340-5876404b97f1,hate_or_noHate_zs_noopt_kriteria,train,"Berdasarkan kriteria hatespeech yang ada, apakah pesan yang disampaikan dalam teks berikut: Lha kok menyerang gitu ya #DebatFinalPilkadaJKT, dianggap sebagai hatespeech?",tidak
5091,id_hatespeech,id_hatespeech_nusantara_text,74b9b570-f67b-4167-b340-5876404b97f1,hate_or_noHate_zs_noopt_kriteria,train,"Berdasarkan kriteria hatespeech yang ada, apakah pesan yang disampaikan dalam teks berikut: Debat sama berantem beda tipis #DebatFinalPilkadaJKT, dianggap sebagai hatespeech?",tidak
5092,id_hatespeech,id_hatespeech_nusantara_text,74b9b570-f67b-4167-b340-5876404b97f1,hate_or_noHate_zs_noopt_kriteria,train,"Berdasarkan kriteria hatespeech yang ada, apakah pesan yang disampaikan dalam teks berikut: Orang tegas dibilang maki-maki orang -_- #DebatFinalPilkadaJKT, dianggap sebagai hatespeech?",tidak
5093,id_hatespeech,id_hatespeech_nusantara_text,74b9b570-f67b-4167-b340-5876404b97f1,hate_or_noHate_zs_noopt_kriteria,train,"Berdasarkan kriteria hatespeech yang ada, apakah pesan yang disampaikan dalam teks berikut: 1 atau 2 perempuan berbeda dengan kaum perempuan #DebatFinalPilkadaJK, dianggap sebagai hatespeech?",tidak
5094,id_hatespeech,id_hatespeech_nusantara_text,74b9b570-f67b-4167-b340-5876404b97f1,hate_or_noHate_zs_noopt_kriteria,train,"Berdasarkan kriteria hatespeech yang ada, apakah pesan yang disampaikan dalam teks berikut: mantap OK OCE anies sandi dalam mengatasi urbanisasi dan lapangan kerja, dianggap sebagai hatespeech?",tidak
5095,id_hatespeech,id_hatespeech_nusantara_text,74b9b570-f67b-4167-b340-5876404b97f1,hate_or_noHate_zs_noopt_kriteria,train,"Berdasarkan kriteria hatespeech yang ada, apakah pesan yang disampaikan dalam teks berikut: RT @WisnuDewobroto: Ga seru nih. selalu mengungkit masa lalu :). kekerasan Verbal semua pernah lakukan manusia biasa. #DebatFinalPilkadaJKT, dianggap sebagai hatespeech?",tidak
5096,id_hatespeech,id_hatespeech_nusantara_text,74b9b570-f67b-4167-b340-5876404b97f1,hate_or_noHate_zs_noopt_kriteria,train,"Berdasarkan kriteria hatespeech yang ada, apakah pesan yang disampaikan dalam teks berikut: satu perempuan bukan semua perempuan #DebatFinalPilkadaJKT, dianggap sebagai hatespeech?",tidak
5097,id_hatespeech,id_hatespeech_nusantara_text,74b9b570-f67b-4167-b340-5876404b97f1,hate_or_noHate_zs_noopt_kriteria,train,"Berdasarkan kriteria hatespeech yang ada, apakah pesan yang disampaikan dalam teks berikut: #DebatFinalPilkadaJKT Pertanyaan paslon 1 dpt dikategorikan sbg kekerasan dalam debat., dianggap sebagai hatespeech?",tidak
5098,id_hatespeech,id_hatespeech_nusantara_text,74b9b570-f67b-4167-b340-5876404b97f1,hate_or_noHate_zs_noopt_kriteria,train,"Berdasarkan kriteria hatespeech yang ada, apakah pesan yang disampaikan dalam teks berikut: @jokowi pak maafkan saya. Biarkan malam ini saja saya memposting ujaran kebencian. Hanya malam ini saja pak xoxo #DebatFinalPilkadaJKT, dianggap sebagai hatespeech?",tidak
5099,id_hatespeech,id_hatespeech_nusantara_text,74b9b570-f67b-4167-b340-5876404b97f1,hate_or_noHate_zs_noopt_kriteria,train,"Berdasarkan kriteria hatespeech yang ada, apakah pesan yang disampaikan dalam teks berikut: Semoga Allah memenangkan pak Anies-sandi https:\/\/t.co\/sns0rXRw3f, dianggap sebagai hatespeech?",tidak
5100,id_hatespeech,id_hatespeech_nusantara_text,74b9b570-f67b-4167-b340-5876404b97f1,hate_or_noHate_zs_noopt_kriteria,train,"Berdasarkan kriteria hatespeech yang ada, apakah pesan yang disampaikan dalam teks berikut: #DebatFinalPilkadaJKT non muslim coblos Ahok muslim coblos Djarot. Bagaimana?, dianggap sebagai hatespeech?",tidak
5101,id_hatespeech,id_hatespeech_nusantara_text,74b9b570-f67b-4167-b340-5876404b97f1,hate_or_noHate_zs_noopt_kriteria,train,"Berdasarkan kriteria hatespeech yang ada, apakah pesan yang disampaikan dalam teks berikut: #DebatFinalPilkadaJKT *pemimpin harus dapat ciptakan suasana damai tentram dan bukan adu domba atau hasutan, dianggap sebagai hatespeech?",tidak
5102,id_hatespeech,id_hatespeech_nusantara_text,74b9b570-f67b-4167-b340-5876404b97f1,hate_or_noHate_zs_noopt_kriteria,train,"Berdasarkan kriteria hatespeech yang ada, apakah pesan yang disampaikan dalam teks berikut: Saya bertanya kepada Bapak Presiden dan Kapolri OK OCE tuh apaan? #DebatFinalPilkadaJKT, dianggap sebagai hatespeech?",tidak
5103,id_hatespeech,id_hatespeech_nusantara_text,74b9b570-f67b-4167-b340-5876404b97f1,hate_or_noHate_zs_noopt_kriteria,train,"Berdasarkan kriteria hatespeech yang ada, apakah pesan yang disampaikan dalam teks berikut: Keliatan banget keberpihakan media #DebatFinalPilkadaJKT, dianggap sebagai hatespeech?",tidak
5104,id_hatespeech,id_hatespeech_nusantara_text,74b9b570-f67b-4167-b340-5876404b97f1,hate_or_noHate_zs_noopt_kriteria,train,"Berdasarkan kriteria hatespeech yang ada, apakah pesan yang disampaikan dalam teks berikut: RT @di_HatiKecil: Bagus nih ilustrasinya #DebatFinalPilkadaJKT https:\/\/t.co\/zAQLqrBiUF, dianggap sebagai hatespeech?",tidak
5105,id_hatespeech,id_hatespeech_nusantara_text,74b9b570-f67b-4167-b340-5876404b97f1,hate_or_noHate_zs_noopt_kriteria,train,"Berdasarkan kriteria hatespeech yang ada, apakah pesan yang disampaikan dalam teks berikut: RT @rezaoktovian: Ahok terlalu keren :'), dianggap sebagai hatespeech?",tidak
5106,id_hatespeech,id_hatespeech_nusantara_text,74b9b570-f67b-4167-b340-5876404b97f1,hate_or_noHate_zs_noopt_kriteria,train,"Berdasarkan kriteria hatespeech yang ada, apakah pesan yang disampaikan dalam teks berikut: isinya timeline twitter cm pilkada.. membosankan sekali.., dianggap sebagai hatespeech?",tidak
5107,id_hatespeech,id_hatespeech_nusantara_text,74b9b570-f67b-4167-b340-5876404b97f1,hate_or_noHate_zs_noopt_kriteria,train,"Berdasarkan kriteria hatespeech yang ada, apakah pesan yang disampaikan dalam teks berikut: Mohon tenang mohon tenang #DebatFinalPilkadaJKT, dianggap sebagai hatespeech?",tidak
5108,id_hatespeech,id_hatespeech_nusantara_text,74b9b570-f67b-4167-b340-5876404b97f1,hate_or_noHate_zs_noopt_kriteria,train,"Berdasarkan kriteria hatespeech yang ada, apakah pesan yang disampaikan dalam teks berikut: ah diulang. Jawabannya bisa beda kan? #DebatFinalPilkadaJKT, dianggap sebagai hatespeech?",tidak
5109,id_hatespeech,id_hatespeech_nusantara_text,74b9b570-f67b-4167-b340-5876404b97f1,hate_or_noHate_zs_noopt_kriteria,train,"Berdasarkan kriteria hatespeech yang ada, apakah pesan yang disampaikan dalam teks berikut: Perasaan bukan pertanyaan itu deh yg td dijawab om @aniesbaswedan audionya ga keluar atau ia ya? #DebatFinalPilkadaJKT, dianggap sebagai hatespeech?",tidak
5110,id_hatespeech,id_hatespeech_nusantara_text,74b9b570-f67b-4167-b340-5876404b97f1,hate_or_noHate_zs_noopt_kriteria,train,"Berdasarkan kriteria hatespeech yang ada, apakah pesan yang disampaikan dalam teks berikut: Boleh tinggal di pinggir kali meski bukan tanahnya boleh jualan di pinggir jalan, dianggap sebagai hatespeech?",tidak
5111,id_hatespeech,id_hatespeech_nusantara_text,74b9b570-f67b-4167-b340-5876404b97f1,hate_or_noHate_zs_noopt_kriteria,train,"Berdasarkan kriteria hatespeech yang ada, apakah pesan yang disampaikan dalam teks berikut: RT @rigenz123: Sehatkan Warga DKI Melalui #JakartaBerlari Barulah Pembangunan Dapat Sejahterakan Warganya. #DebatFinalPilkadaJKT, dianggap sebagai hatespeech?",tidak
5112,id_hatespeech,id_hatespeech_nusantara_text,74b9b570-f67b-4167-b340-5876404b97f1,hate_or_noHate_zs_noopt_kriteria,train,"Berdasarkan kriteria hatespeech yang ada, apakah pesan yang disampaikan dalam teks berikut: kalau kamu diputuskan pacar tanpa sebab mungkin program OKE OCE bisa jadi solusi nya #DebatFinalPilkadaJKT, dianggap sebagai hatespeech?",tidak
5113,id_hatespeech,id_hatespeech_nusantara_text,74b9b570-f67b-4167-b340-5876404b97f1,hate_or_noHate_zs_noopt_kriteria,train,"Berdasarkan kriteria hatespeech yang ada, apakah pesan yang disampaikan dalam teks berikut: Melibatkan yang paham pada bidangnya untuk duduk bersama memecahkan solusi. Cara kepemimpinan yg cerdas ! #DebatFinalPilkadaJKT, dianggap sebagai hatespeech?",tidak
5114,id_hatespeech,id_hatespeech_nusantara_text,74b9b570-f67b-4167-b340-5876404b97f1,hate_or_noHate_zs_noopt_kriteria,train,"Berdasarkan kriteria hatespeech yang ada, apakah pesan yang disampaikan dalam teks berikut: Justru laki-laki lah yang sering mengalami kekerasan verbal. Berapa kali dirimu dimarahi istrimu..? Ayo ngaku., dianggap sebagai hatespeech?",tidak
5115,id_hatespeech,id_hatespeech_nusantara_text,74b9b570-f67b-4167-b340-5876404b97f1,hate_or_noHate_zs_noopt_kriteria,train,"Berdasarkan kriteria hatespeech yang ada, apakah pesan yang disampaikan dalam teks berikut: RT @TirtoID: Soal gerakan-gerakan ala @aniesbaswedan #PeriksaData #DebatFinalPilkadaJKT, dianggap sebagai hatespeech?",tidak
5116,id_hatespeech,id_hatespeech_nusantara_text,74b9b570-f67b-4167-b340-5876404b97f1,hate_or_noHate_zs_noopt_kriteria,train,"Berdasarkan kriteria hatespeech yang ada, apakah pesan yang disampaikan dalam teks berikut: Mayoritas warga Jakarta ingin dipimpin Gubernur baru. Emang iya? #DebatFinalPilkadaJKT, dianggap sebagai hatespeech?",tidak
5117,id_hatespeech,id_hatespeech_nusantara_text,74b9b570-f67b-4167-b340-5876404b97f1,hate_or_noHate_zs_noopt_kriteria,train,"Berdasarkan kriteria hatespeech yang ada, apakah pesan yang disampaikan dalam teks berikut: Paslon 1 selalu nyerang paslon 2 ni #DebatFinalPilkadaJKT, dianggap sebagai hatespeech?",tidak
5118,id_hatespeech,id_hatespeech_nusantara_text,74b9b570-f67b-4167-b340-5876404b97f1,hate_or_noHate_zs_noopt_kriteria,train,"Berdasarkan kriteria hatespeech yang ada, apakah pesan yang disampaikan dalam teks berikut: RT @JktMajuBersama: Upaya Anies-Sandi untuk mendukung perempuan menjadi pelaku UKM :) #DebatFinalPilkadaJKT, dianggap sebagai hatespeech?",tidak
5119,id_hatespeech,id_hatespeech_nusantara_text,74b9b570-f67b-4167-b340-5876404b97f1,hate_or_noHate_zs_noopt_kriteria,train,"Berdasarkan kriteria hatespeech yang ada, apakah pesan yang disampaikan dalam teks berikut: Salah satu indikator meningkatnya kualitas hidup warga Jkt adl terus bisa tersenyum seperti Pak Djarot malam ini, dianggap sebagai hatespeech?",tidak
5120,id_hatespeech,id_hatespeech_nusantara_text,74b9b570-f67b-4167-b340-5876404b97f1,hate_or_noHate_zs_noopt_kriteria,train,"Berdasarkan kriteria hatespeech yang ada, apakah pesan yang disampaikan dalam teks berikut: Tontonan yg wajib ditunggu sehabis #DebatFinalPilkadaJKT, dianggap sebagai hatespeech?",tidak
5121,id_hatespeech,id_hatespeech_nusantara_text,74b9b570-f67b-4167-b340-5876404b97f1,hate_or_noHate_zs_noopt_kriteria,train,"Berdasarkan kriteria hatespeech yang ada, apakah pesan yang disampaikan dalam teks berikut: RT @ainouun: Pak Ahok : penyandang disabilitas bukan hanya mereka, suatu saat kita juga bisa jadi. #DebatFinalPilkadaJKT, dianggap sebagai hatespeech?",tidak
5122,id_hatespeech,id_hatespeech_nusantara_text,74b9b570-f67b-4167-b340-5876404b97f1,hate_or_noHate_zs_noopt_kriteria,train,"Berdasarkan kriteria hatespeech yang ada, apakah pesan yang disampaikan dalam teks berikut: RT @tribunjateng: Saat Jeda, Ahok dan Djarot Sapa Ganjar Pranowo dari Atas Panggung, dianggap sebagai hatespeech?",tidak
5123,id_hatespeech,id_hatespeech_nusantara_text,74b9b570-f67b-4167-b340-5876404b97f1,hate_or_noHate_zs_noopt_kriteria,train,"Berdasarkan kriteria hatespeech yang ada, apakah pesan yang disampaikan dalam teks berikut: @Boojaee sayang hyung cuma pencitraan :* wkwk, dianggap sebagai hatespeech?",tidak
5124,id_hatespeech,id_hatespeech_nusantara_text,74b9b570-f67b-4167-b340-5876404b97f1,hate_or_noHate_zs_noopt_kriteria,train,"Berdasarkan kriteria hatespeech yang ada, apakah pesan yang disampaikan dalam teks berikut: @kurawa Msh inget sm ibu penjual kue di balaikota, cm Pak Ahok yg tau klo si ibu sakit, ibu itu langsung diurus ke rs. Ini bukan pencitraan., dianggap sebagai hatespeech?",tidak
5125,id_hatespeech,id_hatespeech_nusantara_text,74b9b570-f67b-4167-b340-5876404b97f1,hate_or_noHate_zs_noopt_kriteria,train,"Berdasarkan kriteria hatespeech yang ada, apakah pesan yang disampaikan dalam teks berikut: Biar jajan naik sejuta https://t.co/veZ5PXxDfr, dianggap sebagai hatespeech?",tidak
5126,id_hatespeech,id_hatespeech_nusantara_text,74b9b570-f67b-4167-b340-5876404b97f1,hate_or_noHate_zs_noopt_kriteria,train,"Berdasarkan kriteria hatespeech yang ada, apakah pesan yang disampaikan dalam teks berikut: bio gw belum diganti astagfirullah rusak pencitraan cewe cantik, dianggap sebagai hatespeech?",tidak
5127,id_hatespeech,id_hatespeech_nusantara_text,74b9b570-f67b-4167-b340-5876404b97f1,hate_or_noHate_zs_noopt_kriteria,train,"Berdasarkan kriteria hatespeech yang ada, apakah pesan yang disampaikan dalam teks berikut: #MataNajwaDebatJakarta Ya ampun udh closing statement msh aja commentnya ky gitu ya, dianggap sebagai hatespeech?",tidak
5128,id_hatespeech,id_hatespeech_nusantara_text,74b9b570-f67b-4167-b340-5876404b97f1,hate_or_noHate_zs_noopt_kriteria,train,"Berdasarkan kriteria hatespeech yang ada, apakah pesan yang disampaikan dalam teks berikut: Hah uda closing statement?? Cepet bener?? #DebatFinalPilkadaJKT, dianggap sebagai hatespeech?",tidak
5129,id_hatespeech,id_hatespeech_nusantara_text,74b9b570-f67b-4167-b340-5876404b97f1,hate_or_noHate_zs_noopt_kriteria,train,"Berdasarkan kriteria hatespeech yang ada, apakah pesan yang disampaikan dalam teks berikut: RT @digembok: #DebatFinalPilkadaJKT kali ini keren.Biasanya ada sesi tanya-jawab Kali ini ada SESI CURHAT, dianggap sebagai hatespeech?",tidak
5130,id_hatespeech,id_hatespeech_nusantara_text,74b9b570-f67b-4167-b340-5876404b97f1,hate_or_noHate_zs_noopt_kriteria,train,"Berdasarkan kriteria hatespeech yang ada, apakah pesan yang disampaikan dalam teks berikut: Ketiga paslon gagal menjawab pertanyaan yang jawabannya harus memuji kebaikan paslon lain, dianggap sebagai hatespeech?",tidak
5131,id_hatespeech,id_hatespeech_nusantara_text,74b9b570-f67b-4167-b340-5876404b97f1,hate_or_noHate_zs_noopt_kriteria,train,"Berdasarkan kriteria hatespeech yang ada, apakah pesan yang disampaikan dalam teks berikut: Mari berjuang bersama SBYudhoyono utk memenangkan #SaduddinDhani di #PilkadaKabBekasi2017 #BekasiSAH #BekasiBerjaya, dianggap sebagai hatespeech?",tidak
5132,id_hatespeech,id_hatespeech_nusantara_text,74b9b570-f67b-4167-b340-5876404b97f1,hate_or_noHate_zs_noopt_kriteria,train,"Berdasarkan kriteria hatespeech yang ada, apakah pesan yang disampaikan dalam teks berikut: Jikapun aparatur bisa dibeli, kyai dan santri oplosan dibeli. Masih ada yng ASLI, siap MELAWAN KETIDAKADILAN https://t.co/riloAH9gAd, dianggap sebagai hatespeech?",tidak
5133,id_hatespeech,id_hatespeech_nusantara_text,74b9b570-f67b-4167-b340-5876404b97f1,hate_or_noHate_zs_noopt_kriteria,train,"Berdasarkan kriteria hatespeech yang ada, apakah pesan yang disampaikan dalam teks berikut: Pasangan mana yang unggul dalam debat kandidat Gubernur-Wagub DKI Jakarta Malam Ini?, dianggap sebagai hatespeech?",tidak
5134,id_hatespeech,id_hatespeech_nusantara_text,74b9b570-f67b-4167-b340-5876404b97f1,hate_or_noHate_zs_noopt_kriteria,train,"Berdasarkan kriteria hatespeech yang ada, apakah pesan yang disampaikan dalam teks berikut: Keberagaman itu datang dr hati terdalam, bukan dr pencitraan #Tetap3 #JKTBeragam, dianggap sebagai hatespeech?",tidak
5135,id_hatespeech,id_hatespeech_nusantara_text,74b9b570-f67b-4167-b340-5876404b97f1,hate_or_noHate_zs_noopt_kriteria,train,"Berdasarkan kriteria hatespeech yang ada, apakah pesan yang disampaikan dalam teks berikut: Membangun bangsa dan negara ini engga cukup dengan metoda pencitraan saja ,tanpa teruji lewat rekam jejak dan integritas tokohnya, dianggap sebagai hatespeech?",tidak
5136,id_hatespeech,id_hatespeech_nusantara_text,74b9b570-f67b-4167-b340-5876404b97f1,hate_or_noHate_zs_noopt_kriteria,train,"Berdasarkan kriteria hatespeech yang ada, apakah pesan yang disampaikan dalam teks berikut: RT @adelladellaide: Bersikap baik dan menjaga prilaku di depan umum bukan berarti pencitraan, bukan pula ""menjadi orang lain""., dianggap sebagai hatespeech?",tidak
5137,id_hatespeech,id_hatespeech_nusantara_text,74b9b570-f67b-4167-b340-5876404b97f1,hate_or_noHate_zs_noopt_kriteria,train,"Berdasarkan kriteria hatespeech yang ada, apakah pesan yang disampaikan dalam teks berikut: RT @FiersaBesari: Saat jujur, ada yg curiga. Saat berbuat baik, ada yg menuduh pencitraan. Saat bahagia, ada yg iri. Abaikan., dianggap sebagai hatespeech?",tidak
5138,id_hatespeech,id_hatespeech_nusantara_text,74b9b570-f67b-4167-b340-5876404b97f1,hate_or_noHate_zs_noopt_kriteria,train,"Berdasarkan kriteria hatespeech yang ada, apakah pesan yang disampaikan dalam teks berikut: Umat Islam yg peduli agama mrk, tentu tdk akan tergoda dg trik2 konyol seperti ini, InshaAllah umat Islam sdh sadar https://t.co/PFH1MPsKFO, dianggap sebagai hatespeech?",tidak
5139,id_hatespeech,id_hatespeech_nusantara_text,74b9b570-f67b-4167-b340-5876404b97f1,hate_or_noHate_zs_noopt_kriteria,train,"Berdasarkan kriteria hatespeech yang ada, apakah pesan yang disampaikan dalam teks berikut: #AniesIntoleran \nAnies Baswedan, tak lagi memiliki integritas dan kredibilitas sebagai seorang pemimpin. https://t.co/rv053Gt4j8, dianggap sebagai hatespeech?",tidak
5140,id_hatespeech,id_hatespeech_nusantara_text,74b9b570-f67b-4167-b340-5876404b97f1,hate_or_noHate_zs_noopt_kriteria,train,"Berdasarkan kriteria hatespeech yang ada, apakah pesan yang disampaikan dalam teks berikut: @agusriyadi12345 Apakah perlu semua berita ahok harus menggunakan penista agama. Misalnya Penista agama sedang kampanye di Jakarta pusat., dianggap sebagai hatespeech?",tidak
5141,id_hatespeech,id_hatespeech_nusantara_text,74b9b570-f67b-4167-b340-5876404b97f1,hate_or_noHate_zs_noopt_kriteria,train,"Berdasarkan kriteria hatespeech yang ada, apakah pesan yang disampaikan dalam teks berikut: @agusriyadi12345 Apakah tidak sadis, jika semua berita tentang ahok, judulnya diawali degan Terdakwa penista agama bukan menggunakan nama?, dianggap sebagai hatespeech?",tidak
5142,id_hatespeech,id_hatespeech_nusantara_text,74b9b570-f67b-4167-b340-5876404b97f1,hate_or_noHate_zs_noopt_kriteria,train,"Berdasarkan kriteria hatespeech yang ada, apakah pesan yang disampaikan dalam teks berikut: @Altefalken kemarin kan ada berita tentang penyakit mengingitis dari Babi, mksd gw apa nyambungnya sama ahok?, dianggap sebagai hatespeech?",tidak
5143,id_hatespeech,id_hatespeech_nusantara_text,74b9b570-f67b-4167-b340-5876404b97f1,hate_or_noHate_zs_noopt_kriteria,train,"Berdasarkan kriteria hatespeech yang ada, apakah pesan yang disampaikan dalam teks berikut: @ISejunnie @AHMADDHANIPRAST artis korea bisa world tour ahmad dhani bisa ?, dianggap sebagai hatespeech?",tidak
5144,id_hatespeech,id_hatespeech_nusantara_text,74b9b570-f67b-4167-b340-5876404b97f1,hate_or_noHate_zs_noopt_kriteria,train,"Berdasarkan kriteria hatespeech yang ada, apakah pesan yang disampaikan dalam teks berikut: @HaqueMarissa ,, ahok di jakarta , daging babi di bali apa hubungan nya ya??, dianggap sebagai hatespeech?",tidak
5145,id_hatespeech,id_hatespeech_nusantara_text,74b9b570-f67b-4167-b340-5876404b97f1,hate_or_noHate_zs_noopt_kriteria,train,"Berdasarkan kriteria hatespeech yang ada, apakah pesan yang disampaikan dalam teks berikut: Ahmad Dhani Bangkrut Ditagih Utang Melalui Video, Mantan Istrinya Jadi Janda Kaya Raya: Hampir setahun berlalu, https://t.co/22InRwRR26, dianggap sebagai hatespeech?",tidak
5146,id_hatespeech,id_hatespeech_nusantara_text,74b9b570-f67b-4167-b340-5876404b97f1,hate_or_noHate_zs_noopt_kriteria,train,"Berdasarkan kriteria hatespeech yang ada, apakah pesan yang disampaikan dalam teks berikut: Ahmad Dhani Sentil AHOK, eh Sandiaga Uno cengar cengir.!: https://t.co/vhDAAa3ShI melalui @YouTube, dianggap sebagai hatespeech?",tidak
5147,id_hatespeech,id_hatespeech_nusantara_text,74b9b570-f67b-4167-b340-5876404b97f1,hate_or_noHate_zs_noopt_kriteria,train,"Berdasarkan kriteria hatespeech yang ada, apakah pesan yang disampaikan dalam teks berikut: Hehhee.. Makanya jangan mengagumi sesorng berlebihan.. Kecuali kepada Rasulullah.. https://t.co/ZXVB2DiRMg, dianggap sebagai hatespeech?",tidak
5148,id_hatespeech,id_hatespeech_nusantara_text,74b9b570-f67b-4167-b340-5876404b97f1,hate_or_noHate_zs_noopt_kriteria,train,"Berdasarkan kriteria hatespeech yang ada, apakah pesan yang disampaikan dalam teks berikut: #MataNajwaDebatJakarta acara uda abis menurut kalian debat sapa yang betul-betul memaparkan prog dan solusi?, dianggap sebagai hatespeech?",tidak
5149,id_hatespeech,id_hatespeech_nusantara_text,74b9b570-f67b-4167-b340-5876404b97f1,hate_or_noHate_zs_noopt_kriteria,train,"Berdasarkan kriteria hatespeech yang ada, apakah pesan yang disampaikan dalam teks berikut: Mereka (koruptor) meletakkan kitab suci ditempat paling rendah...tapi masih sok jadi pemilik kapling surga... https://t.co/oj5YN3WBeI, dianggap sebagai hatespeech?",tidak
5150,id_hatespeech,id_hatespeech_nusantara_text,74b9b570-f67b-4167-b340-5876404b97f1,hate_or_noHate_zs_noopt_kriteria,train,"Berdasarkan kriteria hatespeech yang ada, apakah pesan yang disampaikan dalam teks berikut: RT @99Ohhani: Woww dukungan Rakyat Palestina ke Ahok yg dituduhSbg penista Agama ?? mrk Mengelu2kan Ahok !!!Ahok is The Best https://t.co/, dianggap sebagai hatespeech?",tidak
5151,id_hatespeech,id_hatespeech_nusantara_text,74b9b570-f67b-4167-b340-5876404b97f1,hate_or_noHate_zs_noopt_kriteria,train,"Berdasarkan kriteria hatespeech yang ada, apakah pesan yang disampaikan dalam teks berikut: Pencitraan di socmed itu boleh-boleh aja. Tapi harus bisa tanggung jawab sama citra yang udh dibikin. Jangan sampe jadi malu-maluin. Kasian., dianggap sebagai hatespeech?",tidak
5152,id_hatespeech,id_hatespeech_nusantara_text,74b9b570-f67b-4167-b340-5876404b97f1,hate_or_noHate_zs_noopt_kriteria,train,"Berdasarkan kriteria hatespeech yang ada, apakah pesan yang disampaikan dalam teks berikut: RT @kompascom: Kasus Kicauan Ahmad Dhani Dilimpahkan ke Polres Metro Jakarta Selatan. https://t.co/uJ0m7JernN, dianggap sebagai hatespeech?",tidak
5153,id_hatespeech,id_hatespeech_nusantara_text,74b9b570-f67b-4167-b340-5876404b97f1,hate_or_noHate_zs_noopt_kriteria,train,"Berdasarkan kriteria hatespeech yang ada, apakah pesan yang disampaikan dalam teks berikut: RT @kv_kahfi: Komplit bgt yaaaa..... Heran nya msh aja yg percaya dan idolain dia https://t.co/PNTYRAnaJO, dianggap sebagai hatespeech?",tidak
5154,id_hatespeech,id_hatespeech_nusantara_text,74b9b570-f67b-4167-b340-5876404b97f1,hate_or_noHate_zs_noopt_kriteria,train,"Berdasarkan kriteria hatespeech yang ada, apakah pesan yang disampaikan dalam teks berikut: RT @m0th3rb04rd__: bagaimana keadilan bisa tercipta jika si penista agama belum di vonis penjara\n #BerjamaahTolakReklamasi, dianggap sebagai hatespeech?",tidak
5155,id_hatespeech,id_hatespeech_nusantara_text,74b9b570-f67b-4167-b340-5876404b97f1,hate_or_noHate_zs_noopt_kriteria,train,"Berdasarkan kriteria hatespeech yang ada, apakah pesan yang disampaikan dalam teks berikut: RT @TeddyGusnaidi: Bro.. Kalau yg dimaksud Fatwa Penista agama, MUI gak pernah mengeluarkan Fatwa. https://t.co/x9uXhqJKCa, dianggap sebagai hatespeech?",tidak
5156,id_hatespeech,id_hatespeech_nusantara_text,74b9b570-f67b-4167-b340-5876404b97f1,hate_or_noHate_zs_noopt_kriteria,train,"Berdasarkan kriteria hatespeech yang ada, apakah pesan yang disampaikan dalam teks berikut: RT @TeddyGusnaidi: Sidang hari ini makin menguatkan bahwa Ahok bukan penista agama.. Ada yang bisa bantah?? \nhttps://t.co/2Ksj4snR1t, dianggap sebagai hatespeech?",tidak
5157,id_hatespeech,id_hatespeech_nusantara_text,74b9b570-f67b-4167-b340-5876404b97f1,hate_or_noHate_zs_noopt_kriteria,train,"Berdasarkan kriteria hatespeech yang ada, apakah pesan yang disampaikan dalam teks berikut: Sebut Ahok Bukan Akademisi, Ahmad Dhani: Secara Intelektual, Lebih Intelek Bang Anies https://t.co/YrzfmMV1LG, dianggap sebagai hatespeech?",tidak
5158,id_hatespeech,id_hatespeech_nusantara_text,74b9b570-f67b-4167-b340-5876404b97f1,hate_or_noHate_zs_noopt_kriteria,train,"Berdasarkan kriteria hatespeech yang ada, apakah pesan yang disampaikan dalam teks berikut: Yg melakukan Penista Agama sesungguhnya, agama yg suci digunakan alat untuk mengejar jabatan (kekuasaan) https://t.co/hKvZIpm8ZS, dianggap sebagai hatespeech?",tidak
5159,id_hatespeech,id_hatespeech_nusantara_text,74b9b570-f67b-4167-b340-5876404b97f1,hate_or_noHate_zs_noopt_kriteria,train,"Berdasarkan kriteria hatespeech yang ada, apakah pesan yang disampaikan dalam teks berikut: Kalah di Pilkada Bekasi, Ahmad Dhani Jadi Juru Kampanye Pasangan Anies-Sandi https://t.co/oIZpN8hYnd #NenengYes https://t.co/FGOhKhXWxt, dianggap sebagai hatespeech?",tidak
5160,id_hatespeech,id_hatespeech_nusantara_text,74b9b570-f67b-4167-b340-5876404b97f1,hate_or_noHate_zs_noopt_kriteria,train,"Berdasarkan kriteria hatespeech yang ada, apakah pesan yang disampaikan dalam teks berikut: #MataNajwaDebatJakarta Bravo closing statement Anies malam ini.kalau nggak ada debat saya nggak mungkin nonton mata najwa sdh lama tdk suka., dianggap sebagai hatespeech?",tidak
5161,id_hatespeech,id_hatespeech_nusantara_text,74b9b570-f67b-4167-b340-5876404b97f1,hate_or_noHate_zs_noopt_kriteria,train,"Berdasarkan kriteria hatespeech yang ada, apakah pesan yang disampaikan dalam teks berikut: #MataNajwaDebatJakarta jawaban terakhir Anis jadi bikin ingat jawaban dia pas debat kemarin, ""jawaban anda menarik tapi tidak nyambung"", dianggap sebagai hatespeech?",tidak
5162,id_hatespeech,id_hatespeech_nusantara_text,74b9b570-f67b-4167-b340-5876404b97f1,hate_or_noHate_zs_noopt_kriteria,train,"Berdasarkan kriteria hatespeech yang ada, apakah pesan yang disampaikan dalam teks berikut: #MataNajwaDebatJakarta buzzer ahok lagi kerja keras nih,.ayo kerja2 tar gajian ga turun, dianggap sebagai hatespeech?",tidak
5163,id_hatespeech,id_hatespeech_nusantara_text,74b9b570-f67b-4167-b340-5876404b97f1,hate_or_noHate_zs_noopt_kriteria,train,"Berdasarkan kriteria hatespeech yang ada, apakah pesan yang disampaikan dalam teks berikut: #MataNajwaDebatJakarta kerendahan hati dan lawan kerendahan hati kelihatan banget.., dianggap sebagai hatespeech?",tidak
5164,id_hatespeech,id_hatespeech_nusantara_text,74b9b570-f67b-4167-b340-5876404b97f1,hate_or_noHate_zs_noopt_kriteria,train,"Berdasarkan kriteria hatespeech yang ada, apakah pesan yang disampaikan dalam teks berikut: #MataNajwaDebatJakarta kok gaya pak @aniesbaswedan kayak SBY ya?, dianggap sebagai hatespeech?",tidak
5165,id_hatespeech,id_hatespeech_nusantara_text,74b9b570-f67b-4167-b340-5876404b97f1,hate_or_noHate_zs_noopt_kriteria,train,"Berdasarkan kriteria hatespeech yang ada, apakah pesan yang disampaikan dalam teks berikut: #MataNajwaDebatJakarta kenyataannya si anis nyaman bgt dgn isu sara kok , kan nguntungin anis , pura2 sok bijak pdhl menikmati isu sara ,, dianggap sebagai hatespeech?",tidak
5166,id_hatespeech,id_hatespeech_nusantara_text,74b9b570-f67b-4167-b340-5876404b97f1,hate_or_noHate_zs_noopt_kriteria,train,"Berdasarkan kriteria hatespeech yang ada, apakah pesan yang disampaikan dalam teks berikut: #MataNajwaDebatJakarta nyesel liat debat tidak bermutu cuma bisa mencela.., dianggap sebagai hatespeech?",tidak
5167,id_hatespeech,id_hatespeech_nusantara_text,74b9b570-f67b-4167-b340-5876404b97f1,hate_or_noHate_zs_noopt_kriteria,train,"Berdasarkan kriteria hatespeech yang ada, apakah pesan yang disampaikan dalam teks berikut: #MataNajwaDebatJakarta.kesimpulan: Saya tdk rela punya Gub seorg Anies dan sy percaya Ahok akan menang. Salam 2 jari., dianggap sebagai hatespeech?",tidak
5168,id_hatespeech,id_hatespeech_nusantara_text,74b9b570-f67b-4167-b340-5876404b97f1,hate_or_noHate_zs_noopt_kriteria,train,"Berdasarkan kriteria hatespeech yang ada, apakah pesan yang disampaikan dalam teks berikut: @ibnusungeb ahoker panas dingin ahok kalah debat Sama Anis. #MataNajwaDebatJakarta, dianggap sebagai hatespeech?",tidak
5169,id_hatespeech,id_hatespeech_nusantara_text,74b9b570-f67b-4167-b340-5876404b97f1,hate_or_noHate_zs_noopt_kriteria,train,"Berdasarkan kriteria hatespeech yang ada, apakah pesan yang disampaikan dalam teks berikut: Ada yg tahu ga backsound penutup mata najwa ini siapa musisinya dan apa judulnya? #MataNajwaDebatJakarta, dianggap sebagai hatespeech?",tidak
5170,id_hatespeech,id_hatespeech_nusantara_text,74b9b570-f67b-4167-b340-5876404b97f1,hate_or_noHate_zs_noopt_kriteria,train,"Berdasarkan kriteria hatespeech yang ada, apakah pesan yang disampaikan dalam teks berikut: #MataNajwaDebatJakarta p ahok apapun hanya Utk rakyat, p anies tkt dicurangi... Ngerti bedanya.., dianggap sebagai hatespeech?",tidak
5171,id_hatespeech,id_hatespeech_nusantara_text,74b9b570-f67b-4167-b340-5876404b97f1,hate_or_noHate_zs_noopt_kriteria,train,"Berdasarkan kriteria hatespeech yang ada, apakah pesan yang disampaikan dalam teks berikut: @MataNajwa mantapppp Mata Najwa diskusi lebih hidup dan mendidik,,, jauh berkualitas di banding debat yg selenggarakan KPU, dianggap sebagai hatespeech?",tidak
5172,id_hatespeech,id_hatespeech_nusantara_text,74b9b570-f67b-4167-b340-5876404b97f1,hate_or_noHate_zs_noopt_kriteria,train,"Berdasarkan kriteria hatespeech yang ada, apakah pesan yang disampaikan dalam teks berikut: @MataNajwa mbak najwa..ayo ""ketengah"" lagi sedikit..jgn terlihat ke kiri, dgn meminta terus pak anies cpt2 menyelesaikan kalimat2nya.., dianggap sebagai hatespeech?",tidak
5173,id_hatespeech,id_hatespeech_nusantara_text,74b9b570-f67b-4167-b340-5876404b97f1,hate_or_noHate_zs_noopt_kriteria,train,"Berdasarkan kriteria hatespeech yang ada, apakah pesan yang disampaikan dalam teks berikut: Dan soal soal ribut-ribut pribumi vs non pribumi yang ramai di beranda saya itu, sebenarnya maksudnya apa? ikut..., dianggap sebagai hatespeech?",tidak
5174,id_hatespeech,id_hatespeech_nusantara_text,74b9b570-f67b-4167-b340-5876404b97f1,hate_or_noHate_zs_noopt_kriteria,train,"Berdasarkan kriteria hatespeech yang ada, apakah pesan yang disampaikan dalam teks berikut: Sedih liat pak anies saat ini, tokoh yang dulu saya kagumi kenapa jadi seperti ini ;') #MataNajwaDebatJakarta, dianggap sebagai hatespeech?",tidak
5175,id_hatespeech,id_hatespeech_nusantara_text,74b9b570-f67b-4167-b340-5876404b97f1,hate_or_noHate_zs_noopt_kriteria,train,"Berdasarkan kriteria hatespeech yang ada, apakah pesan yang disampaikan dalam teks berikut: Awal sp akhir @aniesbaswedan bisanya cm serang pribadi @basuki_btp gak ada program yg perlu dibanggakan #MataNajwaDebatJakarta, dianggap sebagai hatespeech?",tidak
5176,id_hatespeech,id_hatespeech_nusantara_text,74b9b570-f67b-4167-b340-5876404b97f1,hate_or_noHate_zs_noopt_kriteria,train,"Berdasarkan kriteria hatespeech yang ada, apakah pesan yang disampaikan dalam teks berikut: Gimana nih om @pandji pasti ikut gedeg juga kan dengerin retorika ga ada wawasan. Tapi gimana udah terlanjur ya. #matanajwadebatjakarta, dianggap sebagai hatespeech?",tidak
5177,id_hatespeech,id_hatespeech_nusantara_text,74b9b570-f67b-4167-b340-5876404b97f1,hate_or_noHate_zs_noopt_kriteria,train,"Berdasarkan kriteria hatespeech yang ada, apakah pesan yang disampaikan dalam teks berikut: Haduhhhh Pak Anies.. Terus pendukung anda yang didatengin ke Jakarta itu dari mana pak? Dari luar jakarta kan #MataNajwaDebatJakarta, dianggap sebagai hatespeech?",tidak
5178,id_hatespeech,id_hatespeech_nusantara_text,74b9b570-f67b-4167-b340-5876404b97f1,hate_or_noHate_zs_noopt_kriteria,train,"Berdasarkan kriteria hatespeech yang ada, apakah pesan yang disampaikan dalam teks berikut: Haha anies pendemo2 dr jawa barat kok ga ngomen. Takut kalah ya haha #MataNajwaDebatJakarta, dianggap sebagai hatespeech?",tidak
5179,id_hatespeech,id_hatespeech_nusantara_text,74b9b570-f67b-4167-b340-5876404b97f1,hate_or_noHate_zs_noopt_kriteria,train,"Berdasarkan kriteria hatespeech yang ada, apakah pesan yang disampaikan dalam teks berikut: #MataNajwaDebatJakarta pak uno habis 62M istrinya ga marah ya pak? Saya mo beli sepatu 300rb aja istri saya marah2 pak, dianggap sebagai hatespeech?",tidak
5180,id_hatespeech,id_hatespeech_nusantara_text,74b9b570-f67b-4167-b340-5876404b97f1,hate_or_noHate_zs_noopt_kriteria,train,"Berdasarkan kriteria hatespeech yang ada, apakah pesan yang disampaikan dalam teks berikut: #MataNajwaDebatJakarta jangan suka menyerang, ini bukan perang,. mengapa ingin ibadah harus menyerang orang.., dianggap sebagai hatespeech?",tidak
5181,id_hatespeech,id_hatespeech_nusantara_text,74b9b570-f67b-4167-b340-5876404b97f1,hate_or_noHate_zs_noopt_kriteria,train,"Berdasarkan kriteria hatespeech yang ada, apakah pesan yang disampaikan dalam teks berikut: #MataNajwaDebatJakarta Paslon 3 serang terus dengan membawa2 hal2 yg biasa menyerang, tp Paslon 2 tenang menjawabnya, dianggap sebagai hatespeech?",tidak
5182,id_hatespeech,id_hatespeech_nusantara_text,74b9b570-f67b-4167-b340-5876404b97f1,hate_or_noHate_zs_noopt_kriteria,train,"Berdasarkan kriteria hatespeech yang ada, apakah pesan yang disampaikan dalam teks berikut: Aahhh akuh sedih, akuh org depok ternyata ngga boleh ke jakarta pak mANIES jahattttt #MataNajwaDebatJakarta, dianggap sebagai hatespeech?",tidak
5183,id_hatespeech,id_hatespeech_nusantara_text,74b9b570-f67b-4167-b340-5876404b97f1,hate_or_noHate_zs_noopt_kriteria,train,"Berdasarkan kriteria hatespeech yang ada, apakah pesan yang disampaikan dalam teks berikut: #MataNajwaDebatJakarta saludd utk mata najwa, berbobot sekali perdebatan malam ini.., dianggap sebagai hatespeech?",tidak
5184,id_hatespeech,id_hatespeech_nusantara_text,74b9b570-f67b-4167-b340-5876404b97f1,hate_or_noHate_zs_noopt_kriteria,train,"Berdasarkan kriteria hatespeech yang ada, apakah pesan yang disampaikan dalam teks berikut: Jadilah orang yang bertanggung jawab atas segala tindakan anda. dengan demikian anda akan menuai hal yang positif. #SidangAhok, dianggap sebagai hatespeech?",tidak
5185,id_hatespeech,id_hatespeech_nusantara_text,74b9b570-f67b-4167-b340-5876404b97f1,hate_or_noHate_zs_noopt_kriteria,train,"Berdasarkan kriteria hatespeech yang ada, apakah pesan yang disampaikan dalam teks berikut: Menurut Anda, apakah #SidangAhok Dugaan Penistaan Agama dgn Terdakwa @basuki_btp murni isyu Pilkada DKI Jakarta atau murni demi Islam???, dianggap sebagai hatespeech?",tidak
5186,id_hatespeech,id_hatespeech_nusantara_text,74b9b570-f67b-4167-b340-5876404b97f1,hate_or_noHate_zs_noopt_kriteria,train,"Berdasarkan kriteria hatespeech yang ada, apakah pesan yang disampaikan dalam teks berikut: Semua kejujuran akan mendapatkan pahala dari surga. Sabar ya Pak Basuki #FreeAhok https://t.co/NlgbEcj4Jc, dianggap sebagai hatespeech?",tidak
5187,id_hatespeech,id_hatespeech_nusantara_text,74b9b570-f67b-4167-b340-5876404b97f1,hate_or_noHate_zs_noopt_kriteria,train,"Berdasarkan kriteria hatespeech yang ada, apakah pesan yang disampaikan dalam teks berikut: Jadilah orang yang bertanggung jawab atas segala tindakan anda. dengan demikian anda akan menuai hal yang positif. #SidangAhok, dianggap sebagai hatespeech?",tidak
5188,id_hatespeech,id_hatespeech_nusantara_text,74b9b570-f67b-4167-b340-5876404b97f1,hate_or_noHate_zs_noopt_kriteria,train,"Berdasarkan kriteria hatespeech yang ada, apakah pesan yang disampaikan dalam teks berikut: #MataNajwaDebatJakarta terima kasih telah memberikan pendidikan demokrasi pada rakyat Indonesia, khususnya Jakarta., dianggap sebagai hatespeech?",tidak
5189,id_hatespeech,id_hatespeech_nusantara_text,74b9b570-f67b-4167-b340-5876404b97f1,hate_or_noHate_zs_noopt_kriteria,train,"Berdasarkan kriteria hatespeech yang ada, apakah pesan yang disampaikan dalam teks berikut: Keberagaman itu datang dr hati terdalam, bukan dr pencitraan #Tetap3 #JKTBeragam, dianggap sebagai hatespeech?",tidak
5190,id_hatespeech,id_hatespeech_nusantara_text,74b9b570-f67b-4167-b340-5876404b97f1,hate_or_noHate_zs_noopt_kriteria,train,"Berdasarkan kriteria hatespeech yang ada, apakah pesan yang disampaikan dalam teks berikut: Membangun bangsa dan negara ini engga cukup dengan metoda pencitraan saja ,tanpa teruji lewat rekam jejak dan integritas tokohnya, dianggap sebagai hatespeech?",tidak
5191,id_hatespeech,id_hatespeech_nusantara_text,74b9b570-f67b-4167-b340-5876404b97f1,hate_or_noHate_zs_noopt_kriteria,train,"Berdasarkan kriteria hatespeech yang ada, apakah pesan yang disampaikan dalam teks berikut: jangan ada keberpihakan dalam badan hukum karena itu akan merusak demokrasi #important #MataNajwaDebatJakarta, dianggap sebagai hatespeech?",tidak
5192,id_hatespeech,id_hatespeech_nusantara_text,74b9b570-f67b-4167-b340-5876404b97f1,hate_or_noHate_zs_noopt_kriteria,train,"Berdasarkan kriteria hatespeech yang ada, apakah pesan yang disampaikan dalam teks berikut: Jika lo bisa menceritakan kembali kalimat2 yg dilontarkan Anies di @MataNajwa dgn bahasa lo sendiri, lo luar biasa. #MataNajwaDebatJakarta, dianggap sebagai hatespeech?",tidak
5193,id_hatespeech,id_hatespeech_nusantara_text,74b9b570-f67b-4167-b340-5876404b97f1,hate_or_noHate_zs_noopt_kriteria,train,"Berdasarkan kriteria hatespeech yang ada, apakah pesan yang disampaikan dalam teks berikut: kalau liat sosmed, Pak Ahok menang telak. Namun sayang, hanya kata-kata manis lah yg diserap bbrp warga kecil. #matanajwadebatjakarta, dianggap sebagai hatespeech?",tidak
5194,id_hatespeech,id_hatespeech_nusantara_text,74b9b570-f67b-4167-b340-5876404b97f1,hate_or_noHate_zs_noopt_kriteria,train,"Berdasarkan kriteria hatespeech yang ada, apakah pesan yang disampaikan dalam teks berikut: Seharusnya mah basuki sudah bebas ya kan? #FreeAhok https://t.co/Mw3k0vYweF, dianggap sebagai hatespeech?",tidak
5195,id_hatespeech,id_hatespeech_nusantara_text,74b9b570-f67b-4167-b340-5876404b97f1,hate_or_noHate_zs_noopt_kriteria,train,"Berdasarkan kriteria hatespeech yang ada, apakah pesan yang disampaikan dalam teks berikut: Kenapa debat @MataNajwa ini, Ahok makin keliatan diatas angin ya. Kliatan dia sangat menguasai problem solusi tata kelola Jakarta., dianggap sebagai hatespeech?",tidak
5196,id_hatespeech,id_hatespeech_nusantara_text,74b9b570-f67b-4167-b340-5876404b97f1,hate_or_noHate_zs_noopt_kriteria,train,"Berdasarkan kriteria hatespeech yang ada, apakah pesan yang disampaikan dalam teks berikut: Kalau lihat Ahok itu kayak lihat power rangers merah, dianggap sebagai hatespeech?",tidak
5197,id_hatespeech,id_hatespeech_nusantara_text,74b9b570-f67b-4167-b340-5876404b97f1,hate_or_noHate_zs_noopt_kriteria,train,"Berdasarkan kriteria hatespeech yang ada, apakah pesan yang disampaikan dalam teks berikut: Kesimpulan. Ahok spt biasa fokus detail ke program. Anies terlalu fokus menjatuhkan lawan #MataNajwaDebatJakarta, dianggap sebagai hatespeech?",tidak
5198,id_hatespeech,id_hatespeech_nusantara_text,74b9b570-f67b-4167-b340-5876404b97f1,hate_or_noHate_zs_noopt_kriteria,train,"Berdasarkan kriteria hatespeech yang ada, apakah pesan yang disampaikan dalam teks berikut: pertunjukan yang sangat membuat saya serius dan gak mau diganggu, selamat untuk pak @aniesbaswedan buat gagasan nya #MataNajwaDebatJakarta, dianggap sebagai hatespeech?",tidak
5199,id_hatespeech,id_hatespeech_nusantara_text,74b9b570-f67b-4167-b340-5876404b97f1,hate_or_noHate_zs_noopt_kriteria,train,"Berdasarkan kriteria hatespeech yang ada, apakah pesan yang disampaikan dalam teks berikut: Jangan berpihak...melayani rakyat dengan sepenuh hati..Tuhan yang memberi kekuasaan.. Tuhan yang mengambil..-ahok#MataNajwaDebatJakarta, dianggap sebagai hatespeech?",tidak
5200,id_hatespeech,id_hatespeech_nusantara_text,74b9b570-f67b-4167-b340-5876404b97f1,hate_or_noHate_zs_noopt_kriteria,train,"Berdasarkan kriteria hatespeech yang ada, apakah pesan yang disampaikan dalam teks berikut: Pak Ahok jangan blunder dong Pak..dari tadi udah bagus. Pertanyaannya komitmen menerima hasil kontestasi. #MataNajwaDebatJakarta, dianggap sebagai hatespeech?",tidak
5201,id_hatespeech,id_hatespeech_nusantara_text,74b9b570-f67b-4167-b340-5876404b97f1,hate_or_noHate_zs_noopt_kriteria,train,"Berdasarkan kriteria hatespeech yang ada, apakah pesan yang disampaikan dalam teks berikut: jangan ada keberpihakan dalam badan hukum karena itu akan merusak demokrasi #important #MataNajwaDebatJakarta, dianggap sebagai hatespeech?",tidak
5202,id_hatespeech,id_hatespeech_nusantara_text,74b9b570-f67b-4167-b340-5876404b97f1,hate_or_noHate_zs_noopt_kriteria,train,"Berdasarkan kriteria hatespeech yang ada, apakah pesan yang disampaikan dalam teks berikut: Jika lo bisa menceritakan kembali kalimat2 yg dilontarkan Anies di @MataNajwa dgn bahasa lo sendiri, lo luar biasa. #MataNajwaDebatJakarta, dianggap sebagai hatespeech?",tidak
5203,id_hatespeech,id_hatespeech_nusantara_text,74b9b570-f67b-4167-b340-5876404b97f1,hate_or_noHate_zs_noopt_kriteria,train,"Berdasarkan kriteria hatespeech yang ada, apakah pesan yang disampaikan dalam teks berikut: Kenapa debat @MataNajwa ini, Ahok makin keliatan diatas angin ya. Kliatan dia sangat menguasai problem solusi tata kelola Jakarta., dianggap sebagai hatespeech?",tidak
5204,id_hatespeech,id_hatespeech_nusantara_text,74b9b570-f67b-4167-b340-5876404b97f1,hate_or_noHate_zs_noopt_kriteria,train,"Berdasarkan kriteria hatespeech yang ada, apakah pesan yang disampaikan dalam teks berikut: Kiranya Jakarta semakin baik. Selamat berjuang buat Pak Ahok dan Pak Anies ! #MataNajwaDebatJakarta, dianggap sebagai hatespeech?",tidak
5205,id_hatespeech,id_hatespeech_nusantara_text,74b9b570-f67b-4167-b340-5876404b97f1,hate_or_noHate_zs_noopt_kriteria,train,"Berdasarkan kriteria hatespeech yang ada, apakah pesan yang disampaikan dalam teks berikut: Masihkah Ahoker debat soal program? Jlebb.. KO kena uppercut Anies soal KJP. Pergubnya blm di rubah.. @roemahdjoeang @NetizenTofa @cepot234, dianggap sebagai hatespeech?",tidak
5206,id_hatespeech,id_hatespeech_nusantara_text,74b9b570-f67b-4167-b340-5876404b97f1,hate_or_noHate_zs_noopt_kriteria,train,"Berdasarkan kriteria hatespeech yang ada, apakah pesan yang disampaikan dalam teks berikut: RT @alysap_: Semua penganut agama harus dapet hak yang sama - Ahok #MataNajwaDebatJakarta, dianggap sebagai hatespeech?",tidak
5207,id_hatespeech,id_hatespeech_nusantara_text,74b9b570-f67b-4167-b340-5876404b97f1,hate_or_noHate_zs_noopt_kriteria,train,"Berdasarkan kriteria hatespeech yang ada, apakah pesan yang disampaikan dalam teks berikut: Aku heran kenapa ilklan kampanye #AhokDjarot yg terbaru itu begitu, ini aku loh yang bingung bkn akuang,asiang, atau aming #IklanAhokJahat, dianggap sebagai hatespeech?",tidak
5208,id_hatespeech,id_hatespeech_nusantara_text,74b9b570-f67b-4167-b340-5876404b97f1,hate_or_noHate_zs_noopt_kriteria,train,"Berdasarkan kriteria hatespeech yang ada, apakah pesan yang disampaikan dalam teks berikut: Abis nyoblos streaming video perkembangan Pilkada 2017 pake #SisaKuotaGakHangus dari @IM3Ooredoo kuota ga habis deh, dianggap sebagai hatespeech?",tidak
5209,id_hatespeech,id_hatespeech_nusantara_text,74b9b570-f67b-4167-b340-5876404b97f1,hate_or_noHate_zs_noopt_kriteria,train,"Berdasarkan kriteria hatespeech yang ada, apakah pesan yang disampaikan dalam teks berikut: muslim sedang diuji di negara yg mayoritas Islam..semoga kita smua bisa bersabar dan menahan utk tidak berbicara kasar sbg balasan, dianggap sebagai hatespeech?",tidak
5210,id_hatespeech,id_hatespeech_nusantara_text,74b9b570-f67b-4167-b340-5876404b97f1,hate_or_noHate_zs_noopt_kriteria,train,"Berdasarkan kriteria hatespeech yang ada, apakah pesan yang disampaikan dalam teks berikut: Kiranya Jakarta semakin baik. Selamat berjuang buat Pak Ahok dan Pak Anies ! #MataNajwaDebatJakarta, dianggap sebagai hatespeech?",tidak
5211,id_hatespeech,id_hatespeech_nusantara_text,74b9b570-f67b-4167-b340-5876404b97f1,hate_or_noHate_zs_noopt_kriteria,train,"Berdasarkan kriteria hatespeech yang ada, apakah pesan yang disampaikan dalam teks berikut: RT @grcllafrn: Pak Anies, inget, apa yg kau tabur itu yang akan kau tuai nanti... jadi takut sendiri :"") #MataNajwaDebatJakarta, dianggap sebagai hatespeech?",tidak
5212,id_hatespeech,id_hatespeech_nusantara_text,74b9b570-f67b-4167-b340-5876404b97f1,hate_or_noHate_zs_noopt_kriteria,train,"Berdasarkan kriteria hatespeech yang ada, apakah pesan yang disampaikan dalam teks berikut: RT @kompascom: Bagaimana metode penarikan sampel hitung cepat yg dilakukan Litbang Kompas dlm Pilkada DKI Jakarta 2017? Simak disini, dianggap sebagai hatespeech?",tidak
5213,id_hatespeech,id_hatespeech_nusantara_text,74b9b570-f67b-4167-b340-5876404b97f1,hate_or_noHate_zs_noopt_kriteria,train,"Berdasarkan kriteria hatespeech yang ada, apakah pesan yang disampaikan dalam teks berikut: mnding diem aja pak @basuki_btp semua pergerakanmu pasti disalahkan, klo wktunya menang ntar jga menang.... #IklanAhokJahat, dianggap sebagai hatespeech?",tidak
5214,id_hatespeech,id_hatespeech_nusantara_text,74b9b570-f67b-4167-b340-5876404b97f1,hate_or_noHate_zs_noopt_kriteria,train,"Berdasarkan kriteria hatespeech yang ada, apakah pesan yang disampaikan dalam teks berikut: RT @netmediatama: Perbincangan menarik di Quick Count Pilkada 2017 bersama @irakoesno. #NETPilkada https:\/\/t.co\/odbVw4uWMr, dianggap sebagai hatespeech?",tidak
5215,id_hatespeech,id_hatespeech_nusantara_text,74b9b570-f67b-4167-b340-5876404b97f1,hate_or_noHate_zs_noopt_kriteria,train,"Berdasarkan kriteria hatespeech yang ada, apakah pesan yang disampaikan dalam teks berikut: Bersyukur menutup kampanye hari ini dengan berdoa agar PILKADA DKI Jakarta pada 15 Februari 2017 berjalan dengan lancar, dianggap sebagai hatespeech?",tidak
5216,id_hatespeech,id_hatespeech_nusantara_text,74b9b570-f67b-4167-b340-5876404b97f1,hate_or_noHate_zs_noopt_kriteria,train,"Berdasarkan kriteria hatespeech yang ada, apakah pesan yang disampaikan dalam teks berikut: Julia Perez Kecewa Gagal Nyoblos Pilkada DKI 2017 di TPS 15 RSCM https:\/\/t.co\/vajPLioiek, dianggap sebagai hatespeech?",tidak
5217,id_hatespeech,id_hatespeech_nusantara_text,74b9b570-f67b-4167-b340-5876404b97f1,hate_or_noHate_zs_noopt_kriteria,train,"Berdasarkan kriteria hatespeech yang ada, apakah pesan yang disampaikan dalam teks berikut: Disediakan Ambulans untuk Pasien Mencoblos pada Pilkada DKI 2017, dianggap sebagai hatespeech?",tidak
5218,id_hatespeech,id_hatespeech_nusantara_text,74b9b570-f67b-4167-b340-5876404b97f1,hate_or_noHate_zs_noopt_kriteria,train,"Berdasarkan kriteria hatespeech yang ada, apakah pesan yang disampaikan dalam teks berikut: RT @miekarinayam: Saya bertanya apakah saya memang tak boleh ikut Pilkada 2017? Apakah saya kehilangan hak saya yg dijamin konstitusi?, dianggap sebagai hatespeech?",tidak
5219,id_hatespeech,id_hatespeech_nusantara_text,74b9b570-f67b-4167-b340-5876404b97f1,hate_or_noHate_zs_noopt_kriteria,train,"Berdasarkan kriteria hatespeech yang ada, apakah pesan yang disampaikan dalam teks berikut: Ya Allah! Anis dan Sandi bakal jadi Gubernur DKI Jakarta terpilih di tahun ini, dianggap sebagai hatespeech?",tidak
5220,id_hatespeech,id_hatespeech_nusantara_text,74b9b570-f67b-4167-b340-5876404b97f1,hate_or_noHate_zs_noopt_kriteria,train,"Berdasarkan kriteria hatespeech yang ada, apakah pesan yang disampaikan dalam teks berikut: Domisili gue di Jakpus bela-belain ke TPS yg berlokasi di Jakbar dgn bermodal e-KTP buat ikutan Pilkada 2017., dianggap sebagai hatespeech?",tidak
5221,id_hatespeech,id_hatespeech_nusantara_text,74b9b570-f67b-4167-b340-5876404b97f1,hate_or_noHate_zs_noopt_kriteria,train,"Berdasarkan kriteria hatespeech yang ada, apakah pesan yang disampaikan dalam teks berikut: RT @netmediatama: Presiden @jokowi menggunakan hak suaranya untuk Pilkada DKI Jakarta 2017 di TPS 4 Gambir Jakarta Pusat. #NETPilkada, dianggap sebagai hatespeech?",tidak
5222,id_hatespeech,id_hatespeech_nusantara_text,74b9b570-f67b-4167-b340-5876404b97f1,hate_or_noHate_zs_noopt_kriteria,train,"Berdasarkan kriteria hatespeech yang ada, apakah pesan yang disampaikan dalam teks berikut: RT @boelatboelat: agree pak @basuki_btp kekuasaan itu Tuhan yang kasih, walau dijatuhkan, Tuhan akan menaikkan :) #MataNajwaDebatJakarta, dianggap sebagai hatespeech?",tidak
5223,id_hatespeech,id_hatespeech_nusantara_text,74b9b570-f67b-4167-b340-5876404b97f1,hate_or_noHate_zs_noopt_kriteria,train,"Berdasarkan kriteria hatespeech yang ada, apakah pesan yang disampaikan dalam teks berikut: RT @AzzamBarbarossa: Akibat Nila Setitik Rusak Susu Sebelangga, Akibat Mulut Oknum Tak terdidik Rusak Juga Persatuan Bangsa. #IklanAhokJahat, dianggap sebagai hatespeech?",tidak
5224,id_hatespeech,id_hatespeech_nusantara_text,74b9b570-f67b-4167-b340-5876404b97f1,hate_or_noHate_zs_noopt_kriteria,train,"Berdasarkan kriteria hatespeech yang ada, apakah pesan yang disampaikan dalam teks berikut: Mudah-mudahan Novel baswedan tidak alami kebutaan pada matanya. Kalau sampai buta, saya siap mendonorkan mata saya untuk dia., dianggap sebagai hatespeech?",tidak
5225,id_hatespeech,id_hatespeech_nusantara_text,74b9b570-f67b-4167-b340-5876404b97f1,hate_or_noHate_zs_noopt_kriteria,train,"Berdasarkan kriteria hatespeech yang ada, apakah pesan yang disampaikan dalam teks berikut: Mengapa mereka melakukan ini, apakah bisa merubah keadaan bagi para pemilih nanti ? #IklanAhokJahat, dianggap sebagai hatespeech?",tidak
5226,id_hatespeech,id_hatespeech_nusantara_text,74b9b570-f67b-4167-b340-5876404b97f1,hate_or_noHate_zs_noopt_kriteria,train,"Berdasarkan kriteria hatespeech yang ada, apakah pesan yang disampaikan dalam teks berikut: RT @hariadhi: Siapa yg salah? Ahok? Iklannya? Bukan.. yang perlu diprotes adalah orang yg benar2 pake spanduk itu #IklanAhokJahat https://t, dianggap sebagai hatespeech?",tidak
5227,id_hatespeech,id_hatespeech_nusantara_text,74b9b570-f67b-4167-b340-5876404b97f1,hate_or_noHate_zs_noopt_kriteria,train,"Berdasarkan kriteria hatespeech yang ada, apakah pesan yang disampaikan dalam teks berikut: Sampe sekarang gue blm ngerti dp rumah 0% itu gmn skemanya. Trs emg ada ya perbankan yg mau ngasih kredit rumah gak pakai dp? #debatfinalpilkadadki, dianggap sebagai hatespeech?",tidak
5228,id_hatespeech,id_hatespeech_nusantara_text,74b9b570-f67b-4167-b340-5876404b97f1,hate_or_noHate_zs_noopt_kriteria,train,"Berdasarkan kriteria hatespeech yang ada, apakah pesan yang disampaikan dalam teks berikut: #debatfinalpilkadadki Bagi Anies gubernur adalah pemimpin, bukan administratur / pelayan masyarkt. Padahal melayani mencerminkan integritas., dianggap sebagai hatespeech?",tidak
5229,id_hatespeech,id_hatespeech_nusantara_text,74b9b570-f67b-4167-b340-5876404b97f1,hate_or_noHate_zs_noopt_kriteria,train,"Berdasarkan kriteria hatespeech yang ada, apakah pesan yang disampaikan dalam teks berikut: Kalimat Penutup Anies Ambisius, Ahok Minta Maaf, Karakter Tidak Bisa Bohong. #DebatPilkadaDKI #DebatFinalPilkadaDKI, dianggap sebagai hatespeech?",tidak
5230,id_hatespeech,id_hatespeech_nusantara_text,74b9b570-f67b-4167-b340-5876404b97f1,hate_or_noHate_zs_noopt_kriteria,train,"Berdasarkan kriteria hatespeech yang ada, apakah pesan yang disampaikan dalam teks berikut: pertunjukan yang sangat membuat saya serius dan gak mau diganggu, selamat untuk pak @aniesbaswedan buat gagasan nya #MataNajwaDebatJakarta, dianggap sebagai hatespeech?",tidak
5231,id_hatespeech,id_hatespeech_nusantara_text,74b9b570-f67b-4167-b340-5876404b97f1,hate_or_noHate_zs_noopt_kriteria,train,"Berdasarkan kriteria hatespeech yang ada, apakah pesan yang disampaikan dalam teks berikut: RT @BelaQuran: Kami tdk akan terprovokasi dgn sentimen dan jualan SARA mu itu, karena kami cinta Indonesia #IklanAhokJahat, dianggap sebagai hatespeech?",tidak
5232,id_hatespeech,id_hatespeech_nusantara_text,74b9b570-f67b-4167-b340-5876404b97f1,hate_or_noHate_zs_noopt_kriteria,train,"Berdasarkan kriteria hatespeech yang ada, apakah pesan yang disampaikan dalam teks berikut: Semakin umat di suguhkan #IklanAhokJahat maka akan semakin terlihat siapa yang menebar kebencian terhadap kerukunan antar umat beragama, dianggap sebagai hatespeech?",tidak
5233,id_hatespeech,id_hatespeech_nusantara_text,74b9b570-f67b-4167-b340-5876404b97f1,hate_or_noHate_zs_noopt_kriteria,train,"Berdasarkan kriteria hatespeech yang ada, apakah pesan yang disampaikan dalam teks berikut: Hampir semua polling Anies - Sandi yang menang. Semoga hari H nya juga demikian. #AniesSandi, dianggap sebagai hatespeech?",tidak
5234,id_hatespeech,id_hatespeech_nusantara_text,74b9b570-f67b-4167-b340-5876404b97f1,hate_or_noHate_zs_noopt_kriteria,train,"Berdasarkan kriteria hatespeech yang ada, apakah pesan yang disampaikan dalam teks berikut: RT @anjisudirman: @fahiraidris Yg iklankan kampanye ahox adalah yg sama sebarin spanduk syariah dan brosur black campaign. #IklanAhokJahat, dianggap sebagai hatespeech?",tidak
5235,id_hatespeech,id_hatespeech_nusantara_text,74b9b570-f67b-4167-b340-5876404b97f1,hate_or_noHate_zs_noopt_kriteria,train,"Berdasarkan kriteria hatespeech yang ada, apakah pesan yang disampaikan dalam teks berikut: Oke Oce akan menjadi brand dimana, semuanya menjadi OKe Oce, bahkan nanti ada kampung Oke Oce #debatfinalpilkadadki, dianggap sebagai hatespeech?",tidak
5236,id_hatespeech,id_hatespeech_nusantara_text,74b9b570-f67b-4167-b340-5876404b97f1,hate_or_noHate_zs_noopt_kriteria,train,"Berdasarkan kriteria hatespeech yang ada, apakah pesan yang disampaikan dalam teks berikut: RT @BelaQuran: Sungguh sgt mengherankan, mengkampanyekan kebhinekaan tp dengan menyebarkan Islamophobia, kebhinekaan yg mana yg dimaksud?, dianggap sebagai hatespeech?",tidak
5237,id_hatespeech,id_hatespeech_nusantara_text,74b9b570-f67b-4167-b340-5876404b97f1,hate_or_noHate_zs_noopt_kriteria,train,"Berdasarkan kriteria hatespeech yang ada, apakah pesan yang disampaikan dalam teks berikut: Debat Final Pilkada DKI Jakarta, Siapa yang Gagap, dan Siapa yang Tepat Menjawab - Adjat Sudradjat, dianggap sebagai hatespeech?",tidak
5238,id_hatespeech,id_hatespeech_nusantara_text,74b9b570-f67b-4167-b340-5876404b97f1,hate_or_noHate_zs_noopt_kriteria,train,"Berdasarkan kriteria hatespeech yang ada, apakah pesan yang disampaikan dalam teks berikut: Jika persoalan pemimpin hanya dikaitkan dengan lisan, maka apa bedanya gubernur dengan anak-anak? #MataNajwaDebatJakarta, dianggap sebagai hatespeech?",tidak
5239,id_hatespeech,id_hatespeech_nusantara_text,74b9b570-f67b-4167-b340-5876404b97f1,hate_or_noHate_zs_noopt_kriteria,train,"Berdasarkan kriteria hatespeech yang ada, apakah pesan yang disampaikan dalam teks berikut: Cerita Djarot ini diharapkan membuat para pendukung tetap berdamai. #debatfinalpilkadadki #temanahok #AniesSandi, dianggap sebagai hatespeech?",tidak
5240,id_hatespeech,id_hatespeech_nusantara_text,74b9b570-f67b-4167-b340-5876404b97f1,hate_or_noHate_zs_noopt_kriteria,train,"Berdasarkan kriteria hatespeech yang ada, apakah pesan yang disampaikan dalam teks berikut: Cuman mau bilang sama yang serius banget ngetweet pakai hastag #IklanAhokJahat ""Gitu aja baper""., dianggap sebagai hatespeech?",tidak
5241,id_hatespeech,id_hatespeech_nusantara_text,74b9b570-f67b-4167-b340-5876404b97f1,hate_or_noHate_zs_noopt_kriteria,train,"Berdasarkan kriteria hatespeech yang ada, apakah pesan yang disampaikan dalam teks berikut: Ira Koesno Didekati Anies-Sandi Lalu Marahi Pendukung Paslon Saat Debat Pilkada DKI, dianggap sebagai hatespeech?",tidak
5242,id_hatespeech,id_hatespeech_nusantara_text,74b9b570-f67b-4167-b340-5876404b97f1,hate_or_noHate_zs_noopt_kriteria,train,"Berdasarkan kriteria hatespeech yang ada, apakah pesan yang disampaikan dalam teks berikut: Alhamdulillah ya Allah SWT Semoga jakarta punya gubernur baru yg lebih bersahaja, bersahabat utk semuanya #AniesSandi, dianggap sebagai hatespeech?",tidak
5243,id_hatespeech,id_hatespeech_nusantara_text,74b9b570-f67b-4167-b340-5876404b97f1,hate_or_noHate_zs_noopt_kriteria,train,"Berdasarkan kriteria hatespeech yang ada, apakah pesan yang disampaikan dalam teks berikut: Jelang larut semalam. Diskusi dengan aktifis Golkar tingkat kelurahan. Siap bergabung dalam pemenangan #AniesSandi, dianggap sebagai hatespeech?",tidak
5244,id_hatespeech,id_hatespeech_nusantara_text,74b9b570-f67b-4167-b340-5876404b97f1,hate_or_noHate_zs_noopt_kriteria,train,"Berdasarkan kriteria hatespeech yang ada, apakah pesan yang disampaikan dalam teks berikut: RT @alayyubichoir: Sosok Anies Sandi harus diakui sgt mengayomi. Sangat kompeten utk membangun kerukukan & kebhinekaan di Jakarta, dianggap sebagai hatespeech?",tidak
5245,id_hatespeech,id_hatespeech_nusantara_text,74b9b570-f67b-4167-b340-5876404b97f1,hate_or_noHate_zs_noopt_kriteria,train,"Berdasarkan kriteria hatespeech yang ada, apakah pesan yang disampaikan dalam teks berikut: RT @nielchen99: Ngomong manis memang gampang giliran kerja bingung #MataNajwaDebatJakarta, dianggap sebagai hatespeech?",tidak
5246,id_hatespeech,id_hatespeech_nusantara_text,74b9b570-f67b-4167-b340-5876404b97f1,hate_or_noHate_zs_noopt_kriteria,train,"Berdasarkan kriteria hatespeech yang ada, apakah pesan yang disampaikan dalam teks berikut: 19 April adalah saat yang penting bagi warga Jakarta untuk menentukan masa depan Ibukota, dianggap sebagai hatespeech?",tidak
5247,id_hatespeech,id_hatespeech_nusantara_text,74b9b570-f67b-4167-b340-5876404b97f1,hate_or_noHate_zs_noopt_kriteria,train,"Berdasarkan kriteria hatespeech yang ada, apakah pesan yang disampaikan dalam teks berikut: RT @maharanisinta70: terimakasih Pak Anies pemaparantentang DP 0 ,memberi solusi bagi warga jakarta yang ingin punya rumah dan tidak nyewa terus., dianggap sebagai hatespeech?",tidak
5248,id_hatespeech,id_hatespeech_nusantara_text,74b9b570-f67b-4167-b340-5876404b97f1,hate_or_noHate_zs_noopt_kriteria,train,"Berdasarkan kriteria hatespeech yang ada, apakah pesan yang disampaikan dalam teks berikut: Yang aku perhatikan, Tim Mas @aniesbaswedan sibuk ngoceh tentang @basuki_btp dan programnya. Kenapa gak ngurus diri sendiri?, dianggap sebagai hatespeech?",tidak
5249,id_hatespeech,id_hatespeech_nusantara_text,74b9b570-f67b-4167-b340-5876404b97f1,hate_or_noHate_zs_noopt_kriteria,train,"Berdasarkan kriteria hatespeech yang ada, apakah pesan yang disampaikan dalam teks berikut: kalo pilih gubernur yg jujur, kerja nyata,anti korupsi,tegas,pinter,mlyani rakyat iklas & peduli pilih ahok djarot,.., dianggap sebagai hatespeech?",tidak
5250,id_hatespeech,id_hatespeech_nusantara_text,74b9b570-f67b-4167-b340-5876404b97f1,hate_or_noHate_zs_noopt_kriteria,train,"Berdasarkan kriteria hatespeech yang ada, apakah pesan yang disampaikan dalam teks berikut: RT @anies_sandi: Bisa merangkul dan menegakkan hukum. Kepemimpinan itu hadir dengan memberikan contoh & perbuatan - @aniesbaswedan, dianggap sebagai hatespeech?",tidak
5251,id_hatespeech,id_hatespeech_nusantara_text,74b9b570-f67b-4167-b340-5876404b97f1,hate_or_noHate_zs_noopt_kriteria,train,"Berdasarkan kriteria hatespeech yang ada, apakah pesan yang disampaikan dalam teks berikut: Hasil kerja Ahok Djarot sungai di Jakarta kembali normal, bersih dan enak dipandang, dianggap sebagai hatespeech?",tidak
5252,id_hatespeech,id_hatespeech_nusantara_text,74b9b570-f67b-4167-b340-5876404b97f1,hate_or_noHate_zs_noopt_kriteria,train,"Berdasarkan kriteria hatespeech yang ada, apakah pesan yang disampaikan dalam teks berikut: Ahok & Anies sama baiknya kok, sama bagusnya, sama okenya. Siapa yg kepilih yg menang tetap rakyat jakarta, dianggap sebagai hatespeech?",tidak
5253,id_hatespeech,id_hatespeech_nusantara_text,74b9b570-f67b-4167-b340-5876404b97f1,hate_or_noHate_zs_noopt_kriteria,train,"Berdasarkan kriteria hatespeech yang ada, apakah pesan yang disampaikan dalam teks berikut: Semoga pak basuki bisa jadi presiden,agar Indonesia lebih maju., dianggap sebagai hatespeech?",tidak
5254,id_hatespeech,id_hatespeech_nusantara_text,74b9b570-f67b-4167-b340-5876404b97f1,hate_or_noHate_zs_noopt_kriteria,train,"Berdasarkan kriteria hatespeech yang ada, apakah pesan yang disampaikan dalam teks berikut: Allah SWT tdk butuh anda. Tapi Anda yang butuh Allah,Rezeki, hidup matimu. Allah yg tentukan. Mau khianati Allah? yakin gak nyesel? #SidangAhok, dianggap sebagai hatespeech?",tidak
5255,id_hatespeech,id_hatespeech_nusantara_text,74b9b570-f67b-4167-b340-5876404b97f1,hate_or_noHate_zs_noopt_kriteria,train,"Berdasarkan kriteria hatespeech yang ada, apakah pesan yang disampaikan dalam teks berikut: #SidangAhok dilanjutkan dengan rekaman yang memuat kampanye Ahok di DPP Nasdem dan juga Pulau Seribu. | @adrieedu https://t.co/8P5P4DUcFG, dianggap sebagai hatespeech?",tidak
5256,id_hatespeech,id_hatespeech_nusantara_text,74b9b570-f67b-4167-b340-5876404b97f1,hate_or_noHate_zs_noopt_kriteria,train,"Berdasarkan kriteria hatespeech yang ada, apakah pesan yang disampaikan dalam teks berikut: RT @JanurOmank2626: Ahok harus bebas demi hukum demi keadilan demi kelanjutan perbaikan DKI. Semoga hakim mmpunyai sense of justice, dianggap sebagai hatespeech?",tidak
5257,id_hatespeech,id_hatespeech_nusantara_text,74b9b570-f67b-4167-b340-5876404b97f1,hate_or_noHate_zs_noopt_kriteria,train,"Berdasarkan kriteria hatespeech yang ada, apakah pesan yang disampaikan dalam teks berikut: Pembangkit Listrik Tenaga Panas Bumi Terbesar Dunia.. #CitiPeka #SidangAhok #Tebak2anHajiDjarot https://t.co/KtXdXZsh8H, dianggap sebagai hatespeech?",tidak
5258,id_hatespeech,id_hatespeech_nusantara_text,74b9b570-f67b-4167-b340-5876404b97f1,hate_or_noHate_zs_noopt_kriteria,train,"Berdasarkan kriteria hatespeech yang ada, apakah pesan yang disampaikan dalam teks berikut: RT @findririn: Dan toleransi itu, ketika muslim bisa menjalankan perintah agamanya, dan non muslim juga bisa menjalankan agamanya., dianggap sebagai hatespeech?",tidak
5259,id_hatespeech,id_hatespeech_nusantara_text,74b9b570-f67b-4167-b340-5876404b97f1,hate_or_noHate_zs_noopt_kriteria,train,"Berdasarkan kriteria hatespeech yang ada, apakah pesan yang disampaikan dalam teks berikut: RT @findririn: Walaupun artinya teman setia, seharusnya lebih dihindari kalau jd pemimpin, dianggap sebagai hatespeech?",tidak
5260,id_hatespeech,id_hatespeech_nusantara_text,74b9b570-f67b-4167-b340-5876404b97f1,hate_or_noHate_zs_noopt_kriteria,train,"Berdasarkan kriteria hatespeech yang ada, apakah pesan yang disampaikan dalam teks berikut: Semua kejujuran akan mendapatkan pahala dr surga #FreeAhok, dianggap sebagai hatespeech?",tidak
5261,id_hatespeech,id_hatespeech_nusantara_text,74b9b570-f67b-4167-b340-5876404b97f1,hate_or_noHate_zs_noopt_kriteria,train,"Berdasarkan kriteria hatespeech yang ada, apakah pesan yang disampaikan dalam teks berikut: Seharusnya mah basuki sudah bebas ya kan? #FreeAhok https://t.co/Mw3k0vYweF, dianggap sebagai hatespeech?",tidak
5262,id_hatespeech,id_hatespeech_nusantara_text,74b9b570-f67b-4167-b340-5876404b97f1,hate_or_noHate_zs_noopt_kriteria,train,"Berdasarkan kriteria hatespeech yang ada, apakah pesan yang disampaikan dalam teks berikut: RT @RuridaJihandari: Itu sidang apa drama korea sampe 20kali, lagi menunggu sidang ahok season 2 nih... Kayaknya goblin mah kalah pamornya, dianggap sebagai hatespeech?",tidak
5263,id_hatespeech,id_hatespeech_nusantara_text,74b9b570-f67b-4167-b340-5876404b97f1,hate_or_noHate_zs_noopt_kriteria,train,"Berdasarkan kriteria hatespeech yang ada, apakah pesan yang disampaikan dalam teks berikut: Menurut Anda, Transportasi Online manakah dikatakan ""tarif murah, aman & nyaman"" melayani ???, dianggap sebagai hatespeech?",tidak
5264,id_hatespeech,id_hatespeech_nusantara_text,74b9b570-f67b-4167-b340-5876404b97f1,hate_or_noHate_zs_noopt_kriteria,train,"Berdasarkan kriteria hatespeech yang ada, apakah pesan yang disampaikan dalam teks berikut: Nelayan Jakarta Sudah Disiapin Pulau Khusus oleh Pemda DKI #LunchBreak #SidangAhok, dianggap sebagai hatespeech?",tidak
5265,id_hatespeech,id_hatespeech_nusantara_text,74b9b570-f67b-4167-b340-5876404b97f1,hate_or_noHate_zs_noopt_kriteria,train,"Berdasarkan kriteria hatespeech yang ada, apakah pesan yang disampaikan dalam teks berikut: Adakah Potensi Radikalisme di Pilgub DKI Jakarta? #LunchBreak #SidangAhok, dianggap sebagai hatespeech?",tidak
5266,id_hatespeech,id_hatespeech_nusantara_text,74b9b570-f67b-4167-b340-5876404b97f1,hate_or_noHate_zs_noopt_kriteria,train,"Berdasarkan kriteria hatespeech yang ada, apakah pesan yang disampaikan dalam teks berikut: RT @NovenStjK: Siaran ulang #AhokDjarotDiRosi malam ini, saksikan yuk di @KompasTV #AhokDjarot #Temanahok, dianggap sebagai hatespeech?",tidak
5267,id_hatespeech,id_hatespeech_nusantara_text,74b9b570-f67b-4167-b340-5876404b97f1,hate_or_noHate_zs_noopt_kriteria,train,"Berdasarkan kriteria hatespeech yang ada, apakah pesan yang disampaikan dalam teks berikut: cuma org"" yg salah saja yg takut dgn doa itu,anda salah?? kenapa takut??? bertobatlah sebelum doa itu dinyatakan,, dianggap sebagai hatespeech?",tidak
5268,id_hatespeech,id_hatespeech_nusantara_text,74b9b570-f67b-4167-b340-5876404b97f1,hate_or_noHate_zs_noopt_kriteria,train,"Berdasarkan kriteria hatespeech yang ada, apakah pesan yang disampaikan dalam teks berikut: Selamat Pagi met aktifitas happy weekend Semoga kita jadi orang jujur biar hidup slalu mujur Aamiin #FreeAhok, dianggap sebagai hatespeech?",tidak
5269,id_hatespeech,id_hatespeech_nusantara_text,74b9b570-f67b-4167-b340-5876404b97f1,hate_or_noHate_zs_noopt_kriteria,train,"Berdasarkan kriteria hatespeech yang ada, apakah pesan yang disampaikan dalam teks berikut: Ahok dituntut 1 tahun penjara. Kemungkinan akan divonis bebas. Masalahnya, warga DKI terlanjur kehilangan pemimpin terbaik. #FreeAhok, dianggap sebagai hatespeech?",tidak
5270,id_hatespeech,id_hatespeech_nusantara_text,74b9b570-f67b-4167-b340-5876404b97f1,hate_or_noHate_zs_noopt_kriteria,train,"Berdasarkan kriteria hatespeech yang ada, apakah pesan yang disampaikan dalam teks berikut: Alhamdulillah tuntutan jaksa hanya 1 tahun masa percobaan 2 tahun yg artinya sbnrnya jaksa mengakui kalo Ahok itu tak bersalah #FreeAhok, dianggap sebagai hatespeech?",tidak
5271,id_hatespeech,id_hatespeech_nusantara_text,74b9b570-f67b-4167-b340-5876404b97f1,hate_or_noHate_zs_noopt_kriteria,train,"Berdasarkan kriteria hatespeech yang ada, apakah pesan yang disampaikan dalam teks berikut: Kalah atau menang #tetapahok. Terimakasih krn banyak ngasih pelajaran bagaimana kerja keras utk rakyat dgn bersih., dianggap sebagai hatespeech?",tidak
5272,id_hatespeech,id_hatespeech_nusantara_text,74b9b570-f67b-4167-b340-5876404b97f1,hate_or_noHate_zs_noopt_kriteria,train,"Berdasarkan kriteria hatespeech yang ada, apakah pesan yang disampaikan dalam teks berikut: Pilkada Serentak, Megawati Hanya Minta Jangan ada Intimidasi dan Politik Uang https:\/\/t.co\/zHhvJ4qrrY, dianggap sebagai hatespeech?",tidak
5273,id_hatespeech,id_hatespeech_nusantara_text,74b9b570-f67b-4167-b340-5876404b97f1,hate_or_noHate_zs_noopt_kriteria,train,"Berdasarkan kriteria hatespeech yang ada, apakah pesan yang disampaikan dalam teks berikut: #thw911 Saat Anies-Sandiaga Minta Doa Ustaz untuk Debat Pilkada https:\/\/t.co\/2odlrYteU1, dianggap sebagai hatespeech?",tidak
5274,id_hatespeech,id_hatespeech_nusantara_text,74b9b570-f67b-4167-b340-5876404b97f1,hate_or_noHate_zs_noopt_kriteria,train,"Berdasarkan kriteria hatespeech yang ada, apakah pesan yang disampaikan dalam teks berikut: Jangan pernah lelah mengabdi untuk Indonesia Pak @basuki_btp. #TetapAhok!, dianggap sebagai hatespeech?",tidak
5275,id_hatespeech,id_hatespeech_nusantara_text,74b9b570-f67b-4167-b340-5876404b97f1,hate_or_noHate_zs_noopt_kriteria,train,"Berdasarkan kriteria hatespeech yang ada, apakah pesan yang disampaikan dalam teks berikut: @LaitsSaja Jika Menang, Anies Siap Rangkul Paslon Lain Jika menang dalam kontestasi Pilkada https:\/\/t.co\/KG40YTelWX, dianggap sebagai hatespeech?",tidak
5276,id_hatespeech,id_hatespeech_nusantara_text,74b9b570-f67b-4167-b340-5876404b97f1,hate_or_noHate_zs_noopt_kriteria,train,"Berdasarkan kriteria hatespeech yang ada, apakah pesan yang disampaikan dalam teks berikut: @LaitsSaja TNI-Polri Bersinergi Jaga Keamanan Jelang Pilkada DKI TNI dan Polri terus bersin https:\/\/t.co\/HP77I9lffG, dianggap sebagai hatespeech?",tidak
5277,id_hatespeech,id_hatespeech_nusantara_text,74b9b570-f67b-4167-b340-5876404b97f1,hate_or_noHate_zs_noopt_kriteria,train,"Berdasarkan kriteria hatespeech yang ada, apakah pesan yang disampaikan dalam teks berikut: @novie_wednes72r Bismillah Inshaa ALLAH Agus Sylvi menang Pilkada DKI 1putaran dan jadi pemimpin yg amanah dan mencintai rakyat jakarta., dianggap sebagai hatespeech?",tidak
5278,id_hatespeech,id_hatespeech_nusantara_text,74b9b570-f67b-4167-b340-5876404b97f1,hate_or_noHate_zs_noopt_kriteria,train,"Berdasarkan kriteria hatespeech yang ada, apakah pesan yang disampaikan dalam teks berikut: Trima kasih pak uda bikin jakarta lebih baik selama bapak menjabat...., dianggap sebagai hatespeech?",tidak
5279,id_hatespeech,id_hatespeech_nusantara_text,74b9b570-f67b-4167-b340-5876404b97f1,hate_or_noHate_zs_noopt_kriteria,train,"Berdasarkan kriteria hatespeech yang ada, apakah pesan yang disampaikan dalam teks berikut: @nu_online sikap yang jelas dan tegas demi ketertiban dan keamanan ibu kota negara menjelang pilkada dki jakarta, dianggap sebagai hatespeech?",tidak
5280,id_hatespeech,id_hatespeech_nusantara_text,74b9b570-f67b-4167-b340-5876404b97f1,hate_or_noHate_zs_noopt_kriteria,train,"Berdasarkan kriteria hatespeech yang ada, apakah pesan yang disampaikan dalam teks berikut: Rencana Tuhan lebih baik dari rencana manusia. Mungkin Ahok bs bekerja kebih baik di posisi lain, dianggap sebagai hatespeech?",tidak
5281,id_hatespeech,id_hatespeech_nusantara_text,74b9b570-f67b-4167-b340-5876404b97f1,hate_or_noHate_zs_noopt_kriteria,train,"Berdasarkan kriteria hatespeech yang ada, apakah pesan yang disampaikan dalam teks berikut: walau kalah tp aku tetap merasa terhormat mendukung BADJA #TerimakasihAhok, dianggap sebagai hatespeech?",tidak
5282,id_hatespeech,id_hatespeech_nusantara_text,74b9b570-f67b-4167-b340-5876404b97f1,hate_or_noHate_zs_noopt_kriteria,train,"Berdasarkan kriteria hatespeech yang ada, apakah pesan yang disampaikan dalam teks berikut: Basuki TP Ahok Wawancara informal dengan wartawan Balaikota: https:\/\/t.co\/g7iB5H5RUL, dianggap sebagai hatespeech?",tidak
5283,id_hatespeech,id_hatespeech_nusantara_text,74b9b570-f67b-4167-b340-5876404b97f1,hate_or_noHate_zs_noopt_kriteria,train,"Berdasarkan kriteria hatespeech yang ada, apakah pesan yang disampaikan dalam teks berikut: Terimakasih Pak Ahok @basuki_btp #tetapahok karena kita memang siap kalah, dan selamat buat Gubernur baru, dianggap sebagai hatespeech?",tidak
5284,id_hatespeech,id_hatespeech_nusantara_text,74b9b570-f67b-4167-b340-5876404b97f1,hate_or_noHate_zs_noopt_kriteria,train,"Berdasarkan kriteria hatespeech yang ada, apakah pesan yang disampaikan dalam teks berikut: LUCU !! Yuk Melihat AHOK Promosikan Musik Dangdut Kepada Tamu Mancanegara, dianggap sebagai hatespeech?",tidak
5285,id_hatespeech,id_hatespeech_nusantara_text,74b9b570-f67b-4167-b340-5876404b97f1,hate_or_noHate_zs_noopt_kriteria,train,"Berdasarkan kriteria hatespeech yang ada, apakah pesan yang disampaikan dalam teks berikut: Minggu Tenang Pilkada, Ahok Fokus Kerja di Balai Kota: Peresmian-peresmian RPTRA CSR ditunda., dianggap sebagai hatespeech?",tidak
5286,id_hatespeech,id_hatespeech_nusantara_text,74b9b570-f67b-4167-b340-5876404b97f1,hate_or_noHate_zs_noopt_kriteria,train,"Berdasarkan kriteria hatespeech yang ada, apakah pesan yang disampaikan dalam teks berikut: MANTAB !! AHOK dan Pemprov DKI Jakarta Terjunkan Alat Berat Untuk Keruk Sampah di Waduk Pluit, dianggap sebagai hatespeech?",tidak
5287,id_hatespeech,id_hatespeech_nusantara_text,74b9b570-f67b-4167-b340-5876404b97f1,hate_or_noHate_zs_noopt_kriteria,train,"Berdasarkan kriteria hatespeech yang ada, apakah pesan yang disampaikan dalam teks berikut: Pagi Ini Polrestro Bekasi Gelar Pasukan Pilkada https:\/\/t.co\/ypRv5nNjSb, dianggap sebagai hatespeech?",tidak
5288,id_hatespeech,id_hatespeech_nusantara_text,74b9b570-f67b-4167-b340-5876404b97f1,hate_or_noHate_zs_noopt_kriteria,train,"Berdasarkan kriteria hatespeech yang ada, apakah pesan yang disampaikan dalam teks berikut: Pak @basuki_btp saya hanya bantu menyampaikan. Sbg orang2 di sekitar Pak Ahok bisa menyampaikan ke beliau. @kurawa. #BlusukanAhok #Gue2, dianggap sebagai hatespeech?",tidak
5289,id_hatespeech,id_hatespeech_nusantara_text,74b9b570-f67b-4167-b340-5876404b97f1,hate_or_noHate_zs_noopt_kriteria,train,"Berdasarkan kriteria hatespeech yang ada, apakah pesan yang disampaikan dalam teks berikut: pak ahok kalau anda jadi gubernur jangan lupa anda harus bangun provinsi Jambi buat lahan petani semua, dan jln kreta api jambi, riau, lampung, dianggap sebagai hatespeech?",tidak
5290,id_hatespeech,id_hatespeech_nusantara_text,74b9b570-f67b-4167-b340-5876404b97f1,hate_or_noHate_zs_noopt_kriteria,train,"Berdasarkan kriteria hatespeech yang ada, apakah pesan yang disampaikan dalam teks berikut: Partai Nasdem Optimis Menang di Pilkada Serentak 2017 https:\/\/t.co\/EOAzcxai94, dianggap sebagai hatespeech?",tidak
5291,id_hatespeech,id_hatespeech_nusantara_text,74b9b570-f67b-4167-b340-5876404b97f1,hate_or_noHate_zs_noopt_kriteria,train,"Berdasarkan kriteria hatespeech yang ada, apakah pesan yang disampaikan dalam teks berikut: biar kalah, tetap bangga. Sabar n iklas menerima nya. Masih bnyak jabatan lain untuk pak ahok. #TetapAhok, dianggap sebagai hatespeech?",tidak
5292,id_hatespeech,id_hatespeech_nusantara_text,74b9b570-f67b-4167-b340-5876404b97f1,hate_or_noHate_zs_noopt_kriteria,train,"Berdasarkan kriteria hatespeech yang ada, apakah pesan yang disampaikan dalam teks berikut: Sabar n iklas ya pak. Apa pun hasil nya. Kita tetap dukung. Di mna pun/jabatn apa pun yg bpk emban nanti. #TetapAhok, dianggap sebagai hatespeech?",tidak
5293,id_hatespeech,id_hatespeech_nusantara_text,74b9b570-f67b-4167-b340-5876404b97f1,hate_or_noHate_zs_noopt_kriteria,train,"Berdasarkan kriteria hatespeech yang ada, apakah pesan yang disampaikan dalam teks berikut: Wlaupun kita tak kenal,saya yakini slama ini kamu tlah bkerja kras tuk sebuah nilai yg diperjuangkan., dianggap sebagai hatespeech?",tidak
5294,id_hatespeech,id_hatespeech_nusantara_text,74b9b570-f67b-4167-b340-5876404b97f1,hate_or_noHate_zs_noopt_kriteria,train,"Berdasarkan kriteria hatespeech yang ada, apakah pesan yang disampaikan dalam teks berikut: RT @ahokdijegal: Kita mgk bs mendukung dia dlm hal kejujuran dan niat baik utk melayani warga, tapi gantiin dia dlm hal pekerjaan, dianggap sebagai hatespeech?",tidak
5295,id_hatespeech,id_hatespeech_nusantara_text,74b9b570-f67b-4167-b340-5876404b97f1,hate_or_noHate_zs_noopt_kriteria,train,"Berdasarkan kriteria hatespeech yang ada, apakah pesan yang disampaikan dalam teks berikut: Puluhan Personel Brimob Nunukan Diberangkatkan, Amankan Pilkada di Dua Provinsi, dianggap sebagai hatespeech?",tidak
5296,id_hatespeech,id_hatespeech_nusantara_text,74b9b570-f67b-4167-b340-5876404b97f1,hate_or_noHate_zs_noopt_kriteria,train,"Berdasarkan kriteria hatespeech yang ada, apakah pesan yang disampaikan dalam teks berikut: @basuki_btp sing sabar pak.. Simpen energi bapak untuk bagian lain Indonesia... Gusti Allah mboten sare pak..., dianggap sebagai hatespeech?",tidak
5297,id_hatespeech,id_hatespeech_nusantara_text,74b9b570-f67b-4167-b340-5876404b97f1,hate_or_noHate_zs_noopt_kriteria,train,"Berdasarkan kriteria hatespeech yang ada, apakah pesan yang disampaikan dalam teks berikut: Karena saya memilih dengan sehat maka saya kompensasikan dengan sarapan pagi yang, uhm, secara umum gak sehat. IMPAS, dianggap sebagai hatespeech?",tidak
5298,id_hatespeech,id_hatespeech_nusantara_text,74b9b570-f67b-4167-b340-5876404b97f1,hate_or_noHate_zs_noopt_kriteria,train,"Berdasarkan kriteria hatespeech yang ada, apakah pesan yang disampaikan dalam teks berikut: RT @Aktualco: Mahfud MD Heran, UU Pemda Sangat Jelas Tapi Mendagri Keukeuh Pertahankan Ahok, dianggap sebagai hatespeech?",tidak
5299,id_hatespeech,id_hatespeech_nusantara_text,74b9b570-f67b-4167-b340-5876404b97f1,hate_or_noHate_zs_noopt_kriteria,train,"Berdasarkan kriteria hatespeech yang ada, apakah pesan yang disampaikan dalam teks berikut: RT @AlissaWahid: Tuips, Ibu Sinta Nuriyah tidak pernah mengeluarkan pernyataan terkait pilkada DKI, dianggap sebagai hatespeech?",tidak
5300,id_hatespeech,id_hatespeech_nusantara_text,74b9b570-f67b-4167-b340-5876404b97f1,hate_or_noHate_zs_noopt_kriteria,train,"Berdasarkan kriteria hatespeech yang ada, apakah pesan yang disampaikan dalam teks berikut: RT @AmaliaAmelCute2: Lebih tambah jatuh hati deh jadinya Tak bisa berpaling ke pilihan yg lain Tetap ke pak ahok -Djarotlah yg terbaik, dianggap sebagai hatespeech?",tidak
5301,id_hatespeech,id_hatespeech_nusantara_text,74b9b570-f67b-4167-b340-5876404b97f1,hate_or_noHate_zs_noopt_kriteria,train,"Berdasarkan kriteria hatespeech yang ada, apakah pesan yang disampaikan dalam teks berikut: RT @AnakBaranusa: Yoi... Yang Jelas Pemenagnya itu hanya satu pasang calon, buka dua apa lagi tiga. 1, 2 dan 3 memiliki Peluang yg sama, dianggap sebagai hatespeech?",tidak
5302,id_hatespeech,id_hatespeech_nusantara_text,74b9b570-f67b-4167-b340-5876404b97f1,hate_or_noHate_zs_noopt_kriteria,train,"Berdasarkan kriteria hatespeech yang ada, apakah pesan yang disampaikan dalam teks berikut: RT @AT_AbdillahToha: Aksi 112 tampaknya akan diubah jadi zikir pilkada. Sejauh yg saya tahu, zikir adalah ibadah dekatkan diri ke Allah., dianggap sebagai hatespeech?",tidak
5303,id_hatespeech,id_hatespeech_nusantara_text,74b9b570-f67b-4167-b340-5876404b97f1,hate_or_noHate_zs_noopt_kriteria,train,"Berdasarkan kriteria hatespeech yang ada, apakah pesan yang disampaikan dalam teks berikut: RT @blogdokter: Janganlah karena pilkada dan kepentingan politik sesaat, persahabatan dan persaudaraan kita terputus | Kita adalah saudara., dianggap sebagai hatespeech?",tidak
5304,id_hatespeech,id_hatespeech_nusantara_text,74b9b570-f67b-4167-b340-5876404b97f1,hate_or_noHate_zs_noopt_kriteria,train,"Berdasarkan kriteria hatespeech yang ada, apakah pesan yang disampaikan dalam teks berikut: RT @Brani2000: Pilkada di Beltim di kampung sendiri ahok hanya 33% suara. Di Babel kalah telak. Pilkada di DKI? paling cuma 3% suara, dianggap sebagai hatespeech?",tidak
5305,id_hatespeech,id_hatespeech_nusantara_text,74b9b570-f67b-4167-b340-5876404b97f1,hate_or_noHate_zs_noopt_kriteria,train,"Berdasarkan kriteria hatespeech yang ada, apakah pesan yang disampaikan dalam teks berikut: RT @digembok: Ya allah... Beneran... Pak ahok akhirnya samperin si emak..., dianggap sebagai hatespeech?",tidak
5306,id_hatespeech,id_hatespeech_nusantara_text,74b9b570-f67b-4167-b340-5876404b97f1,hate_or_noHate_zs_noopt_kriteria,train,"Berdasarkan kriteria hatespeech yang ada, apakah pesan yang disampaikan dalam teks berikut: Terimakasih Pak @basukibtp untuk 5 tahunnya, 3 tahun sbg wakil gubernur & 2 tahun sbg gubernur!, dianggap sebagai hatespeech?",tidak
5307,id_hatespeech,id_hatespeech_nusantara_text,74b9b570-f67b-4167-b340-5876404b97f1,hate_or_noHate_zs_noopt_kriteria,train,"Berdasarkan kriteria hatespeech yang ada, apakah pesan yang disampaikan dalam teks berikut: RT @eliya_mkom: kesimpulannya tuips, mari kita menangkan Agus Sylvi SATU Putaran, gak perlu pakai 2 putaran segala, cuma habiskan waktu, dianggap sebagai hatespeech?",tidak
5308,id_hatespeech,id_hatespeech_nusantara_text,74b9b570-f67b-4167-b340-5876404b97f1,hate_or_noHate_zs_noopt_kriteria,train,"Berdasarkan kriteria hatespeech yang ada, apakah pesan yang disampaikan dalam teks berikut: Dan selamat atas kemenangannya untuk bapak Anies & Sandi. Semoga Jakarta bisa bersatu lagi, dianggap sebagai hatespeech?",tidak
5309,id_hatespeech,id_hatespeech_nusantara_text,74b9b570-f67b-4167-b340-5876404b97f1,hate_or_noHate_zs_noopt_kriteria,train,"Berdasarkan kriteria hatespeech yang ada, apakah pesan yang disampaikan dalam teks berikut: Bangga masih memiliki putra bangsa seperti pak Basuki dan pak Jarot., dianggap sebagai hatespeech?",tidak
5310,id_hatespeech,id_hatespeech_nusantara_text,74b9b570-f67b-4167-b340-5876404b97f1,hate_or_noHate_zs_noopt_kriteria,train,"Berdasarkan kriteria hatespeech yang ada, apakah pesan yang disampaikan dalam teks berikut: Temen-temen, apapun pilihannya, masih ada kehidupan setelah pilkada. Mari saling merangkul & saatnya Jakarta maju dan bahagia bersama., dianggap sebagai hatespeech?",tidak
5311,id_hatespeech,id_hatespeech_nusantara_text,74b9b570-f67b-4167-b340-5876404b97f1,hate_or_noHate_zs_noopt_kriteria,train,"Berdasarkan kriteria hatespeech yang ada, apakah pesan yang disampaikan dalam teks berikut: Selamat atas status barunya pak #Aniessandi, semangat ya pak, semoga semua sesuai dengan janjinya, dianggap sebagai hatespeech?",tidak
5312,id_hatespeech,id_hatespeech_nusantara_text,74b9b570-f67b-4167-b340-5876404b97f1,hate_or_noHate_zs_noopt_kriteria,train,"Berdasarkan kriteria hatespeech yang ada, apakah pesan yang disampaikan dalam teks berikut: Pak ahok @basukibtp tetep semangat yaaa, saya akan selalu menghargai kerja keras bapak dan saya ucapkan selamat atas kemenangan paslon nomor 3 yaitu #AniesSandi!, dianggap sebagai hatespeech?",tidak
5313,id_hatespeech,id_hatespeech_nusantara_text,74b9b570-f67b-4167-b340-5876404b97f1,hate_or_noHate_zs_noopt_kriteria,train,"Berdasarkan kriteria hatespeech yang ada, apakah pesan yang disampaikan dalam teks berikut: Terima kasih pak ahok pak djarot kami bangga perna di pimpin sama bapak berdua...tetap semangat...sukses terus pak, dianggap sebagai hatespeech?",tidak
5314,id_hatespeech,id_hatespeech_nusantara_text,74b9b570-f67b-4167-b340-5876404b97f1,hate_or_noHate_zs_noopt_kriteria,train,"Berdasarkan kriteria hatespeech yang ada, apakah pesan yang disampaikan dalam teks berikut: Terima kasih Pak Ahok-Djarot telah bersama kami beberapa tahun ini, dianggap sebagai hatespeech?",tidak
5315,id_hatespeech,id_hatespeech_nusantara_text,74b9b570-f67b-4167-b340-5876404b97f1,hate_or_noHate_zs_noopt_kriteria,train,"Berdasarkan kriteria hatespeech yang ada, apakah pesan yang disampaikan dalam teks berikut: RT @FerpuAdvocates: Sumarsono: Gaya Pak Ahok yg Kerja Keras Patut Dicontoh dan itu Bagus!!!, dianggap sebagai hatespeech?",tidak
5316,id_hatespeech,id_hatespeech_nusantara_text,74b9b570-f67b-4167-b340-5876404b97f1,hate_or_noHate_zs_noopt_kriteria,train,"Berdasarkan kriteria hatespeech yang ada, apakah pesan yang disampaikan dalam teks berikut: RT @Franstone888: Klo semua mau jujur dan pake hati nurani, Ahok adlh yg terbaik buat Jakarta. Gubernur yg jujur dan benar2 perhatian pd warga, dianggap sebagai hatespeech?",tidak
5317,id_hatespeech,id_hatespeech_nusantara_text,74b9b570-f67b-4167-b340-5876404b97f1,hate_or_noHate_zs_noopt_kriteria,train,"Berdasarkan kriteria hatespeech yang ada, apakah pesan yang disampaikan dalam teks berikut: Pak Ahok the best aku salut sama pak orang nya sabar dengan cobaan dari tuhan Pak Ahok is the best, dianggap sebagai hatespeech?",tidak
5318,id_hatespeech,id_hatespeech_nusantara_text,74b9b570-f67b-4167-b340-5876404b97f1,hate_or_noHate_zs_noopt_kriteria,train,"Berdasarkan kriteria hatespeech yang ada, apakah pesan yang disampaikan dalam teks berikut: RT @hariadhi: Makasih Pak Ahok, sudah ajarkan kami makna peduli sama rakyat. Andai di masa depan saya dpt kesempatan, dianggap sebagai hatespeech?",tidak
5319,id_hatespeech,id_hatespeech_nusantara_text,74b9b570-f67b-4167-b340-5876404b97f1,hate_or_noHate_zs_noopt_kriteria,train,"Berdasarkan kriteria hatespeech yang ada, apakah pesan yang disampaikan dalam teks berikut: RT @IpungLombok: Hadeuuuh.. Kenapa jadi gaduh gini Pilkada DKI ya... Padahal Pilkada serentak 2015 lalu aman aman saja?, dianggap sebagai hatespeech?",tidak
5320,id_hatespeech,id_hatespeech_nusantara_text,74b9b570-f67b-4167-b340-5876404b97f1,hate_or_noHate_zs_noopt_kriteria,train,"Berdasarkan kriteria hatespeech yang ada, apakah pesan yang disampaikan dalam teks berikut: RT @MbakNevi: Masyarakat Transportasi Jakarta dukung Ahok-Djarot, https:\/\/t.co\/7fdwk8XvCB, dianggap sebagai hatespeech?",tidak
5321,id_hatespeech,id_hatespeech_nusantara_text,74b9b570-f67b-4167-b340-5876404b97f1,hate_or_noHate_zs_noopt_kriteria,train,"Berdasarkan kriteria hatespeech yang ada, apakah pesan yang disampaikan dalam teks berikut: Saya sudah tidak tertarik melihat Debat Pilkada DKI, namun ada yang menarik. Salah satu Cagub sering mengepalkan tangan pada saat menjelas, dianggap sebagai hatespeech?",tidak
5322,id_hatespeech,id_hatespeech_nusantara_text,74b9b570-f67b-4167-b340-5876404b97f1,hate_or_noHate_zs_noopt_kriteria,train,"Berdasarkan kriteria hatespeech yang ada, apakah pesan yang disampaikan dalam teks berikut: Semangat terus. Maju terus di dalam TUHAN. God Bless you more and forever bpk ahok dan family, dianggap sebagai hatespeech?",tidak
5323,id_hatespeech,id_hatespeech_nusantara_text,74b9b570-f67b-4167-b340-5876404b97f1,hate_or_noHate_zs_noopt_kriteria,train,"Berdasarkan kriteria hatespeech yang ada, apakah pesan yang disampaikan dalam teks berikut: Selamat bertugas pak Anis, semoga Jakarta menjadi lebih baik lagi!, dianggap sebagai hatespeech?",tidak
5324,id_hatespeech,id_hatespeech_nusantara_text,74b9b570-f67b-4167-b340-5876404b97f1,hate_or_noHate_zs_noopt_kriteria,train,"Berdasarkan kriteria hatespeech yang ada, apakah pesan yang disampaikan dalam teks berikut: @aniesbaswedan @sandiuno selamat ya pak, kami tunggu program terealisasi. Jangan kecewakan Jakarta, dianggap sebagai hatespeech?",tidak
5325,id_hatespeech,id_hatespeech_nusantara_text,74b9b570-f67b-4167-b340-5876404b97f1,hate_or_noHate_zs_noopt_kriteria,train,"Berdasarkan kriteria hatespeech yang ada, apakah pesan yang disampaikan dalam teks berikut: Saya selalu mendoakan yg terbaik untk bapak dan bapak juga mendapatkan banyak ucapan dari saudara di gaza palestina, dianggap sebagai hatespeech?",tidak
5326,id_hatespeech,id_hatespeech_nusantara_text,74b9b570-f67b-4167-b340-5876404b97f1,hate_or_noHate_zs_noopt_kriteria,train,"Berdasarkan kriteria hatespeech yang ada, apakah pesan yang disampaikan dalam teks berikut: Selamat untk bpk @aniesbaswedan & @sandiagauno atas kemenangannya. Semoga allah memberkahi disetiap langkah yg bapak ambil aminnn salam3jari, dianggap sebagai hatespeech?",tidak
5327,id_hatespeech,id_hatespeech_nusantara_text,74b9b570-f67b-4167-b340-5876404b97f1,hate_or_noHate_zs_noopt_kriteria,train,"Berdasarkan kriteria hatespeech yang ada, apakah pesan yang disampaikan dalam teks berikut: RT @netmediatama: Mereka telah siap berikan yang terbaik di ajang debat terbuka!, dianggap sebagai hatespeech?",tidak
5328,id_hatespeech,id_hatespeech_nusantara_text,74b9b570-f67b-4167-b340-5876404b97f1,hate_or_noHate_zs_noopt_kriteria,train,"Berdasarkan kriteria hatespeech yang ada, apakah pesan yang disampaikan dalam teks berikut: Pak anies dan pak @sandiuno selamat ya sudah terpilih jd gubernur dan wagub Jakarta., dianggap sebagai hatespeech?",tidak
5329,id_hatespeech,id_hatespeech_nusantara_text,74b9b570-f67b-4167-b340-5876404b97f1,hate_or_noHate_zs_noopt_kriteria,train,"Berdasarkan kriteria hatespeech yang ada, apakah pesan yang disampaikan dalam teks berikut: RT @PartaiSocmed: Kejahatan perbankan yg di spin oleh tim AHY untuk kepentingan pilkada, dianggap sebagai hatespeech?",tidak
5330,id_hatespeech,id_hatespeech_nusantara_text,74b9b570-f67b-4167-b340-5876404b97f1,hate_or_noHate_zs_noopt_kriteria,train,"Berdasarkan kriteria hatespeech yang ada, apakah pesan yang disampaikan dalam teks berikut: RT @swamediumcom: Agus-Sylvi Diprediksi Maju di Putaran Kedua Pilkada DKI versi Survey GRP, dianggap sebagai hatespeech?",tidak
5331,id_hatespeech,id_hatespeech_nusantara_text,74b9b570-f67b-4167-b340-5876404b97f1,hate_or_noHate_zs_noopt_kriteria,train,"Berdasarkan kriteria hatespeech yang ada, apakah pesan yang disampaikan dalam teks berikut: RT @temanAhok: Alhamdulillah sambutan antusias warga di tiap blusukan pak Ahok selalu real. Ngga ada settingan., dianggap sebagai hatespeech?",tidak
5332,id_hatespeech,id_hatespeech_nusantara_text,74b9b570-f67b-4167-b340-5876404b97f1,hate_or_noHate_zs_noopt_kriteria,train,"Berdasarkan kriteria hatespeech yang ada, apakah pesan yang disampaikan dalam teks berikut: Sampai detik ini pak ahok masih harapan terbesar saya #prayforjakarta, dianggap sebagai hatespeech?",tidak
5333,id_hatespeech,id_hatespeech_nusantara_text,74b9b570-f67b-4167-b340-5876404b97f1,hate_or_noHate_zs_noopt_kriteria,train,"Berdasarkan kriteria hatespeech yang ada, apakah pesan yang disampaikan dalam teks berikut: Tuhan punya rencana yg indah buat Pak Ahok dan Pak Djarot, dianggap sebagai hatespeech?",tidak
5334,id_hatespeech,id_hatespeech_nusantara_text,74b9b570-f67b-4167-b340-5876404b97f1,hate_or_noHate_zs_noopt_kriteria,train,"Berdasarkan kriteria hatespeech yang ada, apakah pesan yang disampaikan dalam teks berikut: Selamat dan terima kasih banyak untuk pak Ahok dan pak Djarot yg sudah menunjukan bahwa negara ini masih punya orang2 baik, dianggap sebagai hatespeech?",tidak
5335,id_hatespeech,id_hatespeech_nusantara_text,74b9b570-f67b-4167-b340-5876404b97f1,hate_or_noHate_zs_noopt_kriteria,train,"Berdasarkan kriteria hatespeech yang ada, apakah pesan yang disampaikan dalam teks berikut: Terima kasih pak atas segala kebaikan untuk jakarta yang sudah kalian tancapkan di hati warga jakarta, dianggap sebagai hatespeech?",tidak
5336,id_hatespeech,id_hatespeech_nusantara_text,74b9b570-f67b-4167-b340-5876404b97f1,hate_or_noHate_zs_noopt_kriteria,train,"Berdasarkan kriteria hatespeech yang ada, apakah pesan yang disampaikan dalam teks berikut: Pasti bapak anies sandi kemungkinan besar menang, dianggap sebagai hatespeech?",tidak
5337,id_hatespeech,id_hatespeech_nusantara_text,74b9b570-f67b-4167-b340-5876404b97f1,hate_or_noHate_zs_noopt_kriteria,train,"Berdasarkan kriteria hatespeech yang ada, apakah pesan yang disampaikan dalam teks berikut: Terima kasih. Kepada pendukung kami, percayalah... Tuhan tahu yang terbaik. #JakartaPunyaSemua, dianggap sebagai hatespeech?",tidak
5338,id_hatespeech,id_hatespeech_nusantara_text,74b9b570-f67b-4167-b340-5876404b97f1,hate_or_noHate_zs_noopt_kriteria,train,"Berdasarkan kriteria hatespeech yang ada, apakah pesan yang disampaikan dalam teks berikut: Gubernur dan wakil gubernur terbaik yang pernah jakarta miliki., dianggap sebagai hatespeech?",tidak
5339,id_hatespeech,id_hatespeech_nusantara_text,74b9b570-f67b-4167-b340-5876404b97f1,hate_or_noHate_zs_noopt_kriteria,train,"Berdasarkan kriteria hatespeech yang ada, apakah pesan yang disampaikan dalam teks berikut: RT @triwul82: Jelang Akhir Masa Tugas, Plt Gubernur DKI Akui Kinerja Ahok https:\/\/t.co\/04ihgI5cwZ, dianggap sebagai hatespeech?",tidak
5340,id_hatespeech,id_hatespeech_nusantara_text,74b9b570-f67b-4167-b340-5876404b97f1,hate_or_noHate_zs_noopt_kriteria,train,"Berdasarkan kriteria hatespeech yang ada, apakah pesan yang disampaikan dalam teks berikut: RT @Wolfcrime: Pendukung yang Telah Dibaiat tapi Tak Pilih Agus-Sylvi Akan Terima Risikonya, dianggap sebagai hatespeech?",tidak
5341,id_hatespeech,id_hatespeech_nusantara_text,74b9b570-f67b-4167-b340-5876404b97f1,hate_or_noHate_zs_noopt_kriteria,train,"Berdasarkan kriteria hatespeech yang ada, apakah pesan yang disampaikan dalam teks berikut: Mutiara tetap mutiara Pak Ahok Djarot. Tuhan pny rencana yg lebih dahsyat utk Bapak ber2 utk Indonesia. Maju terus., dianggap sebagai hatespeech?",tidak
5342,id_hatespeech,id_hatespeech_nusantara_text,74b9b570-f67b-4167-b340-5876404b97f1,hate_or_noHate_zs_noopt_kriteria,train,"Berdasarkan kriteria hatespeech yang ada, apakah pesan yang disampaikan dalam teks berikut: Tuhan percayakan hal yang lebih Besar lagi kepada Pak Ahok selain hanya menjadi Gubernur Dki jakarta., dianggap sebagai hatespeech?",tidak
5343,id_hatespeech,id_hatespeech_nusantara_text,74b9b570-f67b-4167-b340-5876404b97f1,hate_or_noHate_zs_noopt_kriteria,train,"Berdasarkan kriteria hatespeech yang ada, apakah pesan yang disampaikan dalam teks berikut: I LOVE YOU PAK AHOK.AKU HANYA BISA BERDOA SEMOGA TUHAN MEMBERKATI. SALAM 2 JARI UNTUK PA AHOK I LOVE YOU, dianggap sebagai hatespeech?",tidak
5344,id_hatespeech,id_hatespeech_nusantara_text,74b9b570-f67b-4167-b340-5876404b97f1,hate_or_noHate_zs_noopt_kriteria,train,"Berdasarkan kriteria hatespeech yang ada, apakah pesan yang disampaikan dalam teks berikut: Survei Terbaru: Anies-Sandi Melejit Jauh Tinggalkan Ahok-Djarot https:\/\/t.co\/2IHhuzPsbF, dianggap sebagai hatespeech?",tidak
5345,id_hatespeech,id_hatespeech_nusantara_text,74b9b570-f67b-4167-b340-5876404b97f1,hate_or_noHate_zs_noopt_kriteria,train,"Berdasarkan kriteria hatespeech yang ada, apakah pesan yang disampaikan dalam teks berikut: Aku akui pak ahok itu tangguh sekali dan apa adanya, dianggap sebagai hatespeech?",tidak
5346,id_hatespeech,id_hatespeech_nusantara_text,74b9b570-f67b-4167-b340-5876404b97f1,hate_or_noHate_zs_noopt_kriteria,train,"Berdasarkan kriteria hatespeech yang ada, apakah pesan yang disampaikan dalam teks berikut: saya selalu mendukung dan berdoa untukmu ahokdjarot terimakasih, dianggap sebagai hatespeech?",tidak
5347,id_hatespeech,id_hatespeech_nusantara_text,74b9b570-f67b-4167-b340-5876404b97f1,hate_or_noHate_zs_noopt_kriteria,train,"Berdasarkan kriteria hatespeech yang ada, apakah pesan yang disampaikan dalam teks berikut: Meski Badj tak lagi menjadi pelayan rakyat...kami selalu berdoa terbaik buat Badja. Kami bangga pernah memiliki kalian., dianggap sebagai hatespeech?",tidak
5348,id_hatespeech,id_hatespeech_nusantara_text,74b9b570-f67b-4167-b340-5876404b97f1,hate_or_noHate_zs_noopt_kriteria,train,"Berdasarkan kriteria hatespeech yang ada, apakah pesan yang disampaikan dalam teks berikut: Mudah2han pak ahok jadi nomor satu di Indonesia, dianggap sebagai hatespeech?",tidak
5349,id_hatespeech,id_hatespeech_nusantara_text,74b9b570-f67b-4167-b340-5876404b97f1,hate_or_noHate_zs_noopt_kriteria,train,"Berdasarkan kriteria hatespeech yang ada, apakah pesan yang disampaikan dalam teks berikut: TPS Paslon Pilkada DKI Akan Dijaga Ketat, dianggap sebagai hatespeech?",tidak
5350,id_hatespeech,id_hatespeech_nusantara_text,74b9b570-f67b-4167-b340-5876404b97f1,hate_or_noHate_zs_noopt_kriteria,train,"Berdasarkan kriteria hatespeech yang ada, apakah pesan yang disampaikan dalam teks berikut: saya bukan penduduk jakarta. tapi saya kagum pada sosok ahok dan jarot.allah memang punya rencana lain.selamat pada beliau, dianggap sebagai hatespeech?",tidak
5351,id_hatespeech,id_hatespeech_nusantara_text,74b9b570-f67b-4167-b340-5876404b97f1,hate_or_noHate_zs_noopt_kriteria,train,"Berdasarkan kriteria hatespeech yang ada, apakah pesan yang disampaikan dalam teks berikut: Pak anies tolong bongkar lagi masjid yg di bangun pak ahok di daan mogot, dianggap sebagai hatespeech?",tidak
5352,id_hatespeech,id_hatespeech_nusantara_text,74b9b570-f67b-4167-b340-5876404b97f1,hate_or_noHate_zs_noopt_kriteria,train,"Berdasarkan kriteria hatespeech yang ada, apakah pesan yang disampaikan dalam teks berikut: Yang blm pada move on mending bsk piknik aja mumpung long weekend hehehe, dianggap sebagai hatespeech?",tidak
5353,id_hatespeech,id_hatespeech_nusantara_text,74b9b570-f67b-4167-b340-5876404b97f1,hate_or_noHate_zs_noopt_kriteria,train,"Berdasarkan kriteria hatespeech yang ada, apakah pesan yang disampaikan dalam teks berikut: Semoga bapak bisa meneladani sosok bang yos gubernur jakarta yang sangat cinta @persijajkt, dianggap sebagai hatespeech?",tidak
5354,id_hatespeech,id_hatespeech_nusantara_text,74b9b570-f67b-4167-b340-5876404b97f1,hate_or_noHate_zs_noopt_kriteria,train,"Berdasarkan kriteria hatespeech yang ada, apakah pesan yang disampaikan dalam teks berikut: Pemimpin yg baik pemimpin yg mengerti akan jiwa pemuda, lanjutkan pak @aniesbaswedan, dianggap sebagai hatespeech?",tidak
5355,id_hatespeech,id_hatespeech_nusantara_text,74b9b570-f67b-4167-b340-5876404b97f1,hate_or_noHate_zs_noopt_kriteria,train,"Berdasarkan kriteria hatespeech yang ada, apakah pesan yang disampaikan dalam teks berikut: kami disini mendulungmu untuk jakarta yg maju bukan hanya ekonomi nya tapi juga prestasi sepakbola nya, dianggap sebagai hatespeech?",tidak
5356,id_hatespeech,id_hatespeech_nusantara_text,74b9b570-f67b-4167-b340-5876404b97f1,hate_or_noHate_zs_noopt_kriteria,train,"Berdasarkan kriteria hatespeech yang ada, apakah pesan yang disampaikan dalam teks berikut: Negara kita negara BHINEKA TUNGGAL IKA. jadi ga liat pemimpin dengan agama ,ras ,budaya, dianggap sebagai hatespeech?",tidak
5357,id_hatespeech,id_hatespeech_nusantara_text,74b9b570-f67b-4167-b340-5876404b97f1,hate_or_noHate_zs_noopt_kriteria,train,"Berdasarkan kriteria hatespeech yang ada, apakah pesan yang disampaikan dalam teks berikut: pak @aniesbaswedan kami disini mendulungmu untuk jakarta yg maju bukan hanya ekonomi nya tapi juga prestasi sepakbola nya, dianggap sebagai hatespeech?",tidak
5358,id_hatespeech,id_hatespeech_nusantara_text,74b9b570-f67b-4167-b340-5876404b97f1,hate_or_noHate_zs_noopt_kriteria,train,"Berdasarkan kriteria hatespeech yang ada, apakah pesan yang disampaikan dalam teks berikut: Gw yakin suatu saat pasti Pak @basuki_btp akan ada patungnya sebagai tanda jasa entah itu di indo atau di madame tussaud., dianggap sebagai hatespeech?",tidak
5359,id_hatespeech,id_hatespeech_nusantara_text,74b9b570-f67b-4167-b340-5876404b97f1,hate_or_noHate_zs_noopt_kriteria,train,"Berdasarkan kriteria hatespeech yang ada, apakah pesan yang disampaikan dalam teks berikut: Doa itu sebaiknya yg baik2. Karena Tuhan juga baik. Klo doa jelek jahat, akan berbalik ke diri yg mendoakan loh, dianggap sebagai hatespeech?",tidak
5360,id_hatespeech,id_hatespeech_nusantara_text,74b9b570-f67b-4167-b340-5876404b97f1,hate_or_noHate_zs_noopt_kriteria,train,"Berdasarkan kriteria hatespeech yang ada, apakah pesan yang disampaikan dalam teks berikut: #badja Jakarta tidak butuh kalian lagi, tapi Indonesia menunggu untuk pengabdian kalian., dianggap sebagai hatespeech?",tidak
5361,id_hatespeech,id_hatespeech_nusantara_text,74b9b570-f67b-4167-b340-5876404b97f1,hate_or_noHate_zs_noopt_kriteria,train,"Berdasarkan kriteria hatespeech yang ada, apakah pesan yang disampaikan dalam teks berikut: Artikel saya untuk Mas @pandji. Dari reklamasi, penggusuran, DP 0 Rupiah, OKE OCE, hingga ""figur pemersatu""., dianggap sebagai hatespeech?",tidak
5362,id_hatespeech,id_hatespeech_nusantara_text,74b9b570-f67b-4167-b340-5876404b97f1,hate_or_noHate_zs_noopt_kriteria,train,"Berdasarkan kriteria hatespeech yang ada, apakah pesan yang disampaikan dalam teks berikut: #BesokGueAhok Karena Terbukti Dan Teruji Dari Segi Kerjanya,Ahok Untuk DKI Jakarta Lebih Baik Kemudian #TetapAhok, dianggap sebagai hatespeech?",tidak
5363,id_hatespeech,id_hatespeech_nusantara_text,74b9b570-f67b-4167-b340-5876404b97f1,hate_or_noHate_zs_noopt_kriteria,train,"Berdasarkan kriteria hatespeech yang ada, apakah pesan yang disampaikan dalam teks berikut: ga tinggal di Jakarta sih, tp 1 rumah ngotot banget dukung Pak @basuki_btp!, dianggap sebagai hatespeech?",tidak
5364,id_hatespeech,id_hatespeech_nusantara_text,74b9b570-f67b-4167-b340-5876404b97f1,hate_or_noHate_zs_noopt_kriteria,train,"Berdasarkan kriteria hatespeech yang ada, apakah pesan yang disampaikan dalam teks berikut: Semangat Pilkada! Untukmu pilihanmu dan untukku pilihanku #tetapahok, dianggap sebagai hatespeech?",tidak
5365,id_hatespeech,id_hatespeech_nusantara_text,74b9b570-f67b-4167-b340-5876404b97f1,hate_or_noHate_zs_noopt_kriteria,train,"Berdasarkan kriteria hatespeech yang ada, apakah pesan yang disampaikan dalam teks berikut: Tapi perbedaan vital di reklamasi sama perumahan, justru gak bisa berkutik sama sekali., dianggap sebagai hatespeech?",tidak
5366,id_hatespeech,id_hatespeech_nusantara_text,74b9b570-f67b-4167-b340-5876404b97f1,hate_or_noHate_zs_noopt_kriteria,train,"Berdasarkan kriteria hatespeech yang ada, apakah pesan yang disampaikan dalam teks berikut: Sabar dulu jgn tergesa2 nagih, beliau belum dilantik baru bulan Oktober nanti., dianggap sebagai hatespeech?",tidak
5367,id_hatespeech,id_hatespeech_nusantara_text,74b9b570-f67b-4167-b340-5876404b97f1,hate_or_noHate_zs_noopt_kriteria,train,"Berdasarkan kriteria hatespeech yang ada, apakah pesan yang disampaikan dalam teks berikut: Pak @aniesbaswedan knpa ngga mampir dulu ke tempat saya. Orangtua saya ngefans bgt, dianggap sebagai hatespeech?",tidak
5368,id_hatespeech,id_hatespeech_nusantara_text,74b9b570-f67b-4167-b340-5876404b97f1,hate_or_noHate_zs_noopt_kriteria,train,"Berdasarkan kriteria hatespeech yang ada, apakah pesan yang disampaikan dalam teks berikut: Semoga @persijajkt lebih maju dengan adanya gubernur era baru., dianggap sebagai hatespeech?",tidak
5369,id_hatespeech,id_hatespeech_nusantara_text,74b9b570-f67b-4167-b340-5876404b97f1,hate_or_noHate_zs_noopt_kriteria,train,"Berdasarkan kriteria hatespeech yang ada, apakah pesan yang disampaikan dalam teks berikut: Tetap di masyarakat jakarta dan selalu membuat jakarta lebih baik.Dan hasilnya pun sudah terbukti, dianggap sebagai hatespeech?",tidak
5370,id_hatespeech,id_hatespeech_nusantara_text,74b9b570-f67b-4167-b340-5876404b97f1,hate_or_noHate_zs_noopt_kriteria,train,"Berdasarkan kriteria hatespeech yang ada, apakah pesan yang disampaikan dalam teks berikut: saya sebagai masyarakat jakarta salut terhadap kepemimpinan pak ahok., dianggap sebagai hatespeech?",tidak
5371,id_hatespeech,id_hatespeech_nusantara_text,74b9b570-f67b-4167-b340-5876404b97f1,hate_or_noHate_zs_noopt_kriteria,train,"Berdasarkan kriteria hatespeech yang ada, apakah pesan yang disampaikan dalam teks berikut: Semua sayang ahok. Saya berharap ahok bisa jadi presiden selanjutnya bersama pak jokowi., dianggap sebagai hatespeech?",tidak
5372,id_hatespeech,id_hatespeech_nusantara_text,74b9b570-f67b-4167-b340-5876404b97f1,hate_or_noHate_zs_noopt_kriteria,train,"Berdasarkan kriteria hatespeech yang ada, apakah pesan yang disampaikan dalam teks berikut: Bukan lagi milik jakarta lagi ahok tapi milik kita untuk membangun jakarta lebih baik, dianggap sebagai hatespeech?",tidak
5373,id_hatespeech,id_hatespeech_nusantara_text,74b9b570-f67b-4167-b340-5876404b97f1,hate_or_noHate_zs_noopt_kriteria,train,"Berdasarkan kriteria hatespeech yang ada, apakah pesan yang disampaikan dalam teks berikut: Pak Ahok, jadi cagub di Bekasi aja ya pak... Bekasi mau dipimpin orang seperti bapak, biar ada perubahan lebih baik @basukibtp, dianggap sebagai hatespeech?",tidak
5374,id_hatespeech,id_hatespeech_nusantara_text,74b9b570-f67b-4167-b340-5876404b97f1,hate_or_noHate_zs_noopt_kriteria,train,"Berdasarkan kriteria hatespeech yang ada, apakah pesan yang disampaikan dalam teks berikut: Kekalahan Ahok adalah kemunduran peradaban di Indonesia. Selamat datang radikalisme. Akal sehat sudah tidak ada dinegara ini., dianggap sebagai hatespeech?",tidak
5375,id_hatespeech,id_hatespeech_nusantara_text,74b9b570-f67b-4167-b340-5876404b97f1,hate_or_noHate_zs_noopt_kriteria,train,"Berdasarkan kriteria hatespeech yang ada, apakah pesan yang disampaikan dalam teks berikut: Semangat pak ahok , bapak sudah berjuang sekuat tenaga dan sudah berusaha melakukan yang terbaik, terima kasih pak, dianggap sebagai hatespeech?",tidak
5376,id_hatespeech,id_hatespeech_nusantara_text,74b9b570-f67b-4167-b340-5876404b97f1,hate_or_noHate_zs_noopt_kriteria,train,"Berdasarkan kriteria hatespeech yang ada, apakah pesan yang disampaikan dalam teks berikut: Terima Kasih pak sudah mengabdi dijakarta dengan segudang permintaan warga., dianggap sebagai hatespeech?",tidak
5377,id_hatespeech,id_hatespeech_nusantara_text,74b9b570-f67b-4167-b340-5876404b97f1,hate_or_noHate_zs_noopt_kriteria,train,"Berdasarkan kriteria hatespeech yang ada, apakah pesan yang disampaikan dalam teks berikut: Mungkin ada kata kata yang menyakitkan ya pak, tapi semoga itu menjadi semangat untuk bapak kedepannya., dianggap sebagai hatespeech?",tidak
5378,id_hatespeech,id_hatespeech_nusantara_text,74b9b570-f67b-4167-b340-5876404b97f1,hate_or_noHate_zs_noopt_kriteria,train,"Berdasarkan kriteria hatespeech yang ada, apakah pesan yang disampaikan dalam teks berikut: Walaupun bapak tidak menang. Tapi saya menikmati kerja keras bapak selama menjabat. Terima kasih untuk bapak ahok., dianggap sebagai hatespeech?",tidak
5379,id_hatespeech,id_hatespeech_nusantara_text,74b9b570-f67b-4167-b340-5876404b97f1,hate_or_noHate_zs_noopt_kriteria,train,"Berdasarkan kriteria hatespeech yang ada, apakah pesan yang disampaikan dalam teks berikut: miris ya pak ahok...sukses slalu buat my idola pak ahok, dianggap sebagai hatespeech?",tidak
5380,id_hatespeech,id_hatespeech_nusantara_text,74b9b570-f67b-4167-b340-5876404b97f1,hate_or_noHate_zs_noopt_kriteria,train,"Berdasarkan kriteria hatespeech yang ada, apakah pesan yang disampaikan dalam teks berikut: Gue lebih suka Ahok bantuin Jokowi ngurusin Indonesia agar lebih cepet maju, bukan hanya Jakarta., dianggap sebagai hatespeech?",tidak
5381,id_hatespeech,id_hatespeech_nusantara_text,74b9b570-f67b-4167-b340-5876404b97f1,hate_or_noHate_zs_noopt_kriteria,train,"Berdasarkan kriteria hatespeech yang ada, apakah pesan yang disampaikan dalam teks berikut: Pak kok saya pngn peluk bapak sambil bilang "" pak tetap semangat ya, saya selalu mendoakan yg terbaik untuk bapak"", dianggap sebagai hatespeech?",tidak
5382,id_hatespeech,id_hatespeech_nusantara_text,74b9b570-f67b-4167-b340-5876404b97f1,hate_or_noHate_zs_noopt_kriteria,train,"Berdasarkan kriteria hatespeech yang ada, apakah pesan yang disampaikan dalam teks berikut: aya bukan warga jakarta tp saya sering ke jakarta.....saya bangga jakarta pernah di pegang bapak. Jadi rapih pak sekarang....., dianggap sebagai hatespeech?",tidak
5383,id_hatespeech,id_hatespeech_nusantara_text,74b9b570-f67b-4167-b340-5876404b97f1,hate_or_noHate_zs_noopt_kriteria,train,"Berdasarkan kriteria hatespeech yang ada, apakah pesan yang disampaikan dalam teks berikut: Maka seyogyanya pilihanku #TetapAhok karna terlihat pencerahan pd sistem birokrasi., dianggap sebagai hatespeech?",tidak
5384,id_hatespeech,id_hatespeech_nusantara_text,74b9b570-f67b-4167-b340-5876404b97f1,hate_or_noHate_zs_noopt_kriteria,train,"Berdasarkan kriteria hatespeech yang ada, apakah pesan yang disampaikan dalam teks berikut: Pak ahok tetap menjadi gubenur dihatiku ...., dianggap sebagai hatespeech?",tidak
5385,id_hatespeech,id_hatespeech_nusantara_text,74b9b570-f67b-4167-b340-5876404b97f1,hate_or_noHate_zs_noopt_kriteria,train,"Berdasarkan kriteria hatespeech yang ada, apakah pesan yang disampaikan dalam teks berikut: Dari lahir di Jakarta sampe detik ini baru gue liat kali & pintu air Manggarai bersih dari sampah ya pas jaman Jokowi sampe Ahok. #TetapAhok, dianggap sebagai hatespeech?",tidak
5386,id_hatespeech,id_hatespeech_nusantara_text,74b9b570-f67b-4167-b340-5876404b97f1,hate_or_noHate_zs_noopt_kriteria,train,"Berdasarkan kriteria hatespeech yang ada, apakah pesan yang disampaikan dalam teks berikut: Gpp kalah. mungkin belom rejekinya ya pak. Bagi kami bapak tetap pemimpin yang jujur. Tetap berkarya nyata, dianggap sebagai hatespeech?",tidak
5387,id_hatespeech,id_hatespeech_nusantara_text,74b9b570-f67b-4167-b340-5876404b97f1,hate_or_noHate_zs_noopt_kriteria,train,"Berdasarkan kriteria hatespeech yang ada, apakah pesan yang disampaikan dalam teks berikut: Selama 20 tahun tinggal di Jakarta, baru 5 tahun terakhir benar-benar terasa perubahan dan sadar kalau itu akitbat gubernurnya., dianggap sebagai hatespeech?",tidak
5388,id_hatespeech,id_hatespeech_nusantara_text,74b9b570-f67b-4167-b340-5876404b97f1,hate_or_noHate_zs_noopt_kriteria,train,"Berdasarkan kriteria hatespeech yang ada, apakah pesan yang disampaikan dalam teks berikut: Aku cinta Pak Ahok. Terimakasih ya Pak atas jasa-jasa dan kerja nyatanya selama 5 tahun terakhir., dianggap sebagai hatespeech?",tidak
5389,id_hatespeech,id_hatespeech_nusantara_text,74b9b570-f67b-4167-b340-5876404b97f1,hate_or_noHate_zs_noopt_kriteria,train,"Berdasarkan kriteria hatespeech yang ada, apakah pesan yang disampaikan dalam teks berikut: Tetap semangat pak ahok.... terimakasih atas semua yg anda berikan untuk jakarta. sukses selalu buat pak ahok., dianggap sebagai hatespeech?",tidak
5390,id_hatespeech,id_hatespeech_nusantara_text,74b9b570-f67b-4167-b340-5876404b97f1,hate_or_noHate_zs_noopt_kriteria,train,"Berdasarkan kriteria hatespeech yang ada, apakah pesan yang disampaikan dalam teks berikut: Pak ahok kita tetap mendukung apapun yang terjadi, dianggap sebagai hatespeech?",tidak
5391,id_hatespeech,id_hatespeech_nusantara_text,74b9b570-f67b-4167-b340-5876404b97f1,hate_or_noHate_zs_noopt_kriteria,train,"Berdasarkan kriteria hatespeech yang ada, apakah pesan yang disampaikan dalam teks berikut: Terima kasih banyak buat kinerja keras dari Pak Ahok dan team selama memimpin DKI Jakarta. Tetap semangat selalu Pak. God Bless Bapak & Family., dianggap sebagai hatespeech?",tidak
5392,id_hatespeech,id_hatespeech_nusantara_text,74b9b570-f67b-4167-b340-5876404b97f1,hate_or_noHate_zs_noopt_kriteria,train,"Berdasarkan kriteria hatespeech yang ada, apakah pesan yang disampaikan dalam teks berikut: Bapak ahok sosok yang saya banggakan, terimakasih pak sudah merubah jakarta., dianggap sebagai hatespeech?",tidak
5393,id_hatespeech,id_hatespeech_nusantara_text,74b9b570-f67b-4167-b340-5876404b97f1,hate_or_noHate_zs_noopt_kriteria,train,"Berdasarkan kriteria hatespeech yang ada, apakah pesan yang disampaikan dalam teks berikut: semoga pak ahok selalu dlm lindungan tuhan, saya sayang sama pak ahok, pak ahok orang baik., dianggap sebagai hatespeech?",tidak
5394,id_hatespeech,id_hatespeech_nusantara_text,74b9b570-f67b-4167-b340-5876404b97f1,hate_or_noHate_zs_noopt_kriteria,train,"Berdasarkan kriteria hatespeech yang ada, apakah pesan yang disampaikan dalam teks berikut: Terima kasih pak Basuki. Sampai kapan pun sejarah akan mencatat bapak membawa perubahan bagi kami warga jakarta, dianggap sebagai hatespeech?",tidak
5395,id_hatespeech,id_hatespeech_nusantara_text,74b9b570-f67b-4167-b340-5876404b97f1,hate_or_noHate_zs_noopt_kriteria,train,"Berdasarkan kriteria hatespeech yang ada, apakah pesan yang disampaikan dalam teks berikut: Lanjutkan perjuangan Pak, Bapak orang baik pasti ditempatkan di tempat yg lebih baik juga., dianggap sebagai hatespeech?",tidak
5396,id_hatespeech,id_hatespeech_nusantara_text,74b9b570-f67b-4167-b340-5876404b97f1,hate_or_noHate_zs_noopt_kriteria,train,"Berdasarkan kriteria hatespeech yang ada, apakah pesan yang disampaikan dalam teks berikut: Kau lah yang terhebat.. Karna kau lah kami mendapat inspirasi dan pengalaman yang sangat berharga., dianggap sebagai hatespeech?",tidak
5397,id_hatespeech,id_hatespeech_nusantara_text,74b9b570-f67b-4167-b340-5876404b97f1,hate_or_noHate_zs_noopt_kriteria,train,"Berdasarkan kriteria hatespeech yang ada, apakah pesan yang disampaikan dalam teks berikut: Buat Pak Ahok tetap berkarya pak. Masih ada kesempatan lebih baik di 2019, dianggap sebagai hatespeech?",tidak
5398,id_hatespeech,id_hatespeech_nusantara_text,74b9b570-f67b-4167-b340-5876404b97f1,hate_or_noHate_zs_noopt_kriteria,train,"Berdasarkan kriteria hatespeech yang ada, apakah pesan yang disampaikan dalam teks berikut: Pak saya setuju kalo pak jadi gubenur karena kerja pak sangat bagus kerena kerja pak basuki tegas keluarga kami mendukung pak basuki, dianggap sebagai hatespeech?",tidak
5399,id_hatespeech,id_hatespeech_nusantara_text,74b9b570-f67b-4167-b340-5876404b97f1,hate_or_noHate_zs_noopt_kriteria,train,"Berdasarkan kriteria hatespeech yang ada, apakah pesan yang disampaikan dalam teks berikut: Bapak tetap yg terbaik untuk jakarta..terima kasih pak untuk semua yg bapak kerjakan selama ini semoga Allah selalu meridhoi bapak dalam setiap langkah bapak.., dianggap sebagai hatespeech?",tidak
5400,id_hatespeech,id_hatespeech_nusantara_text,74b9b570-f67b-4167-b340-5876404b97f1,hate_or_noHate_zs_noopt_kriteria,train,"Berdasarkan kriteria hatespeech yang ada, apakah pesan yang disampaikan dalam teks berikut: jabatan bukan hal penting yg terpenting bapak tetap orang terhebat di jakarta tentang kerja keras Pak Ahok..sekali lagi terima kasih Pak Ahok, dianggap sebagai hatespeech?",tidak
5401,id_hatespeech,id_hatespeech_nusantara_text,74b9b570-f67b-4167-b340-5876404b97f1,hate_or_noHate_zs_noopt_kriteria,train,"Berdasarkan kriteria hatespeech yang ada, apakah pesan yang disampaikan dalam teks berikut: Pak Ahok....walau saya bukan warga DKI....saya sangat sedih bapak tidak terpilih lg jd Gubenur DKI....., dianggap sebagai hatespeech?",tidak
5402,id_hatespeech,id_hatespeech_nusantara_text,74b9b570-f67b-4167-b340-5876404b97f1,hate_or_noHate_zs_noopt_kriteria,train,"Berdasarkan kriteria hatespeech yang ada, apakah pesan yang disampaikan dalam teks berikut: Hanya bpk lah gubernur satu satunya yg bisa membawa perubahan di Jakarta...semangat pak..., dianggap sebagai hatespeech?",tidak
5403,id_hatespeech,id_hatespeech_nusantara_text,74b9b570-f67b-4167-b340-5876404b97f1,hate_or_noHate_zs_noopt_kriteria,train,"Berdasarkan kriteria hatespeech yang ada, apakah pesan yang disampaikan dalam teks berikut: Pak ahok, saya mempunyai ibu, ibu saya selalu mendoakan pak ahok setiap waktu dan setiap pagi jam 3 ibu saya sebenarnya kecewa dengan hasil pilkada, dianggap sebagai hatespeech?",tidak
5404,id_hatespeech,id_hatespeech_nusantara_text,74b9b570-f67b-4167-b340-5876404b97f1,hate_or_noHate_zs_noopt_kriteria,train,"Berdasarkan kriteria hatespeech yang ada, apakah pesan yang disampaikan dalam teks berikut: tapi kalah menang itu biasa. kekuasaan ada di tangan tuhan, asal bapak ahok tidak menjual iman pak ahok dengan jabatan, dianggap sebagai hatespeech?",tidak
5405,id_hatespeech,id_hatespeech_nusantara_text,74b9b570-f67b-4167-b340-5876404b97f1,hate_or_noHate_zs_noopt_kriteria,train,"Berdasarkan kriteria hatespeech yang ada, apakah pesan yang disampaikan dalam teks berikut: Terimakasih banyak pak ahok dan djarot untuk kerja tulus dan kerasnya untuk Jakarta.., dianggap sebagai hatespeech?",tidak
5406,id_hatespeech,id_hatespeech_nusantara_text,74b9b570-f67b-4167-b340-5876404b97f1,hate_or_noHate_zs_noopt_kriteria,train,"Berdasarkan kriteria hatespeech yang ada, apakah pesan yang disampaikan dalam teks berikut: Media Asing Menyorot Hasil Pilkada Jakarta, dianggap sebagai hatespeech?",tidak
5407,id_hatespeech,id_hatespeech_nusantara_text,74b9b570-f67b-4167-b340-5876404b97f1,hate_or_noHate_zs_noopt_kriteria,train,"Berdasarkan kriteria hatespeech yang ada, apakah pesan yang disampaikan dalam teks berikut: Ahok Banyak Belajar di Pilkada DKI, dianggap sebagai hatespeech?",tidak
5408,id_hatespeech,id_hatespeech_nusantara_text,74b9b570-f67b-4167-b340-5876404b97f1,hate_or_noHate_zs_noopt_kriteria,train,"Berdasarkan kriteria hatespeech yang ada, apakah pesan yang disampaikan dalam teks berikut: Ini Pelajaran yang Dipetik Ahok dari Pilkada DKI, dianggap sebagai hatespeech?",tidak
5409,id_hatespeech,id_hatespeech_nusantara_text,74b9b570-f67b-4167-b340-5876404b97f1,hate_or_noHate_zs_noopt_kriteria,train,"Berdasarkan kriteria hatespeech yang ada, apakah pesan yang disampaikan dalam teks berikut: Ahok: Lupakan Semua Masalah Kampanye dan Pilkada, dianggap sebagai hatespeech?",tidak
5410,id_hatespeech,id_hatespeech_nusantara_text,74b9b570-f67b-4167-b340-5876404b97f1,hate_or_noHate_zs_noopt_kriteria,train,"Berdasarkan kriteria hatespeech yang ada, apakah pesan yang disampaikan dalam teks berikut: Presiden Percaya Pilkada DKI Hasilkan Pemimpin Terbaik, dianggap sebagai hatespeech?",tidak
5411,id_hatespeech,id_hatespeech_nusantara_text,74b9b570-f67b-4167-b340-5876404b97f1,hate_or_noHate_zs_noopt_kriteria,train,"Berdasarkan kriteria hatespeech yang ada, apakah pesan yang disampaikan dalam teks berikut: Kapolri Pastikan Pilkada DKI Berjalan Lancar dan Sejuk, dianggap sebagai hatespeech?",tidak
5412,id_hatespeech,id_hatespeech_nusantara_text,74b9b570-f67b-4167-b340-5876404b97f1,hate_or_noHate_zs_noopt_kriteria,train,"Berdasarkan kriteria hatespeech yang ada, apakah pesan yang disampaikan dalam teks berikut: Pengamat: Pilkada DKI Panas Karena Parpol Sulit Disiplinkan Massa, dianggap sebagai hatespeech?",tidak
5413,id_hatespeech,id_hatespeech_nusantara_text,74b9b570-f67b-4167-b340-5876404b97f1,hate_or_noHate_zs_noopt_kriteria,train,"Berdasarkan kriteria hatespeech yang ada, apakah pesan yang disampaikan dalam teks berikut: Parpol Pendukung Ahok-Djarot Komitmen Jaga Pilkada Damai, dianggap sebagai hatespeech?",tidak
5414,id_hatespeech,id_hatespeech_nusantara_text,74b9b570-f67b-4167-b340-5876404b97f1,hate_or_noHate_zs_noopt_kriteria,train,"Berdasarkan kriteria hatespeech yang ada, apakah pesan yang disampaikan dalam teks berikut: Amankan Pilkada DKI, Polisi Terapkan Dua Sistem Pengamanan, dianggap sebagai hatespeech?",tidak
5415,id_hatespeech,id_hatespeech_nusantara_text,74b9b570-f67b-4167-b340-5876404b97f1,hate_or_noHate_zs_noopt_kriteria,train,"Berdasarkan kriteria hatespeech yang ada, apakah pesan yang disampaikan dalam teks berikut: Tiga Instansi Keluarkan Maklumat Larangan Mobilisasi Massa di Pilkada DKI, dianggap sebagai hatespeech?",tidak
5416,id_hatespeech,id_hatespeech_nusantara_text,74b9b570-f67b-4167-b340-5876404b97f1,hate_or_noHate_zs_noopt_kriteria,train,"Berdasarkan kriteria hatespeech yang ada, apakah pesan yang disampaikan dalam teks berikut: TERNYATA BAJU YANG DIPAKAI AHOK DI DEBAT PILKADA YG SAYA TONTON MELALUI METRO TV SAMA DENGAN YANG DI TV ONE. BARUSAN SAYA CEK, dianggap sebagai hatespeech?",tidak
5417,id_hatespeech,id_hatespeech_nusantara_text,74b9b570-f67b-4167-b340-5876404b97f1,hate_or_noHate_zs_noopt_kriteria,train,"Berdasarkan kriteria hatespeech yang ada, apakah pesan yang disampaikan dalam teks berikut: Sebagai warga negara yang baik, lo wajib ikut mensukseskan Pilkada Jakarta 2017. Temukan performa berbeda Debat Pilkada pukul 7, dianggap sebagai hatespeech?",tidak
5418,id_hatespeech,id_hatespeech_nusantara_text,74b9b570-f67b-4167-b340-5876404b97f1,hate_or_noHate_zs_noopt_kriteria,train,"Berdasarkan kriteria hatespeech yang ada, apakah pesan yang disampaikan dalam teks berikut: Debat Terakhir Menentukan Elektabilitas di Pilkada DKI Putaran Kedua, dianggap sebagai hatespeech?",tidak
5419,id_hatespeech,id_hatespeech_nusantara_text,74b9b570-f67b-4167-b340-5876404b97f1,hate_or_noHate_zs_noopt_kriteria,train,"Berdasarkan kriteria hatespeech yang ada, apakah pesan yang disampaikan dalam teks berikut: Terima kasih bapak ahok dengan jasa2 bapak selalu membangun jakarta lebih baik lagi, dianggap sebagai hatespeech?",tidak
5420,id_hatespeech,id_hatespeech_nusantara_text,74b9b570-f67b-4167-b340-5876404b97f1,hate_or_noHate_zs_noopt_kriteria,train,"Berdasarkan kriteria hatespeech yang ada, apakah pesan yang disampaikan dalam teks berikut: Salut banget sm pak ahok.. benar2 berjiwa kesatria.. langsung mengucapkan selamat ke pasangan anis dan sandi.., dianggap sebagai hatespeech?",tidak
5421,id_hatespeech,id_hatespeech_nusantara_text,74b9b570-f67b-4167-b340-5876404b97f1,hate_or_noHate_zs_noopt_kriteria,train,"Berdasarkan kriteria hatespeech yang ada, apakah pesan yang disampaikan dalam teks berikut: keluarga sudah ke menggunakan hak pilihnya pagi ini. Jangan lupa bagi warga Jakarta untuk datang ke TPS sebelum jam 1 siang!, dianggap sebagai hatespeech?",tidak
5422,id_hatespeech,id_hatespeech_nusantara_text,74b9b570-f67b-4167-b340-5876404b97f1,hate_or_noHate_zs_noopt_kriteria,train,"Berdasarkan kriteria hatespeech yang ada, apakah pesan yang disampaikan dalam teks berikut: Terima kasih telah membuat Jakarta menjadi lebih baik pak... Tetap semangat!, dianggap sebagai hatespeech?",tidak
5423,id_hatespeech,id_hatespeech_nusantara_text,74b9b570-f67b-4167-b340-5876404b97f1,hate_or_noHate_zs_noopt_kriteria,train,"Berdasarkan kriteria hatespeech yang ada, apakah pesan yang disampaikan dalam teks berikut: Pada akhirnya, orang jahat akan jatuh, dan orang baik, akan dibangkitkan!, dianggap sebagai hatespeech?",tidak
5424,id_hatespeech,id_hatespeech_nusantara_text,74b9b570-f67b-4167-b340-5876404b97f1,hate_or_noHate_zs_noopt_kriteria,train,"Berdasarkan kriteria hatespeech yang ada, apakah pesan yang disampaikan dalam teks berikut: Meski dijatuhkan berkali2, Tuhan akan selalu mengangkat yg benar, dianggap sebagai hatespeech?",tidak
5425,id_hatespeech,id_hatespeech_nusantara_text,74b9b570-f67b-4167-b340-5876404b97f1,hate_or_noHate_zs_noopt_kriteria,train,"Berdasarkan kriteria hatespeech yang ada, apakah pesan yang disampaikan dalam teks berikut: Rencana Bapak yang di surga itu lebih indah yangg kita inginkan bapak ahok tetap semangat ya pak, dianggap sebagai hatespeech?",tidak
5426,id_hatespeech,id_hatespeech_nusantara_text,74b9b570-f67b-4167-b340-5876404b97f1,hate_or_noHate_zs_noopt_kriteria,train,"Berdasarkan kriteria hatespeech yang ada, apakah pesan yang disampaikan dalam teks berikut: Pak Basuki dan Pak Djarot tetap kuat didalam iman dan pengharapan..., dianggap sebagai hatespeech?",tidak
5427,id_hatespeech,id_hatespeech_nusantara_text,74b9b570-f67b-4167-b340-5876404b97f1,hate_or_noHate_zs_noopt_kriteria,train,"Berdasarkan kriteria hatespeech yang ada, apakah pesan yang disampaikan dalam teks berikut: Yakin bahwa ini bukan jalan yang terbaik untuk anda dari hanya sekedar Gubernur dan Wakil gubernur DKI.., dianggap sebagai hatespeech?",tidak
5428,id_hatespeech,id_hatespeech_nusantara_text,74b9b570-f67b-4167-b340-5876404b97f1,hate_or_noHate_zs_noopt_kriteria,train,"Berdasarkan kriteria hatespeech yang ada, apakah pesan yang disampaikan dalam teks berikut: Masyarakat Indonesia khusus DKI melihat pemimpin itu bukan dilihat hasil kerjanya, dianggap sebagai hatespeech?",tidak
5429,id_hatespeech,id_hatespeech_nusantara_text,74b9b570-f67b-4167-b340-5876404b97f1,hate_or_noHate_zs_noopt_kriteria,train,"Berdasarkan kriteria hatespeech yang ada, apakah pesan yang disampaikan dalam teks berikut: Kami sebagai rakyat indonesia yang bukan berasal dari DKI turut mendoakan semoga pak Basuki dan pak Djarot tidak pernah lelah melayani kami dan tetap terus semangat, dianggap sebagai hatespeech?",tidak
5430,id_hatespeech,id_hatespeech_nusantara_text,74b9b570-f67b-4167-b340-5876404b97f1,hate_or_noHate_zs_noopt_kriteria,train,"Berdasarkan kriteria hatespeech yang ada, apakah pesan yang disampaikan dalam teks berikut: jangan padam untuk kemanusiaan ya pak, saya mengenang semua hal manis yg telah bapak perjuangkan, dianggap sebagai hatespeech?",tidak
5431,id_hatespeech,id_hatespeech_nusantara_text,74b9b570-f67b-4167-b340-5876404b97f1,hate_or_noHate_zs_noopt_kriteria,train,"Berdasarkan kriteria hatespeech yang ada, apakah pesan yang disampaikan dalam teks berikut: Saya doakan pak ahok dan tamengnya tidak kejang2, dianggap sebagai hatespeech?",tidak
5432,id_hatespeech,id_hatespeech_nusantara_text,74b9b570-f67b-4167-b340-5876404b97f1,hate_or_noHate_zs_noopt_kriteria,train,"Berdasarkan kriteria hatespeech yang ada, apakah pesan yang disampaikan dalam teks berikut: Tetap semangat pak. Ahok.. Aku selalu dukung pak ahok djarot., dianggap sebagai hatespeech?",tidak
5433,id_hatespeech,id_hatespeech_nusantara_text,74b9b570-f67b-4167-b340-5876404b97f1,hate_or_noHate_zs_noopt_kriteria,train,"Berdasarkan kriteria hatespeech yang ada, apakah pesan yang disampaikan dalam teks berikut: Pemenang Debat Pilkada DKI malam ini adalah...... IRA KOESNO!!!, dianggap sebagai hatespeech?",tidak
5434,id_hatespeech,id_hatespeech_nusantara_text,74b9b570-f67b-4167-b340-5876404b97f1,hate_or_noHate_zs_noopt_kriteria,train,"Berdasarkan kriteria hatespeech yang ada, apakah pesan yang disampaikan dalam teks berikut: Selamat buat pasangan no 3, Anies-Sandi pemenang versi Quick Count... Terima kasih buat Ahok-Djarot atas kerja luar biasa untuk Jakarta..., dianggap sebagai hatespeech?",tidak
5435,id_hatespeech,id_hatespeech_nusantara_text,74b9b570-f67b-4167-b340-5876404b97f1,hate_or_noHate_zs_noopt_kriteria,train,"Berdasarkan kriteria hatespeech yang ada, apakah pesan yang disampaikan dalam teks berikut: Semangat pak ahok walaupun saya warga bandung tapi saya yakin pak ahok yg jadi juara..., dianggap sebagai hatespeech?",tidak
5436,id_hatespeech,id_hatespeech_nusantara_text,74b9b570-f67b-4167-b340-5876404b97f1,hate_or_noHate_zs_noopt_kriteria,train,"Berdasarkan kriteria hatespeech yang ada, apakah pesan yang disampaikan dalam teks berikut: yg jelas, kerja keras, pasti, dan jujur tetap pak ahok., dianggap sebagai hatespeech?",tidak
5437,id_hatespeech,id_hatespeech_nusantara_text,74b9b570-f67b-4167-b340-5876404b97f1,hate_or_noHate_zs_noopt_kriteria,train,"Berdasarkan kriteria hatespeech yang ada, apakah pesan yang disampaikan dalam teks berikut: Maaf pak saya tidak bisa ikutan nyoblos, KTP saya jakarta, tapi saya skrg tinggal bandung, saya hanya bisa berdoa, dianggap sebagai hatespeech?",tidak
5438,id_hatespeech,id_hatespeech_nusantara_text,74b9b570-f67b-4167-b340-5876404b97f1,hate_or_noHate_zs_noopt_kriteria,train,"Berdasarkan kriteria hatespeech yang ada, apakah pesan yang disampaikan dalam teks berikut: semoga ahokdjarot bisa terus melanjutkan visi misi nya untuk membangun kota Jakarta, agar lebih rapih bersih dan nyaman, dianggap sebagai hatespeech?",tidak
5439,id_hatespeech,id_hatespeech_nusantara_text,74b9b570-f67b-4167-b340-5876404b97f1,hate_or_noHate_zs_noopt_kriteria,train,"Berdasarkan kriteria hatespeech yang ada, apakah pesan yang disampaikan dalam teks berikut: Dalam nama Tuhan Untuk jakarta yg lebih baik, dianggap sebagai hatespeech?",tidak
5440,id_hatespeech,id_hatespeech_nusantara_text,74b9b570-f67b-4167-b340-5876404b97f1,hate_or_noHate_zs_noopt_kriteria,train,"Berdasarkan kriteria hatespeech yang ada, apakah pesan yang disampaikan dalam teks berikut: semagat buat pak Anies semoga selalu dalam rahmat tuhan YME, dianggap sebagai hatespeech?",tidak
5441,id_hatespeech,id_hatespeech_nusantara_text,74b9b570-f67b-4167-b340-5876404b97f1,hate_or_noHate_zs_noopt_kriteria,train,"Berdasarkan kriteria hatespeech yang ada, apakah pesan yang disampaikan dalam teks berikut: semua warga DKI gunakan hak pilihmu....jangan takut kita smua warga yg punya hak dan sehat lahir batin, dianggap sebagai hatespeech?",tidak
5442,id_hatespeech,id_hatespeech_nusantara_text,74b9b570-f67b-4167-b340-5876404b97f1,hate_or_noHate_zs_noopt_kriteria,train,"Berdasarkan kriteria hatespeech yang ada, apakah pesan yang disampaikan dalam teks berikut: semoga Tuhan memberikan seluruh masyarakat DKI jakarta keadilan sesuai pemimpin yg benar2 demi rakyat Amin., dianggap sebagai hatespeech?",tidak
5443,id_hatespeech,id_hatespeech_nusantara_text,74b9b570-f67b-4167-b340-5876404b97f1,hate_or_noHate_zs_noopt_kriteria,train,"Berdasarkan kriteria hatespeech yang ada, apakah pesan yang disampaikan dalam teks berikut: Eks Pendukung Agus-Sylvi di Jakarta Timur Deklarasikan Dukungan Untuk Ahok-Djarot, dianggap sebagai hatespeech?",tidak
5444,id_hatespeech,id_hatespeech_nusantara_text,74b9b570-f67b-4167-b340-5876404b97f1,hate_or_noHate_zs_noopt_kriteria,train,"Berdasarkan kriteria hatespeech yang ada, apakah pesan yang disampaikan dalam teks berikut: Ini pasti salah Jokowi, Ahok dan kafir-kafir ateis. https:\/\/t.co\/v2GRcUeStI, dianggap sebagai hatespeech?",iya
5445,id_hatespeech,id_hatespeech_nusantara_text,74b9b570-f67b-4167-b340-5876404b97f1,hate_or_noHate_zs_noopt_kriteria,train,"Berdasarkan kriteria hatespeech yang ada, apakah pesan yang disampaikan dalam teks berikut: @fahmiabuazzam1 biar aja biar tai nya kena bapak lo itu ya. Loh tuh kan gak suka sm ahok jadi biar loh sm bpk loh sm ibu loh kena tai nya., dianggap sebagai hatespeech?",iya
5446,id_hatespeech,id_hatespeech_nusantara_text,74b9b570-f67b-4167-b340-5876404b97f1,hate_or_noHate_zs_noopt_kriteria,train,"Berdasarkan kriteria hatespeech yang ada, apakah pesan yang disampaikan dalam teks berikut: RT @BungWinar: Angin memporakporandakan basis pemenangan Si Penista Agama...Cililitan.\nYa Alloh Ampuni Kami\n#JakartaBanjir, dianggap sebagai hatespeech?",iya
5447,id_hatespeech,id_hatespeech_nusantara_text,74b9b570-f67b-4167-b340-5876404b97f1,hate_or_noHate_zs_noopt_kriteria,train,"Berdasarkan kriteria hatespeech yang ada, apakah pesan yang disampaikan dalam teks berikut: RT @Lupuz0503: Prestasi Ahok, \nSelain mjadi mafia koruptor n penista agama, dirinya bhasil tenggelamkan JKT MELALUI congoran CEBON, dianggap sebagai hatespeech?",iya
5448,id_hatespeech,id_hatespeech_nusantara_text,74b9b570-f67b-4167-b340-5876404b97f1,hate_or_noHate_zs_noopt_kriteria,train,"Berdasarkan kriteria hatespeech yang ada, apakah pesan yang disampaikan dalam teks berikut: Ulama Kompak Nyatakan #HaramPemimpinKafir Pilih Ahok = Murtad!, dianggap sebagai hatespeech?",iya
5449,id_hatespeech,id_hatespeech_nusantara_text,74b9b570-f67b-4167-b340-5876404b97f1,hate_or_noHate_zs_noopt_kriteria,train,"Berdasarkan kriteria hatespeech yang ada, apakah pesan yang disampaikan dalam teks berikut: KAU PENDIKAN TINGGI TAPI BODOH....GK ADA LARANG BAWA AGAMA..BIAR ORANG ISLAM YG DI BAYAR AHOK SADAR GK JADI MILIH AHOK GLA, dianggap sebagai hatespeech?",iya
5450,id_hatespeech,id_hatespeech_nusantara_text,74b9b570-f67b-4167-b340-5876404b97f1,hate_or_noHate_zs_noopt_kriteria,train,"Berdasarkan kriteria hatespeech yang ada, apakah pesan yang disampaikan dalam teks berikut: @indopoints di tanah abang cina udah mulai resah dan stres gara2 si penista agama dan pilkada pasar jd sepi. Sepi sampai 2 minggu lg ha. ha, dianggap sebagai hatespeech?",iya
5451,id_hatespeech,id_hatespeech_nusantara_text,74b9b570-f67b-4167-b340-5876404b97f1,hate_or_noHate_zs_noopt_kriteria,train,"Berdasarkan kriteria hatespeech yang ada, apakah pesan yang disampaikan dalam teks berikut: @investigator_RI betul dan semua pihak yg menentang si cina kafir ahok akan di kriminalisasi oleh polisi dgn smua rekayasa hukum nya, dianggap sebagai hatespeech?",iya
5452,id_hatespeech,id_hatespeech_nusantara_text,74b9b570-f67b-4167-b340-5876404b97f1,hate_or_noHate_zs_noopt_kriteria,train,"Berdasarkan kriteria hatespeech yang ada, apakah pesan yang disampaikan dalam teks berikut: @YohanesTarigan9 saya ga habis pikir kenapa fanboy ahok bego bego ya pada ga ngerti sejarah. Gampang kejebak iklan. Maaf ya., dianggap sebagai hatespeech?",iya
5453,id_hatespeech,id_hatespeech_nusantara_text,74b9b570-f67b-4167-b340-5876404b97f1,hate_or_noHate_zs_noopt_kriteria,train,"Berdasarkan kriteria hatespeech yang ada, apakah pesan yang disampaikan dalam teks berikut: @Zufrianto3 lebih baik pilih ahok drpd pilih yg se iman tp koruptor dn munafik !! Bodoh kau, dianggap sebagai hatespeech?",iya
5454,id_hatespeech,id_hatespeech_nusantara_text,74b9b570-f67b-4167-b340-5876404b97f1,hate_or_noHate_zs_noopt_kriteria,train,"Berdasarkan kriteria hatespeech yang ada, apakah pesan yang disampaikan dalam teks berikut: Ahok si penghina Al - Qur'an dan Ulama ini selalu bersikap menjijikkan yaitu sok suci dan merasa paling benar https:\/\/t.co\/bTkCeTNk0g, dianggap sebagai hatespeech?",iya
5455,id_hatespeech,id_hatespeech_nusantara_text,74b9b570-f67b-4167-b340-5876404b97f1,hate_or_noHate_zs_noopt_kriteria,train,"Berdasarkan kriteria hatespeech yang ada, apakah pesan yang disampaikan dalam teks berikut: Ayo umat Islam yg pinter, jgn percaya klo aksi 112 tdk ada hubungannya dgn pilkada, pihak AHY yg bayar anies yg untung \ud83d\ude01, dianggap sebagai hatespeech?",iya
5456,id_hatespeech,id_hatespeech_nusantara_text,74b9b570-f67b-4167-b340-5876404b97f1,hate_or_noHate_zs_noopt_kriteria,train,"Berdasarkan kriteria hatespeech yang ada, apakah pesan yang disampaikan dalam teks berikut: #DebatFinalPilkadaJKT mampuuuusssssss mpoK Silvy!!!!, dianggap sebagai hatespeech?",iya
5457,id_hatespeech,id_hatespeech_nusantara_text,74b9b570-f67b-4167-b340-5876404b97f1,hate_or_noHate_zs_noopt_kriteria,train,"Berdasarkan kriteria hatespeech yang ada, apakah pesan yang disampaikan dalam teks berikut: Hidup china komunis ! https:\/\/t.co\/b1RheVKrXl, dianggap sebagai hatespeech?",iya
5458,id_hatespeech,id_hatespeech_nusantara_text,74b9b570-f67b-4167-b340-5876404b97f1,hate_or_noHate_zs_noopt_kriteria,train,"Berdasarkan kriteria hatespeech yang ada, apakah pesan yang disampaikan dalam teks berikut: Ini tuh kesalahan Jokowi dan Ahok si babi ateis. https:\/\/t.co\/v2GRcUeStI, dianggap sebagai hatespeech?",iya
5459,id_hatespeech,id_hatespeech_nusantara_text,74b9b570-f67b-4167-b340-5876404b97f1,hate_or_noHate_zs_noopt_kriteria,train,"Berdasarkan kriteria hatespeech yang ada, apakah pesan yang disampaikan dalam teks berikut: Kalo ahok menang pilkada bikin video sex bareng anaknya dong tan.? https:\/\/t.co\/7msmThwwLK, dianggap sebagai hatespeech?",iya
5460,id_hatespeech,id_hatespeech_nusantara_text,74b9b570-f67b-4167-b340-5876404b97f1,hate_or_noHate_zs_noopt_kriteria,train,"Berdasarkan kriteria hatespeech yang ada, apakah pesan yang disampaikan dalam teks berikut: Keluarga Besar Kami Yang Berdomisili di Jakarta TIDAK PILIH AHOK!! https:\/\/t.co\/GZKZFTpvCw Suara Ulama Bulat! #HaramPilihAhok #JanganGolput, dianggap sebagai hatespeech?",iya
5461,id_hatespeech,id_hatespeech_nusantara_text,74b9b570-f67b-4167-b340-5876404b97f1,hate_or_noHate_zs_noopt_kriteria,train,"Berdasarkan kriteria hatespeech yang ada, apakah pesan yang disampaikan dalam teks berikut: ketutunan cina dari luar kota dan pulau mulai kejakarta mau coblos ahok dengan KTP aspal dari kamboja, dianggap sebagai hatespeech?",iya
5462,id_hatespeech,id_hatespeech_nusantara_text,74b9b570-f67b-4167-b340-5876404b97f1,hate_or_noHate_zs_noopt_kriteria,train,"Berdasarkan kriteria hatespeech yang ada, apakah pesan yang disampaikan dalam teks berikut: RT @indopoints: china babi... china maling...\n#UsirChina https:\/\/t.co\/9y4HIWHJp2, dianggap sebagai hatespeech?",iya
5463,id_hatespeech,id_hatespeech_nusantara_text,74b9b570-f67b-4167-b340-5876404b97f1,hate_or_noHate_zs_noopt_kriteria,train,"Berdasarkan kriteria hatespeech yang ada, apakah pesan yang disampaikan dalam teks berikut: RT @mosangada72: Masih mau memilih Agus-Sylvi???\nAnaknya SBY dan Keluarga Koruptor\n#BlusukanAhok\n#BerjamaahCoblosPecinya\u2026, dianggap sebagai hatespeech?",iya
5464,id_hatespeech,id_hatespeech_nusantara_text,74b9b570-f67b-4167-b340-5876404b97f1,hate_or_noHate_zs_noopt_kriteria,train,"Berdasarkan kriteria hatespeech yang ada, apakah pesan yang disampaikan dalam teks berikut: tangkap ahok dan klompok nya yg melakukan pemalsuan e KTP karna merupakan penghiyanat bagi bangsa dan negara, dianggap sebagai hatespeech?",iya
5465,id_hatespeech,id_hatespeech_nusantara_text,74b9b570-f67b-4167-b340-5876404b97f1,hate_or_noHate_zs_noopt_kriteria,train,"Berdasarkan kriteria hatespeech yang ada, apakah pesan yang disampaikan dalam teks berikut: Tangkap Ahok Sekarang Juga, Share Jika Setuju !!!, dianggap sebagai hatespeech?",iya
5466,id_hatespeech,id_hatespeech_nusantara_text,74b9b570-f67b-4167-b340-5876404b97f1,hate_or_noHate_zs_noopt_kriteria,train,"Berdasarkan kriteria hatespeech yang ada, apakah pesan yang disampaikan dalam teks berikut: Sayang sekali Bangsa ini Paling jago kalau merasa-rasa. Yg mendukung Pak Ahok merasa paling benar, yg mendukung Mas Anies merasa paling suci, dianggap sebagai hatespeech?",iya
5467,id_hatespeech,id_hatespeech_nusantara_text,74b9b570-f67b-4167-b340-5876404b97f1,hate_or_noHate_zs_noopt_kriteria,train,"Berdasarkan kriteria hatespeech yang ada, apakah pesan yang disampaikan dalam teks berikut: Video Ahok Menghina Agama Kristen Agama Konyol #AhokPecahBelahBangsa, dianggap sebagai hatespeech?",iya
5468,id_hatespeech,id_hatespeech_nusantara_text,74b9b570-f67b-4167-b340-5876404b97f1,hate_or_noHate_zs_noopt_kriteria,train,"Berdasarkan kriteria hatespeech yang ada, apakah pesan yang disampaikan dalam teks berikut: Bukan Hanya Penista Agama, Bagi JPU Ahok Pemecah Belah Bangsa https:\/\/t.co\/6qkIFCjqhq, dianggap sebagai hatespeech?",iya
5469,id_hatespeech,id_hatespeech_nusantara_text,74b9b570-f67b-4167-b340-5876404b97f1,hate_or_noHate_zs_noopt_kriteria,train,"Berdasarkan kriteria hatespeech yang ada, apakah pesan yang disampaikan dalam teks berikut: Mbak Sylviana please Anda sehat? #DebatFinalPilkadaJKT #perjuanganbelumselesai, dianggap sebagai hatespeech?",iya
5470,id_hatespeech,id_hatespeech_nusantara_text,74b9b570-f67b-4167-b340-5876404b97f1,hate_or_noHate_zs_noopt_kriteria,train,"Berdasarkan kriteria hatespeech yang ada, apakah pesan yang disampaikan dalam teks berikut: Nomor 1 sok tau lagi lansung di skak wkwkwk #DebatFinalPilkadaJKT, dianggap sebagai hatespeech?",iya
5471,id_hatespeech,id_hatespeech_nusantara_text,74b9b570-f67b-4167-b340-5876404b97f1,hate_or_noHate_zs_noopt_kriteria,train,"Berdasarkan kriteria hatespeech yang ada, apakah pesan yang disampaikan dalam teks berikut: RT @Gemacan70: Ayoo jaga keutuhan NKRI!!! Tangkap Penista Agama!!! #StopKriminalisasiUlama https:\/\/t.co\/dxIDQ4ZQHV, dianggap sebagai hatespeech?",iya
5472,id_hatespeech,id_hatespeech_nusantara_text,74b9b570-f67b-4167-b340-5876404b97f1,hate_or_noHate_zs_noopt_kriteria,train,"Berdasarkan kriteria hatespeech yang ada, apakah pesan yang disampaikan dalam teks berikut: @Lupuz0503: Terlihat salah satu pendukung mafia koruptor dan penista agama, para gerombolan BANCI TITOT lakukan bidikan ke arah, dianggap sebagai hatespeech?",iya
5473,id_hatespeech,id_hatespeech_nusantara_text,74b9b570-f67b-4167-b340-5876404b97f1,hate_or_noHate_zs_noopt_kriteria,train,"Berdasarkan kriteria hatespeech yang ada, apakah pesan yang disampaikan dalam teks berikut: tobat yuk sebelum terlambat. biar gerombolan JIL aja yg kita doakan konsisten bela kekafiran hingga akhir hayat https:\/\/t.co\/979uJ6ItrM, dianggap sebagai hatespeech?",iya
5474,id_hatespeech,id_hatespeech_nusantara_text,74b9b570-f67b-4167-b340-5876404b97f1,hate_or_noHate_zs_noopt_kriteria,train,"Berdasarkan kriteria hatespeech yang ada, apakah pesan yang disampaikan dalam teks berikut: RT @UstadTengku: Ya Allah Jika Mereka Menempuh Cara2 Curang utk Memenangkan Si Penista Agama, Engkau Kirimkanlah MALAIKAT MAUT Utk menyeles\u2026, dianggap sebagai hatespeech?",iya
5475,id_hatespeech,id_hatespeech_nusantara_text,74b9b570-f67b-4167-b340-5876404b97f1,hate_or_noHate_zs_noopt_kriteria,train,"Berdasarkan kriteria hatespeech yang ada, apakah pesan yang disampaikan dalam teks berikut: ;Kebanyakan fitnah nih mpok silvy #DebatFinalPilkadaJKT #Gue2, dianggap sebagai hatespeech?",iya
5476,id_hatespeech,id_hatespeech_nusantara_text,74b9b570-f67b-4167-b340-5876404b97f1,hate_or_noHate_zs_noopt_kriteria,train,"Berdasarkan kriteria hatespeech yang ada, apakah pesan yang disampaikan dalam teks berikut: FPI: Pendukung Ahok kalah jumlah, dengan izin Allah kita gusur Gubernur koruptor dan penista agama https:\/\/t.co\/Jp7pGLRGiE, dianggap sebagai hatespeech?",iya
5477,id_hatespeech,id_hatespeech_nusantara_text,74b9b570-f67b-4167-b340-5876404b97f1,hate_or_noHate_zs_noopt_kriteria,train,"Berdasarkan kriteria hatespeech yang ada, apakah pesan yang disampaikan dalam teks berikut: #JakartaBanjir Pemimpinnya gak punya akhlak yg baik... PENISTA AGAMA. https:\/\/t.co\/PNEGDJMPCH, dianggap sebagai hatespeech?",iya
5478,id_hatespeech,id_hatespeech_nusantara_text,74b9b570-f67b-4167-b340-5876404b97f1,hate_or_noHate_zs_noopt_kriteria,train,"Berdasarkan kriteria hatespeech yang ada, apakah pesan yang disampaikan dalam teks berikut: RT @felixsiauw: tapi twit begini asik lo, kita jadi tau yang mana akun-akun pro-penista agama, akun-akun buzzer yang kerjanya menghujat :), dianggap sebagai hatespeech?",iya
5479,id_hatespeech,id_hatespeech_nusantara_text,74b9b570-f67b-4167-b340-5876404b97f1,hate_or_noHate_zs_noopt_kriteria,train,"Berdasarkan kriteria hatespeech yang ada, apakah pesan yang disampaikan dalam teks berikut: @DivHumasHansip: ahoker siap bela penista agama https:\/\/t.co\/HxuU4rUDFX\, dianggap sebagai hatespeech?",iya
5480,id_hatespeech,id_hatespeech_nusantara_text,74b9b570-f67b-4167-b340-5876404b97f1,hate_or_noHate_zs_noopt_kriteria,train,"Berdasarkan kriteria hatespeech yang ada, apakah pesan yang disampaikan dalam teks berikut: RT @alwinazar24: sepertinya CUCUnya DAJJAL telah hadir, dianggap sebagai hatespeech?",iya
5481,id_hatespeech,id_hatespeech_nusantara_text,74b9b570-f67b-4167-b340-5876404b97f1,hate_or_noHate_zs_noopt_kriteria,train,"Berdasarkan kriteria hatespeech yang ada, apakah pesan yang disampaikan dalam teks berikut: Mereka Siang MALAM Maki2 Ulama Kita, Nongkrongi Medsos Ulama2\nBela PENISTA Agama yg SOMBONGNYA Minta AMPUN., dianggap sebagai hatespeech?",iya
5482,id_hatespeech,id_hatespeech_nusantara_text,74b9b570-f67b-4167-b340-5876404b97f1,hate_or_noHate_zs_noopt_kriteria,train,"Berdasarkan kriteria hatespeech yang ada, apakah pesan yang disampaikan dalam teks berikut: RT @Jhonkosmik: Ada apa dengan mayoritas etnis China di DKI?\nMengapa begitu solid mendukung penista agama Islam?\n\nDendam?\nTidak nasionalis?, dianggap sebagai hatespeech?",iya
5483,id_hatespeech,id_hatespeech_nusantara_text,74b9b570-f67b-4167-b340-5876404b97f1,hate_or_noHate_zs_noopt_kriteria,train,"Berdasarkan kriteria hatespeech yang ada, apakah pesan yang disampaikan dalam teks berikut: Mukanya mpo Silvy Asem bangett ngakak kena deh abis jahat sih #DebatFinalPilkadaJKT, dianggap sebagai hatespeech?",iya
5484,id_hatespeech,id_hatespeech_nusantara_text,74b9b570-f67b-4167-b340-5876404b97f1,hate_or_noHate_zs_noopt_kriteria,train,"Berdasarkan kriteria hatespeech yang ada, apakah pesan yang disampaikan dalam teks berikut: RT @GodinJ760478: @tempodotco gara2 belain terdakwa penista agama jadi remek semua. Sukurin, dianggap sebagai hatespeech?",iya
5485,id_hatespeech,id_hatespeech_nusantara_text,74b9b570-f67b-4167-b340-5876404b97f1,hate_or_noHate_zs_noopt_kriteria,train,"Berdasarkan kriteria hatespeech yang ada, apakah pesan yang disampaikan dalam teks berikut: RT @Chaeruddin_B: Sekumpulan Teman Penista Agama\nTdk ada empati buat korban banjir, hanya koar2 memuji junjunganya https:\/\/t.co\/XQFktDG74x, dianggap sebagai hatespeech?",iya
5486,id_hatespeech,id_hatespeech_nusantara_text,74b9b570-f67b-4167-b340-5876404b97f1,hate_or_noHate_zs_noopt_kriteria,train,"Berdasarkan kriteria hatespeech yang ada, apakah pesan yang disampaikan dalam teks berikut: RT @TerorisSocmed: PENJARAKAN PENISTA AGAMA !!! ATAU @jokowi TURUN !!! https:\/\/t.co\/vqH0TNXaRz, dianggap sebagai hatespeech?",iya
5487,id_hatespeech,id_hatespeech_nusantara_text,74b9b570-f67b-4167-b340-5876404b97f1,hate_or_noHate_zs_noopt_kriteria,train,"Berdasarkan kriteria hatespeech yang ada, apakah pesan yang disampaikan dalam teks berikut: Si penista agama, Jaga mulut aja gabisa apalagi jaga jkt?, dianggap sebagai hatespeech?",iya
5488,id_hatespeech,id_hatespeech_nusantara_text,74b9b570-f67b-4167-b340-5876404b97f1,hate_or_noHate_zs_noopt_kriteria,train,"Berdasarkan kriteria hatespeech yang ada, apakah pesan yang disampaikan dalam teks berikut: Ahok : program paslon no. 1 ini programnya ngambang | yaiyalah pakkk gak ada program diaa cma ada celaan #DebatFinalPilkadaJKT, dianggap sebagai hatespeech?",iya
5489,id_hatespeech,id_hatespeech_nusantara_text,74b9b570-f67b-4167-b340-5876404b97f1,hate_or_noHate_zs_noopt_kriteria,train,"Berdasarkan kriteria hatespeech yang ada, apakah pesan yang disampaikan dalam teks berikut: Akui saja Ahok dan Djarot kalian gagal atasi banjir.Orang kena banjir anda sibuk sidang kasus penista agama, dianggap sebagai hatespeech?",iya
5490,id_hatespeech,id_hatespeech_nusantara_text,74b9b570-f67b-4167-b340-5876404b97f1,hate_or_noHate_zs_noopt_kriteria,train,"Berdasarkan kriteria hatespeech yang ada, apakah pesan yang disampaikan dalam teks berikut: RT @87_julay: Iyaa... Ahog Ngak pantes jadi pemimpin.. Pantesnya penista agama dipenjarakan!!! https:\/\/t.co\/YhhO40QWXS, dianggap sebagai hatespeech?",iya
5491,id_hatespeech,id_hatespeech_nusantara_text,74b9b570-f67b-4167-b340-5876404b97f1,hate_or_noHate_zs_noopt_kriteria,train,"Berdasarkan kriteria hatespeech yang ada, apakah pesan yang disampaikan dalam teks berikut: RT @wongawas: Overdosis @Metro_TV membela penista agama. https:\/\/t.co\/i84RARpy5w, dianggap sebagai hatespeech?",iya
5492,id_hatespeech,id_hatespeech_nusantara_text,74b9b570-f67b-4167-b340-5876404b97f1,hate_or_noHate_zs_noopt_kriteria,train,"Berdasarkan kriteria hatespeech yang ada, apakah pesan yang disampaikan dalam teks berikut: Kaga masuk diakal kite kalo suara seorang penista agama yg dah dikutuk ame umat islam suara nye bisa tinggi, emang sengaja ditinggiin tuh, dianggap sebagai hatespeech?",iya
5493,id_hatespeech,id_hatespeech_nusantara_text,74b9b570-f67b-4167-b340-5876404b97f1,hate_or_noHate_zs_noopt_kriteria,train,"Berdasarkan kriteria hatespeech yang ada, apakah pesan yang disampaikan dalam teks berikut: RT @andreobz: Pantasan di pecat dr menteri...data2 aj ngawur dan memkasakan betul..hahaha #AhokPastiTumbang #paslon3 #pilgubdki, dianggap sebagai hatespeech?",iya
5494,id_hatespeech,id_hatespeech_nusantara_text,74b9b570-f67b-4167-b340-5876404b97f1,hate_or_noHate_zs_noopt_kriteria,train,"Berdasarkan kriteria hatespeech yang ada, apakah pesan yang disampaikan dalam teks berikut: RT @BangsaPenguasa: Penjarakan ahoax penista agama atau jokowi turun.#KonsolidasiDewanPKB https:\/\/t.co\/XoW5eakIsk, dianggap sebagai hatespeech?",iya
5495,id_hatespeech,id_hatespeech_nusantara_text,74b9b570-f67b-4167-b340-5876404b97f1,hate_or_noHate_zs_noopt_kriteria,train,"Berdasarkan kriteria hatespeech yang ada, apakah pesan yang disampaikan dalam teks berikut: Napa dibiarin tim si penista agama maen curang maren, emang sengaja dibiarin biar ntar digaplok umat islam rame2 se jakarta tuh penista, dianggap sebagai hatespeech?",iya
5496,id_hatespeech,id_hatespeech_nusantara_text,74b9b570-f67b-4167-b340-5876404b97f1,hate_or_noHate_zs_noopt_kriteria,train,"Berdasarkan kriteria hatespeech yang ada, apakah pesan yang disampaikan dalam teks berikut: Hahahahhahaa silvy ohh silvy cacingan amat loe ahhh wkwkwkwkwkk #DebatFinalPilkadaJKT, dianggap sebagai hatespeech?",iya
5497,id_hatespeech,id_hatespeech_nusantara_text,74b9b570-f67b-4167-b340-5876404b97f1,hate_or_noHate_zs_noopt_kriteria,train,"Berdasarkan kriteria hatespeech yang ada, apakah pesan yang disampaikan dalam teks berikut: RT @Rakyat_Angin: Ahok Taik. \""MENFITNAH\"". Emang lu tukang caci maki perempuannn!! Asuuu #AhokPastiTumbang #DebatFinalPilkadaJKT, dianggap sebagai hatespeech?",iya
5498,id_hatespeech,id_hatespeech_nusantara_text,74b9b570-f67b-4167-b340-5876404b97f1,hate_or_noHate_zs_noopt_kriteria,train,"Berdasarkan kriteria hatespeech yang ada, apakah pesan yang disampaikan dalam teks berikut: RT @HasanArisandi: #AhokPastiTumbang fakta di bilang fitnah\n#DebatFinalPilkadaJKT, dianggap sebagai hatespeech?",iya
5499,id_hatespeech,id_hatespeech_nusantara_text,74b9b570-f67b-4167-b340-5876404b97f1,hate_or_noHate_zs_noopt_kriteria,train,"Berdasarkan kriteria hatespeech yang ada, apakah pesan yang disampaikan dalam teks berikut: Shame on you silvy !! Ga malu fitnah?? Tuh rasain pak ahok panas, skak mat #DebatFinalPilkadaJKT, dianggap sebagai hatespeech?",iya
5500,id_hatespeech,id_hatespeech_nusantara_text,74b9b570-f67b-4167-b340-5876404b97f1,hate_or_noHate_zs_noopt_kriteria,train,"Berdasarkan kriteria hatespeech yang ada, apakah pesan yang disampaikan dalam teks berikut: Bu silvi anti pns level rendah katanya #DebatFinalPilkadaJKT, dianggap sebagai hatespeech?",iya
5501,id_hatespeech,id_hatespeech_nusantara_text,74b9b570-f67b-4167-b340-5876404b97f1,hate_or_noHate_zs_noopt_kriteria,train,"Berdasarkan kriteria hatespeech yang ada, apakah pesan yang disampaikan dalam teks berikut: RT @AnnisaFYtr: Hanya Orang Islam Yang Bodoh dan Goblok Yang Memilik Ahok! #DebatFinalPilkadaJKT, dianggap sebagai hatespeech?",iya
5502,id_hatespeech,id_hatespeech_nusantara_text,74b9b570-f67b-4167-b340-5876404b97f1,hate_or_noHate_zs_noopt_kriteria,train,"Berdasarkan kriteria hatespeech yang ada, apakah pesan yang disampaikan dalam teks berikut: @DivHumasHansip: fitnah FPI pecah adalah ulah ahoker yg melihat elektabilitas ahok tinggal 10%,mereka kelojotan melihat MUI+NU+Muhammadi, dianggap sebagai hatespeech?",iya
5503,id_hatespeech,id_hatespeech_nusantara_text,74b9b570-f67b-4167-b340-5876404b97f1,hate_or_noHate_zs_noopt_kriteria,train,"Berdasarkan kriteria hatespeech yang ada, apakah pesan yang disampaikan dalam teks berikut: Norak banget iklan mantan mendikbud @aniesbaswedan ini. Tambah gak respech.. inilah tenun kebangsaan yg dia maksud.\u2026 https:\/\/t.co\/Ux7HEYkBLG, dianggap sebagai hatespeech?",iya
5504,id_hatespeech,id_hatespeech_nusantara_text,74b9b570-f67b-4167-b340-5876404b97f1,hate_or_noHate_zs_noopt_kriteria,train,"Berdasarkan kriteria hatespeech yang ada, apakah pesan yang disampaikan dalam teks berikut: RT @DivHumasHansip: yg nebar kebencian itu ahok mbak,masa mbak gak tau sih sampai dia jadi terdakwa loh @AnizzahGedrun, dianggap sebagai hatespeech?",iya
5505,id_hatespeech,id_hatespeech_nusantara_text,74b9b570-f67b-4167-b340-5876404b97f1,hate_or_noHate_zs_noopt_kriteria,train,"Berdasarkan kriteria hatespeech yang ada, apakah pesan yang disampaikan dalam teks berikut: pertanyaan dari Bu Sylvi gak mutu amat. #DebatFinalPilkadaJKT, dianggap sebagai hatespeech?",iya
5506,id_hatespeech,id_hatespeech_nusantara_text,74b9b570-f67b-4167-b340-5876404b97f1,hate_or_noHate_zs_noopt_kriteria,train,"Berdasarkan kriteria hatespeech yang ada, apakah pesan yang disampaikan dalam teks berikut: Huuu sylvi tak tahu apa-apa asal ngoceh #NobarAhokDjarot #DebatFinalPilkadaJKT, dianggap sebagai hatespeech?",iya
5507,id_hatespeech,id_hatespeech_nusantara_text,74b9b570-f67b-4167-b340-5876404b97f1,hate_or_noHate_zs_noopt_kriteria,train,"Berdasarkan kriteria hatespeech yang ada, apakah pesan yang disampaikan dalam teks berikut: Sylvi keliatan bloonnya #DebatFinalPilkadaJKT, dianggap sebagai hatespeech?",iya
5508,id_hatespeech,id_hatespeech_nusantara_text,74b9b570-f67b-4167-b340-5876404b97f1,hate_or_noHate_zs_noopt_kriteria,train,"Berdasarkan kriteria hatespeech yang ada, apakah pesan yang disampaikan dalam teks berikut: RT @WanitaRevolusi: Ahoax penista agama kembali mengolok olok surat AL-MAIDAH 51. Cc @Dahnilanzar, dianggap sebagai hatespeech?",iya
5509,id_hatespeech,id_hatespeech_nusantara_text,74b9b570-f67b-4167-b340-5876404b97f1,hate_or_noHate_zs_noopt_kriteria,train,"Berdasarkan kriteria hatespeech yang ada, apakah pesan yang disampaikan dalam teks berikut: #JakartaBanjir Pemimpinnya gak punya akhlak yg baik... PENISTA AGAMA., dianggap sebagai hatespeech?",iya
5510,id_hatespeech,id_hatespeech_nusantara_text,74b9b570-f67b-4167-b340-5876404b97f1,hate_or_noHate_zs_noopt_kriteria,train,"Berdasarkan kriteria hatespeech yang ada, apakah pesan yang disampaikan dalam teks berikut: #DebatFinalPilkadaJKT mati kau hok, dianggap sebagai hatespeech?",iya
5511,id_hatespeech,id_hatespeech_nusantara_text,74b9b570-f67b-4167-b340-5876404b97f1,hate_or_noHate_zs_noopt_kriteria,train,"Berdasarkan kriteria hatespeech yang ada, apakah pesan yang disampaikan dalam teks berikut: Yg ga punya program bisanya cuma fitnah. Ciri Orang yg demen ngambil kjp kontan #DebatFinalPilkadaJKT, dianggap sebagai hatespeech?",iya
5512,id_hatespeech,id_hatespeech_nusantara_text,74b9b570-f67b-4167-b340-5876404b97f1,hate_or_noHate_zs_noopt_kriteria,train,"Berdasarkan kriteria hatespeech yang ada, apakah pesan yang disampaikan dalam teks berikut: Mpok silvi nyinyir melulu pertanyaan nya tapi sayang sesat! Maklum sih dese emakemak! #DebatFinalDKI #DebatFinalPilkadaJKT, dianggap sebagai hatespeech?",iya
5513,id_hatespeech,id_hatespeech_nusantara_text,74b9b570-f67b-4167-b340-5876404b97f1,hate_or_noHate_zs_noopt_kriteria,train,"Berdasarkan kriteria hatespeech yang ada, apakah pesan yang disampaikan dalam teks berikut: RT @bajigurceleng: @jpnncom hahaha jelas2 buat pilkada dasar polisi made in cina pelindung penista agama, dianggap sebagai hatespeech?",iya
5514,id_hatespeech,id_hatespeech_nusantara_text,74b9b570-f67b-4167-b340-5876404b97f1,hate_or_noHate_zs_noopt_kriteria,train,"Berdasarkan kriteria hatespeech yang ada, apakah pesan yang disampaikan dalam teks berikut: Kurangnya pemberdayaan wanita DKI Jakarta bisa dilihat dari telaknya perbedaan warna muka dan warna tangan mpok sylvi #DebatFinalPilkadaJKT, dianggap sebagai hatespeech?",iya
5515,id_hatespeech,id_hatespeech_nusantara_text,74b9b570-f67b-4167-b340-5876404b97f1,hate_or_noHate_zs_noopt_kriteria,train,"Berdasarkan kriteria hatespeech yang ada, apakah pesan yang disampaikan dalam teks berikut: Agus silvy Tukang Fitnah #DebatFinalPilkadaJKT, dianggap sebagai hatespeech?",iya
5516,id_hatespeech,id_hatespeech_nusantara_text,74b9b570-f67b-4167-b340-5876404b97f1,hate_or_noHate_zs_noopt_kriteria,train,"Berdasarkan kriteria hatespeech yang ada, apakah pesan yang disampaikan dalam teks berikut: #DebatFinalPilkadaJKT yaudah gus sini kalo ga sakit secara fisik daripada verbal gw gebukin lo rame2, dianggap sebagai hatespeech?",iya
5517,id_hatespeech,id_hatespeech_nusantara_text,74b9b570-f67b-4167-b340-5876404b97f1,hate_or_noHate_zs_noopt_kriteria,train,"Berdasarkan kriteria hatespeech yang ada, apakah pesan yang disampaikan dalam teks berikut: Keluarga kita gak ada yg maling coyy gak perlu trauma kaleeeee emang kluarga ente?, dianggap sebagai hatespeech?",iya
5518,id_hatespeech,id_hatespeech_nusantara_text,74b9b570-f67b-4167-b340-5876404b97f1,hate_or_noHate_zs_noopt_kriteria,train,"Berdasarkan kriteria hatespeech yang ada, apakah pesan yang disampaikan dalam teks berikut: JG KAITKAN JOKOWI DENGAN AHOK KATA JOHAN BUDI. KATA KAMI. SEBAB JOKOWI ANJING. SEDANGKAN AHOK BABI. YA JELAS BERBEDA. WALAUPUN OTAKNYA SAMA, dianggap sebagai hatespeech?",iya
5519,id_hatespeech,id_hatespeech_nusantara_text,74b9b570-f67b-4167-b340-5876404b97f1,hate_or_noHate_zs_noopt_kriteria,train,"Berdasarkan kriteria hatespeech yang ada, apakah pesan yang disampaikan dalam teks berikut: Bajingan lu silvy #DebatFinalPilkadaJKT, dianggap sebagai hatespeech?",iya
5520,id_hatespeech,id_hatespeech_nusantara_text,74b9b570-f67b-4167-b340-5876404b97f1,hate_or_noHate_zs_noopt_kriteria,train,"Berdasarkan kriteria hatespeech yang ada, apakah pesan yang disampaikan dalam teks berikut: Hasil Akhir, Menyatakan @jokowi Melindungi Ahok TERDAKWA PENISTA AGAMA !!!, dianggap sebagai hatespeech?",iya
5521,id_hatespeech,id_hatespeech_nusantara_text,74b9b570-f67b-4167-b340-5876404b97f1,hate_or_noHate_zs_noopt_kriteria,train,"Berdasarkan kriteria hatespeech yang ada, apakah pesan yang disampaikan dalam teks berikut: RT @SiBonekaKayu: Selepas banjir Jakarta 212 Pendukung Ahok mengganti narasi doa. Semua demi keuntungan Sang Penista Agama, dianggap sebagai hatespeech?",iya
5522,id_hatespeech,id_hatespeech_nusantara_text,74b9b570-f67b-4167-b340-5876404b97f1,hate_or_noHate_zs_noopt_kriteria,train,"Berdasarkan kriteria hatespeech yang ada, apakah pesan yang disampaikan dalam teks berikut: Tionghoa katanya kaya? Kok pada putus sekolah? Kebanyakan dugem?, dianggap sebagai hatespeech?",iya
5523,id_hatespeech,id_hatespeech_nusantara_text,74b9b570-f67b-4167-b340-5876404b97f1,hate_or_noHate_zs_noopt_kriteria,train,"Berdasarkan kriteria hatespeech yang ada, apakah pesan yang disampaikan dalam teks berikut: Gusur Ahok demi Indonesia. Teladan buruk pembangkangan hukum dan anti kemanusiaan di Jakarta jgn tertular ke daerah. #CoblosPecinya, dianggap sebagai hatespeech?",iya
5524,id_hatespeech,id_hatespeech_nusantara_text,74b9b570-f67b-4167-b340-5876404b97f1,hate_or_noHate_zs_noopt_kriteria,train,"Berdasarkan kriteria hatespeech yang ada, apakah pesan yang disampaikan dalam teks berikut: BUAT AHOKER YANG TAKUT MATINYA GG DISHOLATIN , TENANG ADA ABU JANDA UST GADUNGAN YG SIAP SHOLATIN AHOKER & JOKOWER, dianggap sebagai hatespeech?",iya
5525,id_hatespeech,id_hatespeech_nusantara_text,74b9b570-f67b-4167-b340-5876404b97f1,hate_or_noHate_zs_noopt_kriteria,train,"Berdasarkan kriteria hatespeech yang ada, apakah pesan yang disampaikan dalam teks berikut: Mampuuss ! Di tembak dalem banget silvyy .. lo urusin tuh dapurr ! Gak punya program demennya nyerang terus !!! #gue2 #DebatFinalPilkadaJKT, dianggap sebagai hatespeech?",iya
5526,id_hatespeech,id_hatespeech_nusantara_text,74b9b570-f67b-4167-b340-5876404b97f1,hate_or_noHate_zs_noopt_kriteria,train,"Berdasarkan kriteria hatespeech yang ada, apakah pesan yang disampaikan dalam teks berikut: Anjir baru kali ini lihat orang bego mau debat pilkada. Kerjanya nyerang karakter. Shame on you mpok silvy and agus. #DebatFinalPilkadaJKT, dianggap sebagai hatespeech?",iya
5527,id_hatespeech,id_hatespeech_nusantara_text,74b9b570-f67b-4167-b340-5876404b97f1,hate_or_noHate_zs_noopt_kriteria,train,"Berdasarkan kriteria hatespeech yang ada, apakah pesan yang disampaikan dalam teks berikut: Uang Taipan tuh. Nanti dibayar dengan ratusan penggusuran biadab oleh Ahok., dianggap sebagai hatespeech?",iya
5528,id_hatespeech,id_hatespeech_nusantara_text,74b9b570-f67b-4167-b340-5876404b97f1,hate_or_noHate_zs_noopt_kriteria,train,"Berdasarkan kriteria hatespeech yang ada, apakah pesan yang disampaikan dalam teks berikut: CINA ASU https:\/\/t.co\/zM1BsjAIHA, dianggap sebagai hatespeech?",iya
5529,id_hatespeech,id_hatespeech_nusantara_text,74b9b570-f67b-4167-b340-5876404b97f1,hate_or_noHate_zs_noopt_kriteria,train,"Berdasarkan kriteria hatespeech yang ada, apakah pesan yang disampaikan dalam teks berikut: Ketika ngomong, Sylvi keliatan oke. Tapi begitu didebat Ahok, Sylvi langsung kekuatan goblok., dianggap sebagai hatespeech?",iya
5530,id_hatespeech,id_hatespeech_nusantara_text,74b9b570-f67b-4167-b340-5876404b97f1,hate_or_noHate_zs_noopt_kriteria,train,"Berdasarkan kriteria hatespeech yang ada, apakah pesan yang disampaikan dalam teks berikut: Jangankan Banjir, Tuhan aja Dilawan Sama Ahok #JakartaBanjir Tapi Jakarta hari Ini Bukan Banjir, Hanya GENANGAN., dianggap sebagai hatespeech?",iya
5531,id_hatespeech,id_hatespeech_nusantara_text,74b9b570-f67b-4167-b340-5876404b97f1,hate_or_noHate_zs_noopt_kriteria,train,"Berdasarkan kriteria hatespeech yang ada, apakah pesan yang disampaikan dalam teks berikut: ADA PEMIMPIM PRIBUMI knp pilih PEMIMPIN IMPOR yg g BERADAB tukang BERBOHONG yuk PRIBUMIKAN DKI milik BANGSA IND @Gemacan70 @TerorisSocmed, dianggap sebagai hatespeech?",iya
5532,id_hatespeech,id_hatespeech_nusantara_text,74b9b570-f67b-4167-b340-5876404b97f1,hate_or_noHate_zs_noopt_kriteria,train,"Berdasarkan kriteria hatespeech yang ada, apakah pesan yang disampaikan dalam teks berikut: Karna dia ga punya program hanya modal bacot doang, dianggap sebagai hatespeech?",iya
5533,id_hatespeech,id_hatespeech_nusantara_text,74b9b570-f67b-4167-b340-5876404b97f1,hate_or_noHate_zs_noopt_kriteria,train,"Berdasarkan kriteria hatespeech yang ada, apakah pesan yang disampaikan dalam teks berikut: Pendukung berarti dia bagian dr penista agama tersebut!!! Dukung gerakan ini 100%, dianggap sebagai hatespeech?",iya
5534,id_hatespeech,id_hatespeech_nusantara_text,74b9b570-f67b-4167-b340-5876404b97f1,hate_or_noHate_zs_noopt_kriteria,train,"Berdasarkan kriteria hatespeech yang ada, apakah pesan yang disampaikan dalam teks berikut: Narkoba yg paling berbahaya adalah ILUSI KESUCIAN AHOK SANG PENISTA., dianggap sebagai hatespeech?",iya
5535,id_hatespeech,id_hatespeech_nusantara_text,74b9b570-f67b-4167-b340-5876404b97f1,hate_or_noHate_zs_noopt_kriteria,train,"Berdasarkan kriteria hatespeech yang ada, apakah pesan yang disampaikan dalam teks berikut: @tribunnews emang ahok siapa?? Orang penting?? Dia hanya penista agama!!, dianggap sebagai hatespeech?",iya
5536,id_hatespeech,id_hatespeech_nusantara_text,74b9b570-f67b-4167-b340-5876404b97f1,hate_or_noHate_zs_noopt_kriteria,train,"Berdasarkan kriteria hatespeech yang ada, apakah pesan yang disampaikan dalam teks berikut: cina mah duitnya dari hasil maling di Indonesia di balikin lgi berkedok invest plus bawa gembel2 & napi dari Cina negeri nenek moyang ahok, dianggap sebagai hatespeech?",iya
5537,id_hatespeech,id_hatespeech_nusantara_text,74b9b570-f67b-4167-b340-5876404b97f1,hate_or_noHate_zs_noopt_kriteria,train,"Berdasarkan kriteria hatespeech yang ada, apakah pesan yang disampaikan dalam teks berikut: Tangkap Ahok @basuki_btp skrng juga, koruptor reklamasi Jakarta dan penista Agama Islam., dianggap sebagai hatespeech?",iya
5538,id_hatespeech,id_hatespeech_nusantara_text,74b9b570-f67b-4167-b340-5876404b97f1,hate_or_noHate_zs_noopt_kriteria,train,"Berdasarkan kriteria hatespeech yang ada, apakah pesan yang disampaikan dalam teks berikut: keliatan banget bego nya mpok silvy and agus. #DebatFinalPilkadaJKT, dianggap sebagai hatespeech?",iya
5539,id_hatespeech,id_hatespeech_nusantara_text,74b9b570-f67b-4167-b340-5876404b97f1,hate_or_noHate_zs_noopt_kriteria,train,"Berdasarkan kriteria hatespeech yang ada, apakah pesan yang disampaikan dalam teks berikut: Yg Ahokers, Klo gak seneng ama cuitan gw silahkan unfollow krn gw Anti AHOK (Si Penista Agama Islam), dianggap sebagai hatespeech?",iya
5540,id_hatespeech,id_hatespeech_nusantara_text,74b9b570-f67b-4167-b340-5876404b97f1,hate_or_noHate_zs_noopt_kriteria,train,"Berdasarkan kriteria hatespeech yang ada, apakah pesan yang disampaikan dalam teks berikut: AGAMA DI NISTAKAN! ULAMA DI LECEHKAN!! Ini Alasannya #HaramPemimpinKafir, dianggap sebagai hatespeech?",iya
5541,id_hatespeech,id_hatespeech_nusantara_text,74b9b570-f67b-4167-b340-5876404b97f1,hate_or_noHate_zs_noopt_kriteria,train,"Berdasarkan kriteria hatespeech yang ada, apakah pesan yang disampaikan dalam teks berikut: RT @FredyBastian3: Cara serang Ahok : Kafir galak, dianggap sebagai hatespeech?",iya
5542,id_hatespeech,id_hatespeech_nusantara_text,74b9b570-f67b-4167-b340-5876404b97f1,hate_or_noHate_zs_noopt_kriteria,train,"Berdasarkan kriteria hatespeech yang ada, apakah pesan yang disampaikan dalam teks berikut: @umnia77 @ruhutsitompul @sahal_as anjing2 ahok.kaum babi lo bnyk bacot.mnding duel sma gw., dianggap sebagai hatespeech?",iya
5543,id_hatespeech,id_hatespeech_nusantara_text,74b9b570-f67b-4167-b340-5876404b97f1,hate_or_noHate_zs_noopt_kriteria,train,"Berdasarkan kriteria hatespeech yang ada, apakah pesan yang disampaikan dalam teks berikut: Ahok memang verbalnya keras. Pelampiasan dan pelarian karena kelelakiannya lunak., dianggap sebagai hatespeech?",iya
5544,id_hatespeech,id_hatespeech_nusantara_text,74b9b570-f67b-4167-b340-5876404b97f1,hate_or_noHate_zs_noopt_kriteria,train,"Berdasarkan kriteria hatespeech yang ada, apakah pesan yang disampaikan dalam teks berikut: yg maling itu kan china2 babi BLBI , korupsi nya triliunan , termasuk si AHok korupsi 2 triliun.., dianggap sebagai hatespeech?",iya
5545,id_hatespeech,id_hatespeech_nusantara_text,74b9b570-f67b-4167-b340-5876404b97f1,hate_or_noHate_zs_noopt_kriteria,train,"Berdasarkan kriteria hatespeech yang ada, apakah pesan yang disampaikan dalam teks berikut: Mimpi djan farid jakarta lebih islami dari aceh jika ahok terpilih itu ibarat babi merindukan halal, dianggap sebagai hatespeech?",iya
5546,id_hatespeech,id_hatespeech_nusantara_text,74b9b570-f67b-4167-b340-5876404b97f1,hate_or_noHate_zs_noopt_kriteria,train,"Berdasarkan kriteria hatespeech yang ada, apakah pesan yang disampaikan dalam teks berikut: @KompasTV @ridwankamil ridwal kamil memang hebat dan top nggak kaya ahok tukang penista agama dan koruptor, dianggap sebagai hatespeech?",iya
5547,id_hatespeech,id_hatespeech_nusantara_text,74b9b570-f67b-4167-b340-5876404b97f1,hate_or_noHate_zs_noopt_kriteria,train,"Berdasarkan kriteria hatespeech yang ada, apakah pesan yang disampaikan dalam teks berikut: @TPK_RI ITULAH si ahok kutil babi, dianggap sebagai hatespeech?",iya
5548,id_hatespeech,id_hatespeech_nusantara_text,74b9b570-f67b-4167-b340-5876404b97f1,hate_or_noHate_zs_noopt_kriteria,train,"Berdasarkan kriteria hatespeech yang ada, apakah pesan yang disampaikan dalam teks berikut: Dasar si Kutil babi ahok memang Tukang Bohong. selain Bohong ahok jg biasa Menyalahkan yg lain menutupi Kegagalan nya . contoh soal banjir, dianggap sebagai hatespeech?",iya
5549,id_hatespeech,id_hatespeech_nusantara_text,74b9b570-f67b-4167-b340-5876404b97f1,hate_or_noHate_zs_noopt_kriteria,train,"Berdasarkan kriteria hatespeech yang ada, apakah pesan yang disampaikan dalam teks berikut: @PonkEcha @Fahrihamzah Si Terdakwa Penista Agama Alias Si Ahok Babi Jamban tuh yang Morfotin Uang Rakyat Jakarta, dianggap sebagai hatespeech?",iya
5550,id_hatespeech,id_hatespeech_nusantara_text,74b9b570-f67b-4167-b340-5876404b97f1,hate_or_noHate_zs_noopt_kriteria,train,"Berdasarkan kriteria hatespeech yang ada, apakah pesan yang disampaikan dalam teks berikut: Om...Ahoknya...Mana Om,Katanya Si BABi Ahok Bisa Ngatasi Banjir...Om...BABi Jgn Membual Om...?!!?, dianggap sebagai hatespeech?",iya
5551,id_hatespeech,id_hatespeech_nusantara_text,74b9b570-f67b-4167-b340-5876404b97f1,hate_or_noHate_zs_noopt_kriteria,train,"Berdasarkan kriteria hatespeech yang ada, apakah pesan yang disampaikan dalam teks berikut: kenapa anak babi jalan nya nunduk???karena malu liat ulah bapak nya yang ngebelain ahok.., dianggap sebagai hatespeech?",iya
5552,id_hatespeech,id_hatespeech_nusantara_text,74b9b570-f67b-4167-b340-5876404b97f1,hate_or_noHate_zs_noopt_kriteria,train,"Berdasarkan kriteria hatespeech yang ada, apakah pesan yang disampaikan dalam teks berikut: Perilaku Si BABI @jokoanwar ini memang benci dgn hal berbau Islam. Cocok dgn Ahok. @SiBonekaKayu, dianggap sebagai hatespeech?",iya
5553,id_hatespeech,id_hatespeech_nusantara_text,74b9b570-f67b-4167-b340-5876404b97f1,hate_or_noHate_zs_noopt_kriteria,train,"Berdasarkan kriteria hatespeech yang ada, apakah pesan yang disampaikan dalam teks berikut: @budimandjatmiko ahok si kutil babi kembali ke rumah lembang kenapa jakarta jadi banjir bud?, dianggap sebagai hatespeech?",iya
5554,id_hatespeech,id_hatespeech_nusantara_text,74b9b570-f67b-4167-b340-5876404b97f1,hate_or_noHate_zs_noopt_kriteria,train,"Berdasarkan kriteria hatespeech yang ada, apakah pesan yang disampaikan dalam teks berikut: #jujur orang cerdas dan pintar pilih orang imam dan mampu memimpin ..bisa sholat...bisa ngaji..santun, sopan..tidak seperti babi kafir ahok, dianggap sebagai hatespeech?",iya
5555,id_hatespeech,id_hatespeech_nusantara_text,74b9b570-f67b-4167-b340-5876404b97f1,hate_or_noHate_zs_noopt_kriteria,train,"Berdasarkan kriteria hatespeech yang ada, apakah pesan yang disampaikan dalam teks berikut: Teman Ahok emank TAI. apalagi pemimpinnya kek BABI! @temanahok, dianggap sebagai hatespeech?",iya
5556,id_hatespeech,id_hatespeech_nusantara_text,74b9b570-f67b-4167-b340-5876404b97f1,hate_or_noHate_zs_noopt_kriteria,train,"Berdasarkan kriteria hatespeech yang ada, apakah pesan yang disampaikan dalam teks berikut: Mana para babi ahok yg ngejek onta, biar di injek2 ama onta, dianggap sebagai hatespeech?",iya
5557,id_hatespeech,id_hatespeech_nusantara_text,74b9b570-f67b-4167-b340-5876404b97f1,hate_or_noHate_zs_noopt_kriteria,train,"Berdasarkan kriteria hatespeech yang ada, apakah pesan yang disampaikan dalam teks berikut: @gotcancer2 bukannya stigma babi itu milik tuhan elu si ahok kafir, dianggap sebagai hatespeech?",iya
5558,id_hatespeech,id_hatespeech_nusantara_text,74b9b570-f67b-4167-b340-5876404b97f1,hate_or_noHate_zs_noopt_kriteria,train,"Berdasarkan kriteria hatespeech yang ada, apakah pesan yang disampaikan dalam teks berikut: Kampungan ya pendukung AHY https:\/\/t.co\/GmezpOYLsY, dianggap sebagai hatespeech?",iya
5559,id_hatespeech,id_hatespeech_nusantara_text,74b9b570-f67b-4167-b340-5876404b97f1,hate_or_noHate_zs_noopt_kriteria,train,"Berdasarkan kriteria hatespeech yang ada, apakah pesan yang disampaikan dalam teks berikut: @Ananda_harahaP udah lu jgn panik gitu. ahok si kutil babi bakal tumbang kok di putaran kedua. teruskan cuapcuap mu di sosmed, gak ngaruh., dianggap sebagai hatespeech?",iya
5560,id_hatespeech,id_hatespeech_nusantara_text,74b9b570-f67b-4167-b340-5876404b97f1,hate_or_noHate_zs_noopt_kriteria,train,"Berdasarkan kriteria hatespeech yang ada, apakah pesan yang disampaikan dalam teks berikut: ahok tidak layak seperti manusia, dia lebih tepat seperti babi yg tidak punya akal pikiran dan jiwa manusiawi, dianggap sebagai hatespeech?",iya
5561,id_hatespeech,id_hatespeech_nusantara_text,74b9b570-f67b-4167-b340-5876404b97f1,hate_or_noHate_zs_noopt_kriteria,train,"Berdasarkan kriteria hatespeech yang ada, apakah pesan yang disampaikan dalam teks berikut: @haloJakarta Ahok (BTP) Basuki Tai Babi, dianggap sebagai hatespeech?",iya
5562,id_hatespeech,id_hatespeech_nusantara_text,74b9b570-f67b-4167-b340-5876404b97f1,hate_or_noHate_zs_noopt_kriteria,train,"Berdasarkan kriteria hatespeech yang ada, apakah pesan yang disampaikan dalam teks berikut: RT @diyahaudya: @yusuf_dumdum Yg ada, cacimaki penista agama tapi ternyata ketauan poligami ngumpet2. Apa mau digituin? Saya sih ogah., dianggap sebagai hatespeech?",iya
5563,id_hatespeech,id_hatespeech_nusantara_text,74b9b570-f67b-4167-b340-5876404b97f1,hate_or_noHate_zs_noopt_kriteria,train,"Berdasarkan kriteria hatespeech yang ada, apakah pesan yang disampaikan dalam teks berikut: @adichandramang2 @CummaRachel @korban_gusur iya , trump memang penista agama atau anti islam emang hubungannya dgn anis apa?, dianggap sebagai hatespeech?",iya
5564,id_hatespeech,id_hatespeech_nusantara_text,74b9b570-f67b-4167-b340-5876404b97f1,hate_or_noHate_zs_noopt_kriteria,train,"Berdasarkan kriteria hatespeech yang ada, apakah pesan yang disampaikan dalam teks berikut: @adichandramang2\nAda aseng KOPLO pembela si PENISTA AGAMA yg durjana nyuruh org lain ngaji!, dianggap sebagai hatespeech?",iya
5565,id_hatespeech,id_hatespeech_nusantara_text,74b9b570-f67b-4167-b340-5876404b97f1,hate_or_noHate_zs_noopt_kriteria,train,"Berdasarkan kriteria hatespeech yang ada, apakah pesan yang disampaikan dalam teks berikut: @bayprio Itulah kebodohan para penista agama, sudah saatnya pilih pemimpin yg mengerjakan shalat 5 waktu, dianggap sebagai hatespeech?",iya
5566,id_hatespeech,id_hatespeech_nusantara_text,74b9b570-f67b-4167-b340-5876404b97f1,hate_or_noHate_zs_noopt_kriteria,train,"Berdasarkan kriteria hatespeech yang ada, apakah pesan yang disampaikan dalam teks berikut: @iwanfals pilih Anis sandi doong..jgn pilih si penista agama pemecah NKRI, dianggap sebagai hatespeech?",iya
5567,id_hatespeech,id_hatespeech_nusantara_text,74b9b570-f67b-4167-b340-5876404b97f1,hate_or_noHate_zs_noopt_kriteria,train,"Berdasarkan kriteria hatespeech yang ada, apakah pesan yang disampaikan dalam teks berikut: @posmetroinfo Emang terdakwa penista agama, salahnya dimana coba, kl yg biasa bikin hoax metrotipu aman2 aja tuh dewan peres, dianggap sebagai hatespeech?",iya
5568,id_hatespeech,id_hatespeech_nusantara_text,74b9b570-f67b-4167-b340-5876404b97f1,hate_or_noHate_zs_noopt_kriteria,train,"Berdasarkan kriteria hatespeech yang ada, apakah pesan yang disampaikan dalam teks berikut: @RamadanMalka Pamor RK jadi seakan tak ada artinya jika parpol pengusungnya pendukung penista agama..., dianggap sebagai hatespeech?",iya
5569,id_hatespeech,id_hatespeech_nusantara_text,74b9b570-f67b-4167-b340-5876404b97f1,hate_or_noHate_zs_noopt_kriteria,train,"Berdasarkan kriteria hatespeech yang ada, apakah pesan yang disampaikan dalam teks berikut: @RestySeterah si ahok pantasnya dinobatkan sbgai Babi ngepret, dianggap sebagai hatespeech?",iya
5570,id_hatespeech,id_hatespeech_nusantara_text,74b9b570-f67b-4167-b340-5876404b97f1,hate_or_noHate_zs_noopt_kriteria,train,"Berdasarkan kriteria hatespeech yang ada, apakah pesan yang disampaikan dalam teks berikut: @roninpribumi @dewanpers yg salah itu mereka menulis TERDAKWA PENISTA AGAMA,coba klo ditulis BAGINDA YANG MULIA pasti ga masalah..cuih.., dianggap sebagai hatespeech?",iya
5571,id_hatespeech,id_hatespeech_nusantara_text,74b9b570-f67b-4167-b340-5876404b97f1,hate_or_noHate_zs_noopt_kriteria,train,"Berdasarkan kriteria hatespeech yang ada, apakah pesan yang disampaikan dalam teks berikut: Faktanya Cina2 parasit tuh ngotot belain si penista Agama @PradanaBhakti @IrianaPasirua @PutraSumedang18 @khoirulilham12 @ronavioleta, dianggap sebagai hatespeech?",iya
5572,id_hatespeech,id_hatespeech_nusantara_text,74b9b570-f67b-4167-b340-5876404b97f1,hate_or_noHate_zs_noopt_kriteria,train,"Berdasarkan kriteria hatespeech yang ada, apakah pesan yang disampaikan dalam teks berikut: jokowi ratu adil apaan..??? dia ga ada keturunan darah biruadanya DARAH KOTOR cina babi..!!! https://t.co/JtwFRRdLF4, dianggap sebagai hatespeech?",iya
5573,id_hatespeech,id_hatespeech_nusantara_text,74b9b570-f67b-4167-b340-5876404b97f1,hate_or_noHate_zs_noopt_kriteria,train,"Berdasarkan kriteria hatespeech yang ada, apakah pesan yang disampaikan dalam teks berikut: RT @RestySeterah: Keren nih apps kawal TPS .. Yuk gabung buat pastikan cagub terdakwa penista Agama lebih cepat diantar kehabitatnya, dianggap sebagai hatespeech?",iya
5574,id_hatespeech,id_hatespeech_nusantara_text,74b9b570-f67b-4167-b340-5876404b97f1,hate_or_noHate_zs_noopt_kriteria,train,"Berdasarkan kriteria hatespeech yang ada, apakah pesan yang disampaikan dalam teks berikut: Kalau lo gak tau apa-apa ya jangan berkoar sembarangan dong, keliatan banget kalau lo itu beneran bego :)) #FuckYou, dianggap sebagai hatespeech?",iya
5575,id_hatespeech,id_hatespeech_nusantara_text,74b9b570-f67b-4167-b340-5876404b97f1,hate_or_noHate_zs_noopt_kriteria,train,"Berdasarkan kriteria hatespeech yang ada, apakah pesan yang disampaikan dalam teks berikut: @AHMADDHANIPRAST ahmad dhani yang terhormat paling babi paling anjing aing kontol paling lonte tungu saat nya karier mu akan habis!!!!, dianggap sebagai hatespeech?",iya
5576,id_hatespeech,id_hatespeech_nusantara_text,74b9b570-f67b-4167-b340-5876404b97f1,hate_or_noHate_zs_noopt_kriteria,train,"Berdasarkan kriteria hatespeech yang ada, apakah pesan yang disampaikan dalam teks berikut: Kang @ridwankamil ,fakta hari ini,partai pendukung si penista agama sangat dibenci rakyat,termasuk rakyat Jabar. https://t.co/b2WetyvrbZ, dianggap sebagai hatespeech?",iya
5577,id_hatespeech,id_hatespeech_nusantara_text,74b9b570-f67b-4167-b340-5876404b97f1,hate_or_noHate_zs_noopt_kriteria,train,"Berdasarkan kriteria hatespeech yang ada, apakah pesan yang disampaikan dalam teks berikut: plis jangan sok kecantikan selalu pacarin artis2 yang lagi meletek, jijik gw liatnya, dianggap sebagai hatespeech?",iya
5578,id_hatespeech,id_hatespeech_nusantara_text,74b9b570-f67b-4167-b340-5876404b97f1,hate_or_noHate_zs_noopt_kriteria,train,"Berdasarkan kriteria hatespeech yang ada, apakah pesan yang disampaikan dalam teks berikut: paling mau muntah liat lagak nya @AHMADDHANIPRAST, jadi orang sok iye banget hoek, dianggap sebagai hatespeech?",iya
5579,id_hatespeech,id_hatespeech_nusantara_text,74b9b570-f67b-4167-b340-5876404b97f1,hate_or_noHate_zs_noopt_kriteria,train,"Berdasarkan kriteria hatespeech yang ada, apakah pesan yang disampaikan dalam teks berikut: @Metro_TV kalau boleh saya ngomong ingin saya katakan ahmad dhani monyet babi anjing. tapi itu tidak boleh, dianggap sebagai hatespeech?",iya
5580,id_hatespeech,id_hatespeech_nusantara_text,74b9b570-f67b-4167-b340-5876404b97f1,hate_or_noHate_zs_noopt_kriteria,train,"Berdasarkan kriteria hatespeech yang ada, apakah pesan yang disampaikan dalam teks berikut: perempuan kaya lo mending mati aja deh, jelek aja, gausa sok jadi make up artist!, dianggap sebagai hatespeech?",iya
5581,id_hatespeech,id_hatespeech_nusantara_text,74b9b570-f67b-4167-b340-5876404b97f1,hate_or_noHate_zs_noopt_kriteria,train,"Berdasarkan kriteria hatespeech yang ada, apakah pesan yang disampaikan dalam teks berikut: ahmad dhani itu borok, sampah, babi, anjing. Saya adalah orang pertama yg sangat muak liat muka dhani dan saya berbangga., dianggap sebagai hatespeech?",iya
5582,id_hatespeech,id_hatespeech_nusantara_text,74b9b570-f67b-4167-b340-5876404b97f1,hate_or_noHate_zs_noopt_kriteria,train,"Berdasarkan kriteria hatespeech yang ada, apakah pesan yang disampaikan dalam teks berikut: Lah emang sdh jelas2 si ahok terdakwa penista agama. Malu woy! https://t.co/2K0HlMpR9t, dianggap sebagai hatespeech?",iya
5583,id_hatespeech,id_hatespeech_nusantara_text,74b9b570-f67b-4167-b340-5876404b97f1,hate_or_noHate_zs_noopt_kriteria,train,"Berdasarkan kriteria hatespeech yang ada, apakah pesan yang disampaikan dalam teks berikut: Keputusan ERKA hari ini harus kita HORMATI, begitupun sebaliknya KAMI tidak akan memilih partai pendukung PENISTA AGAMA., dianggap sebagai hatespeech?",iya
5584,id_hatespeech,id_hatespeech_nusantara_text,74b9b570-f67b-4167-b340-5876404b97f1,hate_or_noHate_zs_noopt_kriteria,train,"Berdasarkan kriteria hatespeech yang ada, apakah pesan yang disampaikan dalam teks berikut: Lupakan @ridwankamil biarkan karam dg kapal munafiknya. kita bangun jabar dg kapal yg bersih. Delete partai pendukung penista agama dari hati, dianggap sebagai hatespeech?",iya
5585,id_hatespeech,id_hatespeech_nusantara_text,74b9b570-f67b-4167-b340-5876404b97f1,hate_or_noHate_zs_noopt_kriteria,train,"Berdasarkan kriteria hatespeech yang ada, apakah pesan yang disampaikan dalam teks berikut: Masalah dunia dan masalah nafsu ya kang @ridwankamil . Kata2 kok bersayap kayak burung hantu. https://t.co/mwClbkU4sT, dianggap sebagai hatespeech?",iya
5586,id_hatespeech,id_hatespeech_nusantara_text,74b9b570-f67b-4167-b340-5876404b97f1,hate_or_noHate_zs_noopt_kriteria,train,"Berdasarkan kriteria hatespeech yang ada, apakah pesan yang disampaikan dalam teks berikut: Penista Agama menjadi Santri Kehormatan.Yang kasih ini ke ahok otaknya perlu direparasi.Demi Pulkada nama Santri yg baik kailan jual belikan, dianggap sebagai hatespeech?",iya
5587,id_hatespeech,id_hatespeech_nusantara_text,74b9b570-f67b-4167-b340-5876404b97f1,hate_or_noHate_zs_noopt_kriteria,train,"Berdasarkan kriteria hatespeech yang ada, apakah pesan yang disampaikan dalam teks berikut: Payah banget @ridwankamil maju Jabar1 pakai partai Nasdem pendukung penista agama, ente lagi butuh uang ya kang? Payah loe!!, dianggap sebagai hatespeech?",iya
5588,id_hatespeech,id_hatespeech_nusantara_text,74b9b570-f67b-4167-b340-5876404b97f1,hate_or_noHate_zs_noopt_kriteria,train,"Berdasarkan kriteria hatespeech yang ada, apakah pesan yang disampaikan dalam teks berikut: polisi yg jadi imam sholat ini adalah seorang penista agama, bodoh, BERISLAM cuma ikut2an. COPOT KAPOLRES JAKBAR !! https://t.co/s2h2Ybrthm, dianggap sebagai hatespeech?",iya
5589,id_hatespeech,id_hatespeech_nusantara_text,74b9b570-f67b-4167-b340-5876404b97f1,hate_or_noHate_zs_noopt_kriteria,train,"Berdasarkan kriteria hatespeech yang ada, apakah pesan yang disampaikan dalam teks berikut: RT @ferdyfrodoo: @bayprio Itulah kebodohan para penista agama, sudah saatnya pilih pemimpin yg mengerjakan shalat 5 waktu, dianggap sebagai hatespeech?",iya
5590,id_hatespeech,id_hatespeech_nusantara_text,74b9b570-f67b-4167-b340-5876404b97f1,hate_or_noHate_zs_noopt_kriteria,train,"Berdasarkan kriteria hatespeech yang ada, apakah pesan yang disampaikan dalam teks berikut: RT @Ra_Ria_Rana: GAK HABIS PIKIR???\n\nTINGGAL NUNGGU ADZAB ALLAH NIH NEGERI,,,, PEMIMPINNYA SDH DZALIM https://t.co/UmZK4bTyi4, dianggap sebagai hatespeech?",iya
5591,id_hatespeech,id_hatespeech_nusantara_text,74b9b570-f67b-4167-b340-5876404b97f1,hate_or_noHate_zs_noopt_kriteria,train,"Berdasarkan kriteria hatespeech yang ada, apakah pesan yang disampaikan dalam teks berikut: Sini lu, kami enggak mau kampung kami didatangi sama penista agama, https://t.co/1z3MtHs9ck, dianggap sebagai hatespeech?",iya
5592,id_hatespeech,id_hatespeech_nusantara_text,74b9b570-f67b-4167-b340-5876404b97f1,hate_or_noHate_zs_noopt_kriteria,train,"Berdasarkan kriteria hatespeech yang ada, apakah pesan yang disampaikan dalam teks berikut: SETUJU SAYA,KLAU AHOK DAPAT GELAR SANTRI KEHORMATAN.... TAPI SANTRI KEHORMATAN BABI.... https://t.co/uD16d7Gwhd, dianggap sebagai hatespeech?",iya
5593,id_hatespeech,id_hatespeech_nusantara_text,74b9b570-f67b-4167-b340-5876404b97f1,hate_or_noHate_zs_noopt_kriteria,train,"Berdasarkan kriteria hatespeech yang ada, apakah pesan yang disampaikan dalam teks berikut: Senang dong ada yg fans mati sampai lupa kalau dia bego banget https://t.co/ctJFC5a8Zz, dianggap sebagai hatespeech?",iya
5594,id_hatespeech,id_hatespeech_nusantara_text,74b9b570-f67b-4167-b340-5876404b97f1,hate_or_noHate_zs_noopt_kriteria,train,"Berdasarkan kriteria hatespeech yang ada, apakah pesan yang disampaikan dalam teks berikut: @AHMADDHANIPRAST LO TUH BABI ANJING. Mampus kalah jatuh miskin deh #bekasisah, dianggap sebagai hatespeech?",iya
5595,id_hatespeech,id_hatespeech_nusantara_text,74b9b570-f67b-4167-b340-5876404b97f1,hate_or_noHate_zs_noopt_kriteria,train,"Berdasarkan kriteria hatespeech yang ada, apakah pesan yang disampaikan dalam teks berikut: @bayprio : Si AHOAK @basuki_btp CINA ANJING KAFIR PENISTA AGAMA ISLAM....!!!, dianggap sebagai hatespeech?",iya
5596,id_hatespeech,id_hatespeech_nusantara_text,74b9b570-f67b-4167-b340-5876404b97f1,hate_or_noHate_zs_noopt_kriteria,train,"Berdasarkan kriteria hatespeech yang ada, apakah pesan yang disampaikan dalam teks berikut: @AHMADDHANIPRAST aku katakan anjing kpd ahmad dani, boleh....aku katakan babi kpd ahmad dhani, boleh..., dianggap sebagai hatespeech?",iya
5597,id_hatespeech,id_hatespeech_nusantara_text,74b9b570-f67b-4167-b340-5876404b97f1,hate_or_noHate_zs_noopt_kriteria,train,"Berdasarkan kriteria hatespeech yang ada, apakah pesan yang disampaikan dalam teks berikut: @Bisniscom haha memaki untuk melawan mah harus, drpd ditindas pemimpin munafik melindungi penista agama, dll. Agama no 1 (islam), taubat rot, dianggap sebagai hatespeech?",iya
5598,id_hatespeech,id_hatespeech_nusantara_text,74b9b570-f67b-4167-b340-5876404b97f1,hate_or_noHate_zs_noopt_kriteria,train,"Berdasarkan kriteria hatespeech yang ada, apakah pesan yang disampaikan dalam teks berikut: @Anakran63208433 @5ec4a1e80d3c48c @aniesbaswedan pikiran anak bani kampret g beda jauh sma penista agama. Penfitnah, Penipu Dan Garong.., dianggap sebagai hatespeech?",iya
5599,id_hatespeech,id_hatespeech_nusantara_text,74b9b570-f67b-4167-b340-5876404b97f1,hate_or_noHate_zs_noopt_kriteria,train,"Berdasarkan kriteria hatespeech yang ada, apakah pesan yang disampaikan dalam teks berikut: @Gemacan70 itu yg cewe pake kerudung ngapain ya? Setiap kali konfrensi pers ada aja.. Pencitraan Islami kaliiii... Bwahaha..!!, dianggap sebagai hatespeech?",iya
5600,id_hatespeech,id_hatespeech_nusantara_text,74b9b570-f67b-4167-b340-5876404b97f1,hate_or_noHate_zs_noopt_kriteria,train,"Berdasarkan kriteria hatespeech yang ada, apakah pesan yang disampaikan dalam teks berikut: @republikaonline spt ahok dulu .. nasdem disusul dg cs nya .. yg mendukung paslon penista agama dan tukang caci maki tai tai .., dianggap sebagai hatespeech?",iya
5601,id_hatespeech,id_hatespeech_nusantara_text,74b9b570-f67b-4167-b340-5876404b97f1,hate_or_noHate_zs_noopt_kriteria,train,"Berdasarkan kriteria hatespeech yang ada, apakah pesan yang disampaikan dalam teks berikut: @topan_julian1 kalo mecin jangan dijadiin cemilan mangkannya kang. Jadi begonya bego banget., dianggap sebagai hatespeech?",iya
5602,id_hatespeech,id_hatespeech_nusantara_text,74b9b570-f67b-4167-b340-5876404b97f1,hate_or_noHate_zs_noopt_kriteria,train,"Berdasarkan kriteria hatespeech yang ada, apakah pesan yang disampaikan dalam teks berikut: @ulinyusron cm didoain kalau saya mah ketemu si penista agama langsung saya ceburin laut yg direklamasi ijin sembunyi2 buat tumbal reklamasi, dianggap sebagai hatespeech?",iya
5603,id_hatespeech,id_hatespeech_nusantara_text,74b9b570-f67b-4167-b340-5876404b97f1,hate_or_noHate_zs_noopt_kriteria,train,"Berdasarkan kriteria hatespeech yang ada, apakah pesan yang disampaikan dalam teks berikut: @ymerdeka33 @ach_qodr @basuki_btp cabe2an bisa nya hanya bbm.n facrbook.n!! Masalah politik mana tau doi, tau nya berita2 sampah pencitraan, dianggap sebagai hatespeech?",iya
5604,id_hatespeech,id_hatespeech_nusantara_text,74b9b570-f67b-4167-b340-5876404b97f1,hate_or_noHate_zs_noopt_kriteria,train,"Berdasarkan kriteria hatespeech yang ada, apakah pesan yang disampaikan dalam teks berikut: INI MANUSIA APA ANJING MATI-MATIAN RELA JADI MURTADZ DEMI BABI AHOK KAFIR. https://t.co/2XXN5CFdVM, dianggap sebagai hatespeech?",iya
5605,id_hatespeech,id_hatespeech_nusantara_text,74b9b570-f67b-4167-b340-5876404b97f1,hate_or_noHate_zs_noopt_kriteria,train,"Berdasarkan kriteria hatespeech yang ada, apakah pesan yang disampaikan dalam teks berikut: ini semua berawal dari AHOK JAMBAN yg dibela aparat, para kristen serta china kafir yang lain semakin berani menghi https://t.co/qUutkrlsP3, dianggap sebagai hatespeech?",iya
5606,id_hatespeech,id_hatespeech_nusantara_text,74b9b570-f67b-4167-b340-5876404b97f1,hate_or_noHate_zs_noopt_kriteria,train,"Berdasarkan kriteria hatespeech yang ada, apakah pesan yang disampaikan dalam teks berikut: Kami lebih resah anda jd presiden!!!! hidup anda penuh drama dan pencitraan, main FTV aja joko judulnya https://t.co/T2BUgLTnUO, dianggap sebagai hatespeech?",iya
5607,id_hatespeech,id_hatespeech_nusantara_text,74b9b570-f67b-4167-b340-5876404b97f1,hate_or_noHate_zs_noopt_kriteria,train,"Berdasarkan kriteria hatespeech yang ada, apakah pesan yang disampaikan dalam teks berikut: Mana bisa percya lagi,sdgkan induknya penista smp skrg lum ditahan tp malah dibela. https://t.co/Oc1vGdX0Z4, dianggap sebagai hatespeech?",iya
5608,id_hatespeech,id_hatespeech_nusantara_text,74b9b570-f67b-4167-b340-5876404b97f1,hate_or_noHate_zs_noopt_kriteria,train,"Berdasarkan kriteria hatespeech yang ada, apakah pesan yang disampaikan dalam teks berikut: Mari seluruh Muslim CYBER Army mulai skrg ganti semua sebutan A....K menjadi Terdakwa Penista Agama !, dianggap sebagai hatespeech?",iya
5609,id_hatespeech,id_hatespeech_nusantara_text,74b9b570-f67b-4167-b340-5876404b97f1,hate_or_noHate_zs_noopt_kriteria,train,"Berdasarkan kriteria hatespeech yang ada, apakah pesan yang disampaikan dalam teks berikut: Orang Islam lebih suka si HOAX penista agama, menjaga lisan dan tindakan dari hal-hal yang merusak hubungan... https://t.co/FLhW31wXdU, dianggap sebagai hatespeech?",iya
5610,id_hatespeech,id_hatespeech_nusantara_text,74b9b570-f67b-4167-b340-5876404b97f1,hate_or_noHate_zs_noopt_kriteria,train,"Berdasarkan kriteria hatespeech yang ada, apakah pesan yang disampaikan dalam teks berikut: RT @izzah_pandeka: #Nomor2Koruptor negeri para korup diasuh cino babi https://t.co/wJXalyPxPn, dianggap sebagai hatespeech?",iya
5611,id_hatespeech,id_hatespeech_nusantara_text,74b9b570-f67b-4167-b340-5876404b97f1,hate_or_noHate_zs_noopt_kriteria,train,"Berdasarkan kriteria hatespeech yang ada, apakah pesan yang disampaikan dalam teks berikut: RT @Gemacan70: Hajar bleh hanya untuk bela #Nomor2Koruptor...cuihhhhhh https://t.co/o4nnZBkNYS, dianggap sebagai hatespeech?",iya
5612,id_hatespeech,id_hatespeech_nusantara_text,74b9b570-f67b-4167-b340-5876404b97f1,hate_or_noHate_zs_noopt_kriteria,train,"Berdasarkan kriteria hatespeech yang ada, apakah pesan yang disampaikan dalam teks berikut: RT @korban_gusur: @RakyatBiasa1945 Ada CEBONG GENDHENG NGAMUK2 belain si HOMO PENISTA AGAMA!! HAHAHA @OshMuslim @RebusKentang @m3g4, dianggap sebagai hatespeech?",iya
5613,id_hatespeech,id_hatespeech_nusantara_text,74b9b570-f67b-4167-b340-5876404b97f1,hate_or_noHate_zs_noopt_kriteria,train,"Berdasarkan kriteria hatespeech yang ada, apakah pesan yang disampaikan dalam teks berikut: RT @Ustadtengku1: @RizieqSyihabFPI tolol itu banyak yg bela penista agama walau sudah tersangka, dianggap sebagai hatespeech?",iya
5614,id_hatespeech,id_hatespeech_nusantara_text,74b9b570-f67b-4167-b340-5876404b97f1,hate_or_noHate_zs_noopt_kriteria,train,"Berdasarkan kriteria hatespeech yang ada, apakah pesan yang disampaikan dalam teks berikut: Orang punya saksi anjing dikasus babi.. Tolol https://t.co/ssePg5FCXm, dianggap sebagai hatespeech?",iya
5615,id_hatespeech,id_hatespeech_nusantara_text,74b9b570-f67b-4167-b340-5876404b97f1,hate_or_noHate_zs_noopt_kriteria,train,"Berdasarkan kriteria hatespeech yang ada, apakah pesan yang disampaikan dalam teks berikut: Si Ahok kampret emang gak becus kerja. Pencitraan mlulu tuh si Ahok kampret. https://t.co/yM5ViOFvpc, dianggap sebagai hatespeech?",iya
5616,id_hatespeech,id_hatespeech_nusantara_text,74b9b570-f67b-4167-b340-5876404b97f1,hate_or_noHate_zs_noopt_kriteria,train,"Berdasarkan kriteria hatespeech yang ada, apakah pesan yang disampaikan dalam teks berikut: Sini lu, kami enggak mau kampung kami didatangi sama penista agama, https://t.co/1z3MtHs9ck, dianggap sebagai hatespeech?",iya
5617,id_hatespeech,id_hatespeech_nusantara_text,74b9b570-f67b-4167-b340-5876404b97f1,hate_or_noHate_zs_noopt_kriteria,train,"Berdasarkan kriteria hatespeech yang ada, apakah pesan yang disampaikan dalam teks berikut: Tanda2 kiamat x yak, masih banyak aja orang muslim yg mengingkari Al-Quran dan pilih Penista Agama. #Nomor2Koruptor #Nomor2Koruptor, dianggap sebagai hatespeech?",iya
5618,id_hatespeech,id_hatespeech_nusantara_text,74b9b570-f67b-4167-b340-5876404b97f1,hate_or_noHate_zs_noopt_kriteria,train,"Berdasarkan kriteria hatespeech yang ada, apakah pesan yang disampaikan dalam teks berikut: #JanganMauDibohongiAhok sebab Ahok Sumber Kekacauan Politik, Ramaikan Aski 313 FIGHT!! https://t.co/WOBxlxvZnx, dianggap sebagai hatespeech?",iya
5619,id_hatespeech,id_hatespeech_nusantara_text,74b9b570-f67b-4167-b340-5876404b97f1,hate_or_noHate_zs_noopt_kriteria,train,"Berdasarkan kriteria hatespeech yang ada, apakah pesan yang disampaikan dalam teks berikut: #MataNajwaDebatJakarta Anies anda SADIS. Topengmu terbuka lebar malam ini. Biar warga DKI yg menilai...apa yg anda katakan adalah PENGECUT, dianggap sebagai hatespeech?",iya
5620,id_hatespeech,id_hatespeech_nusantara_text,74b9b570-f67b-4167-b340-5876404b97f1,hate_or_noHate_zs_noopt_kriteria,train,"Berdasarkan kriteria hatespeech yang ada, apakah pesan yang disampaikan dalam teks berikut: Anies congornya aja gede. Realisasinya gak ada. Janji terus dari awal bisanya paling korupsi. Balik jadi dosen aja bangsat., dianggap sebagai hatespeech?",iya
5621,id_hatespeech,id_hatespeech_nusantara_text,74b9b570-f67b-4167-b340-5876404b97f1,hate_or_noHate_zs_noopt_kriteria,train,"Berdasarkan kriteria hatespeech yang ada, apakah pesan yang disampaikan dalam teks berikut: #MataNajwaDebatJakarta Hebatnya, Ahok masih mau salaman loh sm Pak Anies yang Amat terhormat. Idih gw sih ogah., dianggap sebagai hatespeech?",iya
5622,id_hatespeech,id_hatespeech_nusantara_text,74b9b570-f67b-4167-b340-5876404b97f1,hate_or_noHate_zs_noopt_kriteria,train,"Berdasarkan kriteria hatespeech yang ada, apakah pesan yang disampaikan dalam teks berikut: #MataNajwaDebatJakarta kalau untuk urusan bacot memang anis nya juaranya..memang kita bakal makan bacot di jakarta..haha..paslon yg aneh gede bacot doang., dianggap sebagai hatespeech?",iya
5623,id_hatespeech,id_hatespeech_nusantara_text,74b9b570-f67b-4167-b340-5876404b97f1,hate_or_noHate_zs_noopt_kriteria,train,"Berdasarkan kriteria hatespeech yang ada, apakah pesan yang disampaikan dalam teks berikut: #MataNajwaDebatJakarta pak anies banyak omdo dulu waktu jd menteri terobosannya apa?? skrg ngomong ky sok Jago bgt, dianggap sebagai hatespeech?",iya
5624,id_hatespeech,id_hatespeech_nusantara_text,74b9b570-f67b-4167-b340-5876404b97f1,hate_or_noHate_zs_noopt_kriteria,train,"Berdasarkan kriteria hatespeech yang ada, apakah pesan yang disampaikan dalam teks berikut: #MataNajwaDebatJakarta si Cina Babi ahok bloon banget. Sok pinter banget lagi. Asal bukan Ahok, dianggap sebagai hatespeech?",iya
5625,id_hatespeech,id_hatespeech_nusantara_text,74b9b570-f67b-4167-b340-5876404b97f1,hate_or_noHate_zs_noopt_kriteria,train,"Berdasarkan kriteria hatespeech yang ada, apakah pesan yang disampaikan dalam teks berikut: #MataNajwaDebatJakarta lucu banget jawaban ahok.. gak nyambung. Ditanya apa di jawab apa. Kena skak mat d pertanyaan isu agama tdi. Dasar cina tolol hahaha, dianggap sebagai hatespeech?",iya
5626,id_hatespeech,id_hatespeech_nusantara_text,74b9b570-f67b-4167-b340-5876404b97f1,hate_or_noHate_zs_noopt_kriteria,train,"Berdasarkan kriteria hatespeech yang ada, apakah pesan yang disampaikan dalam teks berikut: #MataNajwaDebatJakarta topeng anda hari ini fix terbuka @aniesbaswedan .. anda sama dgn yg mendukung anda.. BAU BUSUK, dianggap sebagai hatespeech?",iya
5627,id_hatespeech,id_hatespeech_nusantara_text,74b9b570-f67b-4167-b340-5876404b97f1,hate_or_noHate_zs_noopt_kriteria,train,"Berdasarkan kriteria hatespeech yang ada, apakah pesan yang disampaikan dalam teks berikut: #MataNajwaDebatJakarta Pak Anies suka nyinyir, suka memutar balik kan fakta, ga punya program yg jelas bisanya jelekkan kinerja pak Basuki, dianggap sebagai hatespeech?",iya
5628,id_hatespeech,id_hatespeech_nusantara_text,74b9b570-f67b-4167-b340-5876404b97f1,hate_or_noHate_zs_noopt_kriteria,train,"Berdasarkan kriteria hatespeech yang ada, apakah pesan yang disampaikan dalam teks berikut: Babi... iya memang si Ahok gak jauh kayak Babi.., dianggap sebagai hatespeech?",iya
5629,id_hatespeech,id_hatespeech_nusantara_text,74b9b570-f67b-4167-b340-5876404b97f1,hate_or_noHate_zs_noopt_kriteria,train,"Berdasarkan kriteria hatespeech yang ada, apakah pesan yang disampaikan dalam teks berikut: Si tengkuk babi sipit bangke agen dajjal mau jadi onta hahaha. Orang waras juga tau kasus ahok dipaksakan!!, dianggap sebagai hatespeech?",iya
5630,id_hatespeech,id_hatespeech_nusantara_text,74b9b570-f67b-4167-b340-5876404b97f1,hate_or_noHate_zs_noopt_kriteria,train,"Berdasarkan kriteria hatespeech yang ada, apakah pesan yang disampaikan dalam teks berikut: itu kan kata ahok kafir..umat islam anti ahok karena ahok itu kafr ditambah ahok itu cina yg suka makan babi & bir, dianggap sebagai hatespeech?",iya
5631,id_hatespeech,id_hatespeech_nusantara_text,74b9b570-f67b-4167-b340-5876404b97f1,hate_or_noHate_zs_noopt_kriteria,train,"Berdasarkan kriteria hatespeech yang ada, apakah pesan yang disampaikan dalam teks berikut: gw harus bilang Babi Ahok apa dong selain kafir, gw hanya pengen gerombolannyA Babi Ahok merasakan bagaiamana klo di anjing2in, Bangsat2in, dianggap sebagai hatespeech?",iya
5632,id_hatespeech,id_hatespeech_nusantara_text,74b9b570-f67b-4167-b340-5876404b97f1,hate_or_noHate_zs_noopt_kriteria,train,"Berdasarkan kriteria hatespeech yang ada, apakah pesan yang disampaikan dalam teks berikut: sibabi china sangat biadab memperlakukan kaum PRIBUMI, dan para jongon2 spt banser & nu nusantara mendukung ketimpangan ini, biadabnya mrk!, dianggap sebagai hatespeech?",iya
5633,id_hatespeech,id_hatespeech_nusantara_text,74b9b570-f67b-4167-b340-5876404b97f1,hate_or_noHate_zs_noopt_kriteria,train,"Berdasarkan kriteria hatespeech yang ada, apakah pesan yang disampaikan dalam teks berikut: ahok kafir takut debat dengan rakyat asli pribumi nelayan dan para pakar reklamasi dari rakyat.. ahok kafir bencong, dianggap sebagai hatespeech?",iya
5634,id_hatespeech,id_hatespeech_nusantara_text,74b9b570-f67b-4167-b340-5876404b97f1,hate_or_noHate_zs_noopt_kriteria,train,"Berdasarkan kriteria hatespeech yang ada, apakah pesan yang disampaikan dalam teks berikut: nampaknya sudah satu paket penyokong cina babi pasti juga sokong LGBT, dianggap sebagai hatespeech?",iya
5635,id_hatespeech,id_hatespeech_nusantara_text,74b9b570-f67b-4167-b340-5876404b97f1,hate_or_noHate_zs_noopt_kriteria,train,"Berdasarkan kriteria hatespeech yang ada, apakah pesan yang disampaikan dalam teks berikut: kebiadaban ahok cina kafir anak2 rakyat kecil pribumi dan ibu2 islam semua digusur dari rumahnya serta kehidupannya, dianggap sebagai hatespeech?",iya
5636,id_hatespeech,id_hatespeech_nusantara_text,74b9b570-f67b-4167-b340-5876404b97f1,hate_or_noHate_zs_noopt_kriteria,train,"Berdasarkan kriteria hatespeech yang ada, apakah pesan yang disampaikan dalam teks berikut: tim ahok yg otak wc otak tumpul justru anies itu sdh komit sekali dgn pancasila ,ahok kafir sgt tdk bs berpancasila, dianggap sebagai hatespeech?",iya
5637,id_hatespeech,id_hatespeech_nusantara_text,74b9b570-f67b-4167-b340-5876404b97f1,hate_or_noHate_zs_noopt_kriteria,train,"Berdasarkan kriteria hatespeech yang ada, apakah pesan yang disampaikan dalam teks berikut: #MataNajwaDebatJakarta Pak Anies sudah meninggalkan ketenangan dan ketulusannya dalam debat malam ini, mjd agitatif dan licik. semoga kalah kau anjing, dianggap sebagai hatespeech?",iya
5638,id_hatespeech,id_hatespeech_nusantara_text,74b9b570-f67b-4167-b340-5876404b97f1,hate_or_noHate_zs_noopt_kriteria,train,"Berdasarkan kriteria hatespeech yang ada, apakah pesan yang disampaikan dalam teks berikut: SELAMA PROSES #SidangAhok WASPADAI ULAMA2 KUBU AHOK..YAKNI ULAMA2 ""MUNAFIK"" YANG SESAT DAN MENYESATKAN..!!, dianggap sebagai hatespeech?",iya
5639,id_hatespeech,id_hatespeech_nusantara_text,74b9b570-f67b-4167-b340-5876404b97f1,hate_or_noHate_zs_noopt_kriteria,train,"Berdasarkan kriteria hatespeech yang ada, apakah pesan yang disampaikan dalam teks berikut: anies akan merangkul dua2nya untuk persatuan tidak spt ente dangkal & cekak intelektual hanya jadi budak ahok kafir., dianggap sebagai hatespeech?",iya
5640,id_hatespeech,id_hatespeech_nusantara_text,74b9b570-f67b-4167-b340-5876404b97f1,hate_or_noHate_zs_noopt_kriteria,train,"Berdasarkan kriteria hatespeech yang ada, apakah pesan yang disampaikan dalam teks berikut: kebiadaban ahok cina kafir rakyat kecil yg jadi PKL & asongan2 digusur2 dan dianiaya spt teroris, ahok kafir biadab, dianggap sebagai hatespeech?",iya
5641,id_hatespeech,id_hatespeech_nusantara_text,74b9b570-f67b-4167-b340-5876404b97f1,hate_or_noHate_zs_noopt_kriteria,train,"Berdasarkan kriteria hatespeech yang ada, apakah pesan yang disampaikan dalam teks berikut: RT @LeonartoRabono: tapi kenyataanya jutaan rakyat kecil asli pribumi yg miskin justru semakin dimiskinkan oleh ahok cina kafir...., dianggap sebagai hatespeech?",iya
5642,id_hatespeech,id_hatespeech_nusantara_text,74b9b570-f67b-4167-b340-5876404b97f1,hate_or_noHate_zs_noopt_kriteria,train,"Berdasarkan kriteria hatespeech yang ada, apakah pesan yang disampaikan dalam teks berikut: Itulah Indonesia. Yg dibully org yg bener.Yg salah dan binatang2 seperti nomor tiga dibiarin berkeliaran #matanajwadebatjakarta pak an https://t.co/jYSg6x1A, dianggap sebagai hatespeech?",iya
5643,id_hatespeech,id_hatespeech_nusantara_text,74b9b570-f67b-4167-b340-5876404b97f1,hate_or_noHate_zs_noopt_kriteria,train,"Berdasarkan kriteria hatespeech yang ada, apakah pesan yang disampaikan dalam teks berikut: #SidangAhok smg sipenista agama n ateknya matinya tdk wjar n jasadnya tdk dtrma tnh n dia tdk prnh mrs kn sorga,aamiin semoga tuhan setuju, dianggap sebagai hatespeech?",iya
5644,id_hatespeech,id_hatespeech_nusantara_text,74b9b570-f67b-4167-b340-5876404b97f1,hate_or_noHate_zs_noopt_kriteria,train,"Berdasarkan kriteria hatespeech yang ada, apakah pesan yang disampaikan dalam teks berikut: iya,kelasnya penista agama,bs nya cm ngebacot doang yg arogan sk blg taik"" nenek lu,oh ya sumber waras n nama d kasus E ktp apkabar?skakmat, dianggap sebagai hatespeech?",iya
5645,id_hatespeech,id_hatespeech_nusantara_text,74b9b570-f67b-4167-b340-5876404b97f1,hate_or_noHate_zs_noopt_kriteria,train,"Berdasarkan kriteria hatespeech yang ada, apakah pesan yang disampaikan dalam teks berikut: Penjarakan semua cina kafir dan ateis! Termasuk Ahok pemimpin babi tukang korupsi!, dianggap sebagai hatespeech?",iya
5646,id_hatespeech,id_hatespeech_nusantara_text,74b9b570-f67b-4167-b340-5876404b97f1,hate_or_noHate_zs_noopt_kriteria,train,"Berdasarkan kriteria hatespeech yang ada, apakah pesan yang disampaikan dalam teks berikut: Kampanye rasis ngmg nya pihak ahok yg di untungkan.. Goblok kafir mana ada di untungkan.. Kalau pada di perkosa bunuh lu enak berduit, dianggap sebagai hatespeech?",iya
5647,id_hatespeech,id_hatespeech_nusantara_text,74b9b570-f67b-4167-b340-5876404b97f1,hate_or_noHate_zs_noopt_kriteria,train,"Berdasarkan kriteria hatespeech yang ada, apakah pesan yang disampaikan dalam teks berikut: hahaha idiot bilang kpd orang2 kafir terurama para nasrani pendukung2 ahok kafir jangan memasuki wilayah2 syariat islam, dianggap sebagai hatespeech?",iya
5648,id_hatespeech,id_hatespeech_nusantara_text,74b9b570-f67b-4167-b340-5876404b97f1,hate_or_noHate_zs_noopt_kriteria,train,"Berdasarkan kriteria hatespeech yang ada, apakah pesan yang disampaikan dalam teks berikut: I HASIL MAKMAK KALIAN JUAL PUKINYA. BAGI KSLIAN YG BERPIHAK KEPADA PKI DAN SI AHOK ANAK CHINA ANJING KAFIR INI. SERTA NKRI BUKAN DIDAPAT, dianggap sebagai hatespeech?",iya
5649,id_hatespeech,id_hatespeech_nusantara_text,74b9b570-f67b-4167-b340-5876404b97f1,hate_or_noHate_zs_noopt_kriteria,train,"Berdasarkan kriteria hatespeech yang ada, apakah pesan yang disampaikan dalam teks berikut: Tim pendukung sakit jiwa, kehilangan akal sehat & ide #IklanAhokJahat, dianggap sebagai hatespeech?",iya
5650,id_hatespeech,id_hatespeech_nusantara_text,74b9b570-f67b-4167-b340-5876404b97f1,hate_or_noHate_zs_noopt_kriteria,train,"Berdasarkan kriteria hatespeech yang ada, apakah pesan yang disampaikan dalam teks berikut: #IklanAhokJahat Hati hati Mereka Mulai Prustasi dan Memainkan Cara cara Kasar !! Karena hasil dari berbagai survei si penista agama kalah!!, dianggap sebagai hatespeech?",iya
5651,id_hatespeech,id_hatespeech_nusantara_text,74b9b570-f67b-4167-b340-5876404b97f1,hate_or_noHate_zs_noopt_kriteria,train,"Berdasarkan kriteria hatespeech yang ada, apakah pesan yang disampaikan dalam teks berikut: HOOKK, masuk gorong"" aja loe #IklanAhokJahat, dianggap sebagai hatespeech?",iya
5652,id_hatespeech,id_hatespeech_nusantara_text,74b9b570-f67b-4167-b340-5876404b97f1,hate_or_noHate_zs_noopt_kriteria,train,"Berdasarkan kriteria hatespeech yang ada, apakah pesan yang disampaikan dalam teks berikut: Kayak gini nih kampanye Tim AniesSandiUno ke kampung2 mengintimidasi masyarakat. Kampungan ye? #ASUtenan, dianggap sebagai hatespeech?",iya
5653,id_hatespeech,id_hatespeech_nusantara_text,74b9b570-f67b-4167-b340-5876404b97f1,hate_or_noHate_zs_noopt_kriteria,train,"Berdasarkan kriteria hatespeech yang ada, apakah pesan yang disampaikan dalam teks berikut: SI KUTIL BABI TELAH MELECEHKAN PRIBUMI DAN UMAT ISLAM #IklanAhokJahat, dianggap sebagai hatespeech?",iya
5654,id_hatespeech,id_hatespeech_nusantara_text,74b9b570-f67b-4167-b340-5876404b97f1,hate_or_noHate_zs_noopt_kriteria,train,"Berdasarkan kriteria hatespeech yang ada, apakah pesan yang disampaikan dalam teks berikut: NGOMONG AJA ENTE SAMA KACA! MEMECAH BELAH KERUKUNAN LAGI HOK ENTE BISANYA. NGACO! #IklanAhokJahat, dianggap sebagai hatespeech?",iya
5655,id_hatespeech,id_hatespeech_nusantara_text,74b9b570-f67b-4167-b340-5876404b97f1,hate_or_noHate_zs_noopt_kriteria,train,"Berdasarkan kriteria hatespeech yang ada, apakah pesan yang disampaikan dalam teks berikut: #iklanahokjahat Terorist nyata di Indonesia... Bukan wahabi, bukan Onta Tapi Babi Babi milik Cina Penebar Teror sesungguhnya...., dianggap sebagai hatespeech?",iya
5656,id_hatespeech,id_hatespeech_nusantara_text,74b9b570-f67b-4167-b340-5876404b97f1,hate_or_noHate_zs_noopt_kriteria,train,"Berdasarkan kriteria hatespeech yang ada, apakah pesan yang disampaikan dalam teks berikut: RT @TerorisSocmed: Sadarlah wahai anak Bangsa, Ibu Pertiwi Sedang Diporakporandakan Oleh Manusia BIADAB @basuki_btp Sebagai Aktor Utama, dianggap sebagai hatespeech?",iya
5657,id_hatespeech,id_hatespeech_nusantara_text,74b9b570-f67b-4167-b340-5876404b97f1,hate_or_noHate_zs_noopt_kriteria,train,"Berdasarkan kriteria hatespeech yang ada, apakah pesan yang disampaikan dalam teks berikut: Sepertinya gerombolan @basuki_btp rindu kerusuhan, hati2 dikabul Tuhan #IklanAhokJahat, dianggap sebagai hatespeech?",iya
5658,id_hatespeech,id_hatespeech_nusantara_text,74b9b570-f67b-4167-b340-5876404b97f1,hate_or_noHate_zs_noopt_kriteria,train,"Berdasarkan kriteria hatespeech yang ada, apakah pesan yang disampaikan dalam teks berikut: Ahok and Bani serbet and wereng Coklat MEMANCING UMAT MUSLIM supaya marah? dengan #IklanAhokJahat. KALIAN ITU KUMPULAN ORANG SINTING, dianggap sebagai hatespeech?",iya
5659,id_hatespeech,id_hatespeech_nusantara_text,74b9b570-f67b-4167-b340-5876404b97f1,hate_or_noHate_zs_noopt_kriteria,train,"Berdasarkan kriteria hatespeech yang ada, apakah pesan yang disampaikan dalam teks berikut: #IklanAhokJahat baru ada direzim jokopret,setan,iblis,dajjal dibangkitkan dr kuburnya. Mereka gembira berpesta pora setelah lama dibelenggu, dianggap sebagai hatespeech?",iya
5660,id_hatespeech,id_hatespeech_nusantara_text,74b9b570-f67b-4167-b340-5876404b97f1,hate_or_noHate_zs_noopt_kriteria,train,"Berdasarkan kriteria hatespeech yang ada, apakah pesan yang disampaikan dalam teks berikut: Yang anti cina & mau ganyang cina tuh siapaaaa..??? kami cuma anti AHOK sang Penista Agama! #kampanyeAhokJahat #IklanAhokJahat #kampanyeSARA, dianggap sebagai hatespeech?",iya
5661,id_hatespeech,id_hatespeech_nusantara_text,74b9b570-f67b-4167-b340-5876404b97f1,hate_or_noHate_zs_noopt_kriteria,train,"Berdasarkan kriteria hatespeech yang ada, apakah pesan yang disampaikan dalam teks berikut: Udah bingung kalik mau pakai cara apa untuk kampanye. Sampai2 bikin fitnah yang kayak begituan. Depresi ya takut kalah? #IklanAhokJahat, dianggap sebagai hatespeech?",iya
5662,id_hatespeech,id_hatespeech_nusantara_text,74b9b570-f67b-4167-b340-5876404b97f1,hate_or_noHate_zs_noopt_kriteria,train,"Berdasarkan kriteria hatespeech yang ada, apakah pesan yang disampaikan dalam teks berikut: Tahukah Anda apa persamaan antara malin kundang dengan Ahok? mereka berdua sama-sam DURHAKA!!!!!!! #ASBAK #iklanahokjahat #kampanyeahokjahat, dianggap sebagai hatespeech?",iya
5663,id_hatespeech,id_hatespeech_nusantara_text,74b9b570-f67b-4167-b340-5876404b97f1,hate_or_noHate_zs_noopt_kriteria,train,"Berdasarkan kriteria hatespeech yang ada, apakah pesan yang disampaikan dalam teks berikut: HADUH KELAKUANMU HOK, SOK-SOKAN MENJAGA KEBERAGAMAN PADAHAL PROVOKATOR & RASIS!! #IklanAhokJahat, dianggap sebagai hatespeech?",iya
5664,id_hatespeech,id_hatespeech_nusantara_text,74b9b570-f67b-4167-b340-5876404b97f1,hate_or_noHate_zs_noopt_kriteria,train,"Berdasarkan kriteria hatespeech yang ada, apakah pesan yang disampaikan dalam teks berikut: RT @sarwandi_sr: #IklanAhokJahat bikin darah mendidih. bangsat penuh dengan propaganda. emang lo kira islam radikal ?Kalau kami mau, dianggap sebagai hatespeech?",iya
5665,id_hatespeech,id_hatespeech_nusantara_text,74b9b570-f67b-4167-b340-5876404b97f1,hate_or_noHate_zs_noopt_kriteria,train,"Berdasarkan kriteria hatespeech yang ada, apakah pesan yang disampaikan dalam teks berikut: Kapolda Babi! Biadap dan Bodoh! Gak punya otak kali., dianggap sebagai hatespeech?",iya
5666,id_hatespeech,id_hatespeech_nusantara_text,74b9b570-f67b-4167-b340-5876404b97f1,hate_or_noHate_zs_noopt_kriteria,train,"Berdasarkan kriteria hatespeech yang ada, apakah pesan yang disampaikan dalam teks berikut: Jangan2 lagi deh @basuki_btp hina islam, anda itu manusia hina dibandingkan agama yang mulia, anda bukan siapa2 & bukan apa2 #IklanAhokJahat, dianggap sebagai hatespeech?",iya
5667,id_hatespeech,id_hatespeech_nusantara_text,74b9b570-f67b-4167-b340-5876404b97f1,hate_or_noHate_zs_noopt_kriteria,train,"Berdasarkan kriteria hatespeech yang ada, apakah pesan yang disampaikan dalam teks berikut: AHOK KAFIR DAN BUDAK2NYA ATAU ANJING2 NYA HANYA SEBAGAI SAMPAH AGAMA ISLAM DAN SAMPAH MASYARAKAT, dianggap sebagai hatespeech?",iya
5668,id_hatespeech,id_hatespeech_nusantara_text,74b9b570-f67b-4167-b340-5876404b97f1,hate_or_noHate_zs_noopt_kriteria,train,"Berdasarkan kriteria hatespeech yang ada, apakah pesan yang disampaikan dalam teks berikut: umat agama islam dijakarta sangat haram dan sangat najis sekali dengan ahok kafir kristen..., dianggap sebagai hatespeech?",iya
5669,id_hatespeech,id_hatespeech_nusantara_text,74b9b570-f67b-4167-b340-5876404b97f1,hate_or_noHate_zs_noopt_kriteria,train,"Berdasarkan kriteria hatespeech yang ada, apakah pesan yang disampaikan dalam teks berikut: 19 april CNN kibarkan bendera kuning atas kematian ahok-djarot...., dianggap sebagai hatespeech?",iya
5670,id_hatespeech,id_hatespeech_nusantara_text,74b9b570-f67b-4167-b340-5876404b97f1,hate_or_noHate_zs_noopt_kriteria,train,"Berdasarkan kriteria hatespeech yang ada, apakah pesan yang disampaikan dalam teks berikut: itulah akibat ulah orang2 kafir nasrani persis seperti ahok kafir yg melarang jilbab kepada anak2 sekokah di jakarta...., dianggap sebagai hatespeech?",iya
5671,id_hatespeech,id_hatespeech_nusantara_text,74b9b570-f67b-4167-b340-5876404b97f1,hate_or_noHate_zs_noopt_kriteria,train,"Berdasarkan kriteria hatespeech yang ada, apakah pesan yang disampaikan dalam teks berikut: baswedan pantas jadi gubernur jakarta dan komisioner KPK..... ahok kafir pantasnya jadi germo di alexis...., dianggap sebagai hatespeech?",iya
5672,id_hatespeech,id_hatespeech_nusantara_text,74b9b570-f67b-4167-b340-5876404b97f1,hate_or_noHate_zs_noopt_kriteria,train,"Berdasarkan kriteria hatespeech yang ada, apakah pesan yang disampaikan dalam teks berikut: RT @yudijannis: #IklanAhokJahat bagaimana klo kita ganyang beneran hok?itu sih maunya elo ya hok,adu domba pribumi dengan tionghoa!!jangan, dianggap sebagai hatespeech?",iya
5673,id_hatespeech,id_hatespeech_nusantara_text,74b9b570-f67b-4167-b340-5876404b97f1,hate_or_noHate_zs_noopt_kriteria,train,"Berdasarkan kriteria hatespeech yang ada, apakah pesan yang disampaikan dalam teks berikut: masalahnya djarot tidak bisa memikirkan rakyat kecil pribumi bisanya hanya membabu kpd cina2 betul2 songong jongkok., dianggap sebagai hatespeech?",iya
5674,id_hatespeech,id_hatespeech_nusantara_text,74b9b570-f67b-4167-b340-5876404b97f1,hate_or_noHate_zs_noopt_kriteria,train,"Berdasarkan kriteria hatespeech yang ada, apakah pesan yang disampaikan dalam teks berikut: otak wc otak babi yg menerima ahok kafir & kamu, ahok kafir bkn sekedar menghina sdh anggap islam itu sampah, dianggap sebagai hatespeech?",iya
5675,id_hatespeech,id_hatespeech_nusantara_text,74b9b570-f67b-4167-b340-5876404b97f1,hate_or_noHate_zs_noopt_kriteria,train,"Berdasarkan kriteria hatespeech yang ada, apakah pesan yang disampaikan dalam teks berikut: DALAM PUTARAN DUA NANTI JIKA SAMPAI AHOK KAFIR CURANG UMAT ISLAM SUDAH KOMITMEN JAKARTA AKAN DIJADIKAN LAUTAN API, SUDAH TIDAK MIKIR HUKUM, dianggap sebagai hatespeech?",iya
5676,id_hatespeech,id_hatespeech_nusantara_text,74b9b570-f67b-4167-b340-5876404b97f1,hate_or_noHate_zs_noopt_kriteria,train,"Berdasarkan kriteria hatespeech yang ada, apakah pesan yang disampaikan dalam teks berikut: #IKLANAHOKJAHAT AHOK MENCIPTAKAN BARA API ANTARA RAKYAT PRIBUMI DENGAN TIONGHOA YG DIBALUT DENGAN PHOBIA.... AHOK KAFIR RASIS..., dianggap sebagai hatespeech?",iya
5677,id_hatespeech,id_hatespeech_nusantara_text,74b9b570-f67b-4167-b340-5876404b97f1,hate_or_noHate_zs_noopt_kriteria,train,"Berdasarkan kriteria hatespeech yang ada, apakah pesan yang disampaikan dalam teks berikut: jangan heran pemerintahan jokowi sekarang ini budaknya kulinya cina2 ahok kafir dan 9 naga..., dianggap sebagai hatespeech?",iya
5678,id_hatespeech,id_hatespeech_nusantara_text,74b9b570-f67b-4167-b340-5876404b97f1,hate_or_noHate_zs_noopt_kriteria,train,"Berdasarkan kriteria hatespeech yang ada, apakah pesan yang disampaikan dalam teks berikut: Ya itu namanya cawgub goblok gak ngerti peraturan debat....kelihatan bego dan liciknya itu sandiaga uno., dianggap sebagai hatespeech?",iya
5679,id_hatespeech,id_hatespeech_nusantara_text,74b9b570-f67b-4167-b340-5876404b97f1,hate_or_noHate_zs_noopt_kriteria,train,"Berdasarkan kriteria hatespeech yang ada, apakah pesan yang disampaikan dalam teks berikut: BODOH jika para pendukung ahok yg Muslim tidak tersinggung sama sekali ! Tapi bisa aja sih Qur'an d hina saja mrka diam #IklanAhokJahat, dianggap sebagai hatespeech?",iya
5680,id_hatespeech,id_hatespeech_nusantara_text,74b9b570-f67b-4167-b340-5876404b97f1,hate_or_noHate_zs_noopt_kriteria,train,"Berdasarkan kriteria hatespeech yang ada, apakah pesan yang disampaikan dalam teks berikut: Gubraaaaak!!!! Malu liatnya... Untung semalem debat ga kaya MATA NAJWA.. Coba kalo formatnya sama pasti Ringsek dah pasangan ASU..., dianggap sebagai hatespeech?",iya
5681,id_hatespeech,id_hatespeech_nusantara_text,74b9b570-f67b-4167-b340-5876404b97f1,hate_or_noHate_zs_noopt_kriteria,train,"Berdasarkan kriteria hatespeech yang ada, apakah pesan yang disampaikan dalam teks berikut: YG JELAS OTAK AHOK-DJAROT SUDAH SANGAT TUMPUL SANGAT LOYO DAN STRESS..... SUDAH JEBOL HARUS DICOPOT DAN DIGANTI....., dianggap sebagai hatespeech?",iya
5682,id_hatespeech,id_hatespeech_nusantara_text,74b9b570-f67b-4167-b340-5876404b97f1,hate_or_noHate_zs_noopt_kriteria,train,"Berdasarkan kriteria hatespeech yang ada, apakah pesan yang disampaikan dalam teks berikut: AHOK KAFIR BUKAN HANYA MALING TAPI JUGA GARONG, LAHAN LAUT MILIK NELAYAN DIRAMPOK & DIRAMPAS UNTUK REKLAMASI YG MENGUNTUNGKAN CINA2 KAFIR.., dianggap sebagai hatespeech?",iya
5683,id_hatespeech,id_hatespeech_nusantara_text,74b9b570-f67b-4167-b340-5876404b97f1,hate_or_noHate_zs_noopt_kriteria,train,"Berdasarkan kriteria hatespeech yang ada, apakah pesan yang disampaikan dalam teks berikut: Sumpah bego bgt sih kesel gue. Kenapa ada org yg vote makhluk kayak Sandiaga Uno coba. Oh agama, dianggap sebagai hatespeech?",iya
5684,id_hatespeech,id_hatespeech_nusantara_text,74b9b570-f67b-4167-b340-5876404b97f1,hate_or_noHate_zs_noopt_kriteria,train,"Berdasarkan kriteria hatespeech yang ada, apakah pesan yang disampaikan dalam teks berikut: responden2 yangg goblok2 belum faham & juga wartawan beritasatu juga goblok, nanti klo anies-sandy sudah memimpin sangat mudah, dianggap sebagai hatespeech?",iya
5685,id_hatespeech,id_hatespeech_nusantara_text,74b9b570-f67b-4167-b340-5876404b97f1,hate_or_noHate_zs_noopt_kriteria,train,"Berdasarkan kriteria hatespeech yang ada, apakah pesan yang disampaikan dalam teks berikut: FPI RENOVASI MASJID ITU SANGAT TEPAT, AHOK KAFIR KRISTEN NGAPAIN NGURUSI MASJID2 APA HUBUNGANNYA....., dianggap sebagai hatespeech?",iya
5686,id_hatespeech,id_hatespeech_nusantara_text,74b9b570-f67b-4167-b340-5876404b97f1,hate_or_noHate_zs_noopt_kriteria,train,"Berdasarkan kriteria hatespeech yang ada, apakah pesan yang disampaikan dalam teks berikut: MENGAPA ahoker KRISTEN & MUNAFIK tidak berhenti mengolok2 GEREJA stiap hari? Apakah mereka memang dibriefing ahok untuk menghina si BUMI DATAR?, dianggap sebagai hatespeech?",iya
5687,id_hatespeech,id_hatespeech_nusantara_text,74b9b570-f67b-4167-b340-5876404b97f1,hate_or_noHate_zs_noopt_kriteria,train,"Berdasarkan kriteria hatespeech yang ada, apakah pesan yang disampaikan dalam teks berikut: uma surveynya si Botak yg menangkan Ahok. Karena apa? Karena dia Cina Kristen. Bukti kalo si Botak dukung sesama Cina Kristen, dianggap sebagai hatespeech?",iya
5688,id_hatespeech,id_hatespeech_nusantara_text,74b9b570-f67b-4167-b340-5876404b97f1,hate_or_noHate_zs_noopt_kriteria,train,"Berdasarkan kriteria hatespeech yang ada, apakah pesan yang disampaikan dalam teks berikut: AHOK PEMECAH BELAH UMMAT, AJARAN KRISTEN KONYOL, demi meraup suara muslim, JELAS AHOK INI RASIS, PKI TULEN, dianggap sebagai hatespeech?",iya
5689,id_hatespeech,id_hatespeech_nusantara_text,74b9b570-f67b-4167-b340-5876404b97f1,hate_or_noHate_zs_noopt_kriteria,train,"Berdasarkan kriteria hatespeech yang ada, apakah pesan yang disampaikan dalam teks berikut: Woy @aagym lu udah nonton yang ini? Fitnah? Pale lu peyang gym. https://t.co/U3QhuJpwg, dianggap sebagai hatespeech?",iya
5690,id_hatespeech,id_hatespeech_nusantara_text,74b9b570-f67b-4167-b340-5876404b97f1,hate_or_noHate_zs_noopt_kriteria,train,"Berdasarkan kriteria hatespeech yang ada, apakah pesan yang disampaikan dalam teks berikut: Ahok :memilih pemimpin Berdasarkan agama melanggar konstitusi. Sebaiknya BABI INI DI BUNGKUS aja, CONGORNYAPECAH BELAH UMAT BERAGAMA., dianggap sebagai hatespeech?",iya
5691,id_hatespeech,id_hatespeech_nusantara_text,74b9b570-f67b-4167-b340-5876404b97f1,hate_or_noHate_zs_noopt_kriteria,train,"Berdasarkan kriteria hatespeech yang ada, apakah pesan yang disampaikan dalam teks berikut: Saya pribumi, Kristen dan mendukung Ahok. Tapi saya paling anti dengan manusia2 bodoh dan goblok seperti Steven Hadisurya Sulistyo., dianggap sebagai hatespeech?",iya
5692,id_hatespeech,id_hatespeech_nusantara_text,74b9b570-f67b-4167-b340-5876404b97f1,hate_or_noHate_zs_noopt_kriteria,train,"Berdasarkan kriteria hatespeech yang ada, apakah pesan yang disampaikan dalam teks berikut: Maksudnya terbukti KORUPSI dan PENISTAAN agama nya ya om, Bangsat lo, TAIK LO, maaf gw pake Bahasa Babi Ahok., dianggap sebagai hatespeech?",iya
5693,id_hatespeech,id_hatespeech_nusantara_text,74b9b570-f67b-4167-b340-5876404b97f1,hate_or_noHate_zs_noopt_kriteria,train,"Berdasarkan kriteria hatespeech yang ada, apakah pesan yang disampaikan dalam teks berikut: Ehh TAIK, Bangsat lo, Omongan elo kayak IwAn bopeng, yg MO potong leher TNI, Bangsat lo IwAn bopeng, baek2in TNI. TAIK LO,, dianggap sebagai hatespeech?",iya
5694,id_hatespeech,id_hatespeech_nusantara_text,74b9b570-f67b-4167-b340-5876404b97f1,hate_or_noHate_zs_noopt_kriteria,train,"Berdasarkan kriteria hatespeech yang ada, apakah pesan yang disampaikan dalam teks berikut: Ehh anak anjing Ahok, Kelan itu blon siuman, mending emut2 bool basuki lagi aja sana, kasih tau sama Babi yg lain, bool basuki wangi gitu, dianggap sebagai hatespeech?",iya
5695,id_hatespeech,id_hatespeech_nusantara_text,74b9b570-f67b-4167-b340-5876404b97f1,hate_or_noHate_zs_noopt_kriteria,train,"Berdasarkan kriteria hatespeech yang ada, apakah pesan yang disampaikan dalam teks berikut: CWE CAKEP TP BEGO.PANTES GK LAKU.SI AHOK CINA BAU TAI.MAKAN BUBUR ENCER.AHOK FAHAM KOMUNIS.MENISTA ISLAM & KRISTEN, dianggap sebagai hatespeech?",iya
5696,id_hatespeech,id_hatespeech_nusantara_text,74b9b570-f67b-4167-b340-5876404b97f1,hate_or_noHate_zs_noopt_kriteria,train,"Berdasarkan kriteria hatespeech yang ada, apakah pesan yang disampaikan dalam teks berikut: Dan ajeng pasti paham si Babi Ahok klo bicara santun, BANGSAT, TAIK, ANJING, SETAN LO, dngn intonasi yg familiar tuntuna, dianggap sebagai hatespeech?",iya
5697,id_hatespeech,id_hatespeech_nusantara_text,74b9b570-f67b-4167-b340-5876404b97f1,hate_or_noHate_zs_noopt_kriteria,train,"Berdasarkan kriteria hatespeech yang ada, apakah pesan yang disampaikan dalam teks berikut: Itu dia, BUNUH AJA YG DIDEPAN MATA, DIA MAFIA KORUPTOR NYA, PENISTA AGAMA PULA, PANGGILAN POPULAR NYA BABI AHOK, dianggap sebagai hatespeech?",iya
5698,id_hatespeech,id_hatespeech_nusantara_text,74b9b570-f67b-4167-b340-5876404b97f1,hate_or_noHate_zs_noopt_kriteria,train,"Berdasarkan kriteria hatespeech yang ada, apakah pesan yang disampaikan dalam teks berikut: Gimana dgn Sumber waras.. Trans Jakarta ko jokowi diem ajah.... Harusnya si kutil babi ahok di ganyang, dianggap sebagai hatespeech?",iya
5699,id_hatespeech,id_hatespeech_nusantara_text,74b9b570-f67b-4167-b340-5876404b97f1,hate_or_noHate_zs_noopt_kriteria,train,"Berdasarkan kriteria hatespeech yang ada, apakah pesan yang disampaikan dalam teks berikut: Muka Si BABi Ahok Tuh Yg Mirip SERBET Lantai....@basuki_btp..., dianggap sebagai hatespeech?",iya
5700,id_hatespeech,id_hatespeech_nusantara_text,74b9b570-f67b-4167-b340-5876404b97f1,hate_or_noHate_zs_noopt_kriteria,train,"Berdasarkan kriteria hatespeech yang ada, apakah pesan yang disampaikan dalam teks berikut: Betul bang hancurkan merka bang, musnahkan china babi dibumi pertiwi indonesia, berkedok reklamasi itu ahok, dianggap sebagai hatespeech?",iya
5701,id_hatespeech,id_hatespeech_nusantara_text,74b9b570-f67b-4167-b340-5876404b97f1,hate_or_noHate_zs_noopt_kriteria,train,"Berdasarkan kriteria hatespeech yang ada, apakah pesan yang disampaikan dalam teks berikut: Sapa Yg bilang Ahok anti korupsi!?, klo grombolannyA NGOMONG gtu wajar, AHOK ITU MAFIA KORUPTOR SANG PENISTA AGAMA YG DILINDUNGI ISTANA PKI, dianggap sebagai hatespeech?",iya
5702,id_hatespeech,id_hatespeech_nusantara_text,74b9b570-f67b-4167-b340-5876404b97f1,hate_or_noHate_zs_noopt_kriteria,train,"Berdasarkan kriteria hatespeech yang ada, apakah pesan yang disampaikan dalam teks berikut: Gw juga ngimpi SENTILIN BIJI BABI AHOK, pcetar Pcetar, langsung kejang2 die, ngadu ke Jkw, Jkw: makanye sunat dulu, bru NGOMONG Almaidah., dianggap sebagai hatespeech?",iya
5703,id_hatespeech,id_hatespeech_nusantara_text,74b9b570-f67b-4167-b340-5876404b97f1,hate_or_noHate_zs_noopt_kriteria,train,"Berdasarkan kriteria hatespeech yang ada, apakah pesan yang disampaikan dalam teks berikut: Mudah2an gw ketemu sama SI BABI IWAN BOPENG DI TPS nya anjing Ahok, dianggap sebagai hatespeech?",iya
5704,id_hatespeech,id_hatespeech_nusantara_text,b161b715-84c6-4f2a-86f9-5f4649dac925,hate_or_noHate_zs_noopt_apakah_yes_or_no,train,"Apakah teks berikut ini hatespeech ""RT @spardaxyz: Fadli Zon Minta Mendagri Segera Menonaktifkan Ahok Jadi Gubernur DKI https:\/\/t.co\/KH5vIRwPdO""?",tidak
5705,id_hatespeech,id_hatespeech_nusantara_text,b161b715-84c6-4f2a-86f9-5f4649dac925,hate_or_noHate_zs_noopt_apakah_yes_or_no,train,"Apakah teks berikut ini hatespeech ""RT @baguscondromowo: Mereka terus melukai aksi dalam rangka memenjarakan Ahok atau Ahok gagal dalam Pilkada.""?",tidak
5706,id_hatespeech,id_hatespeech_nusantara_text,b161b715-84c6-4f2a-86f9-5f4649dac925,hate_or_noHate_zs_noopt_apakah_yes_or_no,train,"Apakah teks berikut ini hatespeech ""Sylvi: bagaimana gurbernur melakukan kekerasan perempuan? Buktinya banyak ibu2 mau foto bareng #DebatFinalPilkadaJKT""?",tidak
5707,id_hatespeech,id_hatespeech_nusantara_text,b161b715-84c6-4f2a-86f9-5f4649dac925,hate_or_noHate_zs_noopt_apakah_yes_or_no,train,"Apakah teks berikut ini hatespeech ""Ahmad Dhani Tak Puas Debat Pilkada, Masalah Jalan di Bekasi Belum Sempat Terungkap https:\/\/t.co\/m3HopPLUID\u2026""?",tidak
5708,id_hatespeech,id_hatespeech_nusantara_text,b161b715-84c6-4f2a-86f9-5f4649dac925,hate_or_noHate_zs_noopt_apakah_yes_or_no,train,"Apakah teks berikut ini hatespeech ""RT @lisdaulay28: Waspada KTP palsu.....kawal PILKADA https:\/\/t.co\/OOoERQV4SM""?",tidak
5709,id_hatespeech,id_hatespeech_nusantara_text,b161b715-84c6-4f2a-86f9-5f4649dac925,hate_or_noHate_zs_noopt_apakah_yes_or_no,train,"Apakah teks berikut ini hatespeech ""@felixsiauw masih bnyak hal agamis yg bisa dibahas, kenapa ke pilkada terus, apa tingkat keimanan anda cuma sebatas pilkada????""?",tidak
5710,id_hatespeech,id_hatespeech_nusantara_text,b161b715-84c6-4f2a-86f9-5f4649dac925,hate_or_noHate_zs_noopt_apakah_yes_or_no,train,"Apakah teks berikut ini hatespeech ""@saidaqil apa maksud pernyataan. Anda? Apa anda mengaminkan kriminalisasi Ahok?? Hati2 jg dg mulutmu pak! https:\/\/t.co\/H4ODVaY0Md""?",tidak
5711,id_hatespeech,id_hatespeech_nusantara_text,b161b715-84c6-4f2a-86f9-5f4649dac925,hate_or_noHate_zs_noopt_apakah_yes_or_no,train,"Apakah teks berikut ini hatespeech ""Ahok Akan Integrasikan Transportasi Publik dengan Sistem Single Ticketing\u2026 https:\/\/t.co\/42PH7pqV0b #infoTribun""?",tidak
5712,id_hatespeech,id_hatespeech_nusantara_text,b161b715-84c6-4f2a-86f9-5f4649dac925,hate_or_noHate_zs_noopt_apakah_yes_or_no,train,"Apakah teks berikut ini hatespeech ""Ahok mampu melawan korupsi di ibukota, bangun infrastruktur, mencoba memperbaiki dengan berbagai trobosan dan works well.""?",tidak
5713,id_hatespeech,id_hatespeech_nusantara_text,b161b715-84c6-4f2a-86f9-5f4649dac925,hate_or_noHate_zs_noopt_apakah_yes_or_no,train,"Apakah teks berikut ini hatespeech ""Awasi Kecurangan Pilkada, Agus - Sylvi Pakai Aplikasi Ini https:\/\/t.co\/xWZW4nUFIU""?",tidak
5714,id_hatespeech,id_hatespeech_nusantara_text,b161b715-84c6-4f2a-86f9-5f4649dac925,hate_or_noHate_zs_noopt_apakah_yes_or_no,train,"Apakah teks berikut ini hatespeech ""Bisa gak kita seperti Jokowi dan Ahok? Aku kalem, kamu tegas saling melengkapi. :')""?",tidak
5715,id_hatespeech,id_hatespeech_nusantara_text,b161b715-84c6-4f2a-86f9-5f4649dac925,hate_or_noHate_zs_noopt_apakah_yes_or_no,train,"Apakah teks berikut ini hatespeech ""Bos mau makan di istana ga, Di undang noh makan di istana Gebang tapinya https:\/\/t.co\/ns6cUYCpUj""?",tidak
5716,id_hatespeech,id_hatespeech_nusantara_text,b161b715-84c6-4f2a-86f9-5f4649dac925,hate_or_noHate_zs_noopt_apakah_yes_or_no,train,"Apakah teks berikut ini hatespeech ""Cuti Habis Ahok Jadi Gubernur DKI Lagi? Pengamat: Jangan Mengada-ada | Republika Online https:\/\/t.co\/T3kzvq9E4e""?",tidak
5717,id_hatespeech,id_hatespeech_nusantara_text,b161b715-84c6-4f2a-86f9-5f4649dac925,hate_or_noHate_zs_noopt_apakah_yes_or_no,train,"Apakah teks berikut ini hatespeech ""Debat terakhir Pilkada DKI Jakarta digelar Jumat malam. https:\/\/t.co\/e9ixz6Jllr""?",tidak
5718,id_hatespeech,id_hatespeech_nusantara_text,b161b715-84c6-4f2a-86f9-5f4649dac925,hate_or_noHate_zs_noopt_apakah_yes_or_no,train,"Apakah teks berikut ini hatespeech ""Demonstran FPD Malteng Desak Bawaslu Hentikan Sementara Tahapan Pilkada Maluku Tengah""?",tidak
5719,id_hatespeech,id_hatespeech_nusantara_text,b161b715-84c6-4f2a-86f9-5f4649dac925,hate_or_noHate_zs_noopt_apakah_yes_or_no,train,"Apakah teks berikut ini hatespeech ""Dulu Didesak Berhentikan Ahok Ngeles Usai Masa Cuti Pilkada, Sekarang Kampanye Mau Habis Kemendagri Ragu-ragu https:\/\/t.co\/92ss4trDcX""?",tidak
5720,id_hatespeech,id_hatespeech_nusantara_text,b161b715-84c6-4f2a-86f9-5f4649dac925,hate_or_noHate_zs_noopt_apakah_yes_or_no,train,"Apakah teks berikut ini hatespeech ""Gila gara2 pilkada, beberapa tokoh menampakkan watak aslinya.""?",tidak
5721,id_hatespeech,id_hatespeech_nusantara_text,b161b715-84c6-4f2a-86f9-5f4649dac925,hate_or_noHate_zs_noopt_apakah_yes_or_no,train,"Apakah teks berikut ini hatespeech ""Gontor Izinkan Santrinya Pulang Kampung Nyoblos Pilkada DKI | Republika Online https:\/\/t.co\/JhNOT8ecNz""?",tidak
5722,id_hatespeech,id_hatespeech_nusantara_text,b161b715-84c6-4f2a-86f9-5f4649dac925,hate_or_noHate_zs_noopt_apakah_yes_or_no,train,"Apakah teks berikut ini hatespeech ""Gubernur non-aktif DKI Jakarta, Basuki Tjahaja Purnama atau Ahok, berencana merombak struktur jabatan pegawai... https:\/\/t.co\/cdKEZxF9xO""?",tidak
5723,id_hatespeech,id_hatespeech_nusantara_text,b161b715-84c6-4f2a-86f9-5f4649dac925,hate_or_noHate_zs_noopt_apakah_yes_or_no,train,"Apakah teks berikut ini hatespeech ""HEBAT .. !!! Imam Besar Masjid Istiqlal : Kalimat Ahok 100% Tidak Ada Penistaan AGAMA .. !! SEBARKAN""?",tidak
5724,id_hatespeech,id_hatespeech_nusantara_text,b161b715-84c6-4f2a-86f9-5f4649dac925,hate_or_noHate_zs_noopt_apakah_yes_or_no,train,"Apakah teks berikut ini hatespeech ""Ibu2 aja, kalo beli telor pake milih2 sblm ditimbang. Pdh telor kan mirip2. Ibu2 itu tahu, telor ada yg busuk""?",tidak
5725,id_hatespeech,id_hatespeech_nusantara_text,b161b715-84c6-4f2a-86f9-5f4649dac925,hate_or_noHate_zs_noopt_apakah_yes_or_no,train,"Apakah teks berikut ini hatespeech ""Ini Jawaban Ahok Saat Ditanya Terkait Persiapan Debat Pilgub Terakhir Besok https:\/\/t.co\/S6rlsAR7Y9""?",tidak
5726,id_hatespeech,id_hatespeech_nusantara_text,b161b715-84c6-4f2a-86f9-5f4649dac925,hate_or_noHate_zs_noopt_apakah_yes_or_no,train,"Apakah teks berikut ini hatespeech ""Ini Pesan Ahok di Hari Pers Nasional #KitaPastiPernah https:\/\/t.co\/h0L6mrjM3R""?",tidak
5727,id_hatespeech,id_hatespeech_nusantara_text,b161b715-84c6-4f2a-86f9-5f4649dac925,hate_or_noHate_zs_noopt_apakah_yes_or_no,train,"Apakah teks berikut ini hatespeech ""Istighotsah Bersama Ahok Catut Logo NU https:\/\/t.co\/U2rPY3C25R""?",tidak
5728,id_hatespeech,id_hatespeech_nusantara_text,b161b715-84c6-4f2a-86f9-5f4649dac925,hate_or_noHate_zs_noopt_apakah_yes_or_no,train,"Apakah teks berikut ini hatespeech ""Itu yang ngomong jangan pilih Ahok Djarot pernah ngerasain banjir ga sih? :(""?",tidak
5729,id_hatespeech,id_hatespeech_nusantara_text,b161b715-84c6-4f2a-86f9-5f4649dac925,hate_or_noHate_zs_noopt_apakah_yes_or_no,train,"Apakah teks berikut ini hatespeech ""Iya aja deh dripada hoax...""?",tidak
5730,id_hatespeech,id_hatespeech_nusantara_text,b161b715-84c6-4f2a-86f9-5f4649dac925,hate_or_noHate_zs_noopt_apakah_yes_or_no,train,"Apakah teks berikut ini hatespeech ""Jadi teringat para pelacur.belia yg dijual orang tuanya.sendiri di pantura.demi sesuap nasi https:\/\/t.co\/X5DdR7m693""?",tidak
5731,id_hatespeech,id_hatespeech_nusantara_text,b161b715-84c6-4f2a-86f9-5f4649dac925,hate_or_noHate_zs_noopt_apakah_yes_or_no,train,"Apakah teks berikut ini hatespeech ""jadi yg nyebar hoax ketahuan dong ada akun twitter nya lho""?",tidak
5732,id_hatespeech,id_hatespeech_nusantara_text,b161b715-84c6-4f2a-86f9-5f4649dac925,hate_or_noHate_zs_noopt_apakah_yes_or_no,train,"Apakah teks berikut ini hatespeech ""Mpok @sylviana_murni-nya tolong Mas @AgusYudhoyono""?",tidak
5733,id_hatespeech,id_hatespeech_nusantara_text,b161b715-84c6-4f2a-86f9-5f4649dac925,hate_or_noHate_zs_noopt_apakah_yes_or_no,train,"Apakah teks berikut ini hatespeech ""Ke Bidara beli mangga. Pulang nye liwat Slipi. Jangan lupa ingetin tetangga. Untuk milih Agus sylvi. #7HariLagiMilihAHY #AgusBersamaUlama""?",tidak
5734,id_hatespeech,id_hatespeech_nusantara_text,b161b715-84c6-4f2a-86f9-5f4649dac925,hate_or_noHate_zs_noopt_apakah_yes_or_no,train,"Apakah teks berikut ini hatespeech ""Serius tapi ada selipan hiburannya \ud83d\ude06\ud83d\ude06\ud83d\ude06 #pilkadadki2017 #DebatFinalPilkadaJKT""?",tidak
5735,id_hatespeech,id_hatespeech_nusantara_text,b161b715-84c6-4f2a-86f9-5f4649dac925,hate_or_noHate_zs_noopt_apakah_yes_or_no,train,"Apakah teks berikut ini hatespeech ""Sylvie sukses blunder bikin paslon 1 drop elektabilitasnya dengan fitnah dan spin salah pilih kader #DebatFinalPilkadaJKT""?",tidak
5736,id_hatespeech,id_hatespeech_nusantara_text,b161b715-84c6-4f2a-86f9-5f4649dac925,hate_or_noHate_zs_noopt_apakah_yes_or_no,train,"Apakah teks berikut ini hatespeech ""Ahok: mari berlomba program #DebatFinalPilkadaJKT""?",tidak
5737,id_hatespeech,id_hatespeech_nusantara_text,b161b715-84c6-4f2a-86f9-5f4649dac925,hate_or_noHate_zs_noopt_apakah_yes_or_no,train,"Apakah teks berikut ini hatespeech ""#DebatFinalPilkadaJKT aduh... Kecewa pertanyaan paslon 1....""?",tidak
5738,id_hatespeech,id_hatespeech_nusantara_text,b161b715-84c6-4f2a-86f9-5f4649dac925,hate_or_noHate_zs_noopt_apakah_yes_or_no,train,"Apakah teks berikut ini hatespeech ""RT @agusdansylvi: #DebatFinalPilkadaJKT Saya pilih nomor 1. Sektor informal akan dimajukan mas Agus dan Mpok Sylvi.""?",tidak
5739,id_hatespeech,id_hatespeech_nusantara_text,b161b715-84c6-4f2a-86f9-5f4649dac925,hate_or_noHate_zs_noopt_apakah_yes_or_no,train,"Apakah teks berikut ini hatespeech ""RT @JTmor: Ahok pilihan terbaik untuk Jakarta""?",tidak
5740,id_hatespeech,id_hatespeech_nusantara_text,b161b715-84c6-4f2a-86f9-5f4649dac925,hate_or_noHate_zs_noopt_apakah_yes_or_no,train,"Apakah teks berikut ini hatespeech ""RT @augustfrankto: #DebatFinalPilkadaJKT Bu Silvy curhat karena pernah dimarahi sama Pak Ahok...hehe..""?",tidak
5741,id_hatespeech,id_hatespeech_nusantara_text,b161b715-84c6-4f2a-86f9-5f4649dac925,hate_or_noHate_zs_noopt_apakah_yes_or_no,train,"Apakah teks berikut ini hatespeech ""Mantap pak AHOK #DebatFinalPilkadaJKT""?",tidak
5742,id_hatespeech,id_hatespeech_nusantara_text,b161b715-84c6-4f2a-86f9-5f4649dac925,hate_or_noHate_zs_noopt_apakah_yes_or_no,train,"Apakah teks berikut ini hatespeech ""Ahok gagah kaya gatot kaca! #DebatFinalPilkadaJKT""?",tidak
5743,id_hatespeech,id_hatespeech_nusantara_text,b161b715-84c6-4f2a-86f9-5f4649dac925,hate_or_noHate_zs_noopt_apakah_yes_or_no,train,"Apakah teks berikut ini hatespeech ""Telaaaakkk nomer satuuuu. Nghahahaha #DebatFinalPilkadaJKT""?",tidak
5744,id_hatespeech,id_hatespeech_nusantara_text,b161b715-84c6-4f2a-86f9-5f4649dac925,hate_or_noHate_zs_noopt_apakah_yes_or_no,train,"Apakah teks berikut ini hatespeech ""Lomba adu program #DebatFinalPilkadaJKT #SkakSilvi""?",tidak
5745,id_hatespeech,id_hatespeech_nusantara_text,b161b715-84c6-4f2a-86f9-5f4649dac925,hate_or_noHate_zs_noopt_apakah_yes_or_no,train,"Apakah teks berikut ini hatespeech ""#DebatFinalPilkadaJKT Denger banyak program dan janji dan sering tau pas jadi ga dijalankan rasanya males aja sih.""?",tidak
5746,id_hatespeech,id_hatespeech_nusantara_text,b161b715-84c6-4f2a-86f9-5f4649dac925,hate_or_noHate_zs_noopt_apakah_yes_or_no,train,"Apakah teks berikut ini hatespeech ""DEBAT CAGUB DKI ke 3 - 10 Februari 2017 - Segmen 3 Mantap Ahok SKAK Sylviana Murni\n\n#DebatFinalPilkadaJKT""?",tidak
5747,id_hatespeech,id_hatespeech_nusantara_text,b161b715-84c6-4f2a-86f9-5f4649dac925,hate_or_noHate_zs_noopt_apakah_yes_or_no,train,"Apakah teks berikut ini hatespeech ""Pertanyaan Ibu Silvy rada maksa.. #DebatFinalPilkadaJKT""?",tidak
5748,id_hatespeech,id_hatespeech_nusantara_text,b161b715-84c6-4f2a-86f9-5f4649dac925,hate_or_noHate_zs_noopt_apakah_yes_or_no,train,"Apakah teks berikut ini hatespeech ""Tanggal 15, pas pilkada nanti sy gak akan milih siapa-siapa ah!""?",tidak
5749,id_hatespeech,id_hatespeech_nusantara_text,b161b715-84c6-4f2a-86f9-5f4649dac925,hate_or_noHate_zs_noopt_apakah_yes_or_no,train,"Apakah teks berikut ini hatespeech ""Saya pribadi bakal prefer kok muslim dengan kapabilitas, tetapi lihat kondisinya Ahok menjadi pilihan plg realistis buat kemajuan DKI""?",tidak
5750,id_hatespeech,id_hatespeech_nusantara_text,b161b715-84c6-4f2a-86f9-5f4649dac925,hate_or_noHate_zs_noopt_apakah_yes_or_no,train,"Apakah teks berikut ini hatespeech ""Yang mendukung Mas Anies bukan berarti anti Pak Ahok, begitu Pula sebaliknya""?",tidak
5751,id_hatespeech,id_hatespeech_nusantara_text,b161b715-84c6-4f2a-86f9-5f4649dac925,hate_or_noHate_zs_noopt_apakah_yes_or_no,train,"Apakah teks berikut ini hatespeech ""Spanduk Tolak Salatkan Pembela Penista Agama juga Muncul di Kalibata https:\/\/t.co\/Sr1PbYtigN""?",tidak
5752,id_hatespeech,id_hatespeech_nusantara_text,b161b715-84c6-4f2a-86f9-5f4649dac925,hate_or_noHate_zs_noopt_apakah_yes_or_no,train,"Apakah teks berikut ini hatespeech ""#DebatFinalPilkadaJKT Telak banget anjir ngakak!""?",tidak
5753,id_hatespeech,id_hatespeech_nusantara_text,b161b715-84c6-4f2a-86f9-5f4649dac925,hate_or_noHate_zs_noopt_apakah_yes_or_no,train,"Apakah teks berikut ini hatespeech ""Ayo berlomba program jangan fitnah2 #DebatFinalPilkadaJKT""?",tidak
5754,id_hatespeech,id_hatespeech_nusantara_text,b161b715-84c6-4f2a-86f9-5f4649dac925,hate_or_noHate_zs_noopt_apakah_yes_or_no,train,"Apakah teks berikut ini hatespeech ""RT @deelestari: Akhirnya nggak ngantuk lagi! Yeay! #DebatFinalPilkadaJKT""?",tidak
5755,id_hatespeech,id_hatespeech_nusantara_text,b161b715-84c6-4f2a-86f9-5f4649dac925,hate_or_noHate_zs_noopt_apakah_yes_or_no,train,"Apakah teks berikut ini hatespeech ""Duh dibilang ga punya program paslon 1... kesian kesian kesian ... #debatfinalpilkadajkt""?",tidak
5756,id_hatespeech,id_hatespeech_nusantara_text,b161b715-84c6-4f2a-86f9-5f4649dac925,hate_or_noHate_zs_noopt_apakah_yes_or_no,train,"Apakah teks berikut ini hatespeech ""Tuntut Keadilan Bagi Penista Agama, Puluhan Jawara Betawi Ikuti Aksi 212 Jilid II https:\/\/t.co\/HWVuoZyYov""?",tidak
5757,id_hatespeech,id_hatespeech_nusantara_text,b161b715-84c6-4f2a-86f9-5f4649dac925,hate_or_noHate_zs_noopt_apakah_yes_or_no,train,"Apakah teks berikut ini hatespeech ""Keras nih ahok #DebatFinalPilkadaJKT""?",tidak
5758,id_hatespeech,id_hatespeech_nusantara_text,b161b715-84c6-4f2a-86f9-5f4649dac925,hate_or_noHate_zs_noopt_apakah_yes_or_no,train,"Apakah teks berikut ini hatespeech ""Paslon 3 Anies Sandiaga Uno 15 Feb 2017 Utk Jakarta Indonesia Raya OK OCE""?",tidak
5759,id_hatespeech,id_hatespeech_nusantara_text,b161b715-84c6-4f2a-86f9-5f4649dac925,hate_or_noHate_zs_noopt_apakah_yes_or_no,train,"Apakah teks berikut ini hatespeech ""Sesuai namanya: RONDE FINAL\n\n#DebatFinalPilkadaJKT""?",tidak
5760,id_hatespeech,id_hatespeech_nusantara_text,b161b715-84c6-4f2a-86f9-5f4649dac925,hate_or_noHate_zs_noopt_apakah_yes_or_no,train,"Apakah teks berikut ini hatespeech ""Mendagri Tambah Pusing, Ketika MA Emoh Keluarkan Fatwa Status Gubernur Penista Agama https:\/\/t.co\/J34aMQiMNi""?",tidak
5761,id_hatespeech,id_hatespeech_nusantara_text,b161b715-84c6-4f2a-86f9-5f4649dac925,hate_or_noHate_zs_noopt_apakah_yes_or_no,train,"Apakah teks berikut ini hatespeech ""Tolong adu program""?",tidak
5762,id_hatespeech,id_hatespeech_nusantara_text,b161b715-84c6-4f2a-86f9-5f4649dac925,hate_or_noHate_zs_noopt_apakah_yes_or_no,train,"Apakah teks berikut ini hatespeech ""Genderang perang makin kencang #DebatFinalPilkadaJKT""?",tidak
5763,id_hatespeech,id_hatespeech_nusantara_text,b161b715-84c6-4f2a-86f9-5f4649dac925,hate_or_noHate_zs_noopt_apakah_yes_or_no,train,"Apakah teks berikut ini hatespeech ""Mpok sylvi udah mulai emosi \ud83d\ude02\n #DebatFinalPilkadaJKT""?",tidak
5764,id_hatespeech,id_hatespeech_nusantara_text,b161b715-84c6-4f2a-86f9-5f4649dac925,hate_or_noHate_zs_noopt_apakah_yes_or_no,train,"Apakah teks berikut ini hatespeech ""Some people gabisa bedain kasar sama tegas. #DebatFinalPilkadaJKT""?",tidak
5765,id_hatespeech,id_hatespeech_nusantara_text,b161b715-84c6-4f2a-86f9-5f4649dac925,hate_or_noHate_zs_noopt_apakah_yes_or_no,train,"Apakah teks berikut ini hatespeech ""Beliau para pemimpin hebat Indonesia! Kita bangga https:\/\/t.co\/NAWbps9Xpt https:\/\/t.co\/5cC2U9AIEv""?",tidak
5766,id_hatespeech,id_hatespeech_nusantara_text,b161b715-84c6-4f2a-86f9-5f4649dac925,hate_or_noHate_zs_noopt_apakah_yes_or_no,train,"Apakah teks berikut ini hatespeech ""@InformasiDKI mungkin bu silvy jg pengen foto sama pak ahok hihihi #DebatFinalPilkadaJKT""?",tidak
5767,id_hatespeech,id_hatespeech_nusantara_text,b161b715-84c6-4f2a-86f9-5f4649dac925,hate_or_noHate_zs_noopt_apakah_yes_or_no,train,"Apakah teks berikut ini hatespeech ""#DebatFinalPilkadaJKT Mulai saling serang deh""?",tidak
5768,id_hatespeech,id_hatespeech_nusantara_text,b161b715-84c6-4f2a-86f9-5f4649dac925,hate_or_noHate_zs_noopt_apakah_yes_or_no,train,"Apakah teks berikut ini hatespeech ""RT @InaKinoy: baca ini dulu lah biar mendinginkan suasana #DebatFinalPilkadaJKT https:\/\/t.co\/Em9GCKc4qe""?",tidak
5769,id_hatespeech,id_hatespeech_nusantara_text,b161b715-84c6-4f2a-86f9-5f4649dac925,hate_or_noHate_zs_noopt_apakah_yes_or_no,train,"Apakah teks berikut ini hatespeech ""ayo berlomba program jgn pitnah doank.. #DebatFinalPilkadaJKT #BadjaPastimenang""?",tidak
5770,id_hatespeech,id_hatespeech_nusantara_text,b161b715-84c6-4f2a-86f9-5f4649dac925,hate_or_noHate_zs_noopt_apakah_yes_or_no,train,"Apakah teks berikut ini hatespeech ""RT @qronoz: Pokoknya kalo Ahok udah ngomong: Aduuuuuuh KELAR. #DebatFinalPilkadaJKT""?",tidak
5771,id_hatespeech,id_hatespeech_nusantara_text,b161b715-84c6-4f2a-86f9-5f4649dac925,hate_or_noHate_zs_noopt_apakah_yes_or_no,train,"Apakah teks berikut ini hatespeech ""Senjata makan tuan #DebatFinalPilkadaJKT #DebatFinalDKI""?",tidak
5772,id_hatespeech,id_hatespeech_nusantara_text,b161b715-84c6-4f2a-86f9-5f4649dac925,hate_or_noHate_zs_noopt_apakah_yes_or_no,train,"Apakah teks berikut ini hatespeech ""Ahok kekerasan verbal? Masa koruptor dielus2 #DebatFinalPilkadaJKT""?",tidak
5773,id_hatespeech,id_hatespeech_nusantara_text,b161b715-84c6-4f2a-86f9-5f4649dac925,hate_or_noHate_zs_noopt_apakah_yes_or_no,train,"Apakah teks berikut ini hatespeech ""RT @qronoz: Gak ada program yang mau diserang yang diserang karakternya. AHaY! \ud83d\ude02 #DebatFinalPilkadaJKT""?",tidak
5774,id_hatespeech,id_hatespeech_nusantara_text,b161b715-84c6-4f2a-86f9-5f4649dac925,hate_or_noHate_zs_noopt_apakah_yes_or_no,train,"Apakah teks berikut ini hatespeech ""Terkait Jakarta tak Ramah anak apa tanggapan Pak @aniesbaswedan https:\/\/t.co\/ufA55UWBcI""?",tidak
5775,id_hatespeech,id_hatespeech_nusantara_text,b161b715-84c6-4f2a-86f9-5f4649dac925,hate_or_noHate_zs_noopt_apakah_yes_or_no,train,"Apakah teks berikut ini hatespeech ""emang OK OCE anies dan sandi dalam mengatasi urbanisasi dan lapangan kerja #DebatFinalPilkadaJKT https:\/\/t.co\/BrCeCZSkux""?",tidak
5776,id_hatespeech,id_hatespeech_nusantara_text,b161b715-84c6-4f2a-86f9-5f4649dac925,hate_or_noHate_zs_noopt_apakah_yes_or_no,train,"Apakah teks berikut ini hatespeech ""Suporternya mulai kampungan paslon masih ngomong jg ...... #DebatFinalPilkadaJKT""?",tidak
5777,id_hatespeech,id_hatespeech_nusantara_text,b161b715-84c6-4f2a-86f9-5f4649dac925,hate_or_noHate_zs_noopt_apakah_yes_or_no,train,"Apakah teks berikut ini hatespeech ""Mulai seru ni #DebatFinalPilkadaJKT""?",tidak
5778,id_hatespeech,id_hatespeech_nusantara_text,b161b715-84c6-4f2a-86f9-5f4649dac925,hate_or_noHate_zs_noopt_apakah_yes_or_no,train,"Apakah teks berikut ini hatespeech ""#DebatFinalPilkadaJKT nangis nangis ketonjok lagi""?",tidak
5779,id_hatespeech,id_hatespeech_nusantara_text,b161b715-84c6-4f2a-86f9-5f4649dac925,hate_or_noHate_zs_noopt_apakah_yes_or_no,train,"Apakah teks berikut ini hatespeech ""RT @Kafyonaa: JADI DEBAT TERAKHIR NANTI MALAM PILIHANMU JATUH KE PASLON YANG MANA? #DebatFinalPilkadaJKT #Debat3PilkadaDKI""?",tidak
5780,id_hatespeech,id_hatespeech_nusantara_text,b161b715-84c6-4f2a-86f9-5f4649dac925,hate_or_noHate_zs_noopt_apakah_yes_or_no,train,"Apakah teks berikut ini hatespeech ""RT @magendajuang: Wkwkwk udah dah pilih Anies Sandi aja :) #DebatFinalPilkadaJKT https:\/\/t.co\/hMXhjyHBnJ""?",tidak
5781,id_hatespeech,id_hatespeech_nusantara_text,b161b715-84c6-4f2a-86f9-5f4649dac925,hate_or_noHate_zs_noopt_apakah_yes_or_no,train,"Apakah teks berikut ini hatespeech ""fitnah lebih kejam loh dari pembunuhan #DebatFinalPilkadaJKT""?",tidak
5782,id_hatespeech,id_hatespeech_nusantara_text,b161b715-84c6-4f2a-86f9-5f4649dac925,hate_or_noHate_zs_noopt_apakah_yes_or_no,train,"Apakah teks berikut ini hatespeech ""mari #debatsehat. jangan coba pakai #datasesat. #DebatFinalPilkadaJKT #DebatFinalDiKompasTV""?",tidak
5783,id_hatespeech,id_hatespeech_nusantara_text,b161b715-84c6-4f2a-86f9-5f4649dac925,hate_or_noHate_zs_noopt_apakah_yes_or_no,train,"Apakah teks berikut ini hatespeech ""RT @prastow: Apapun itu, keberanian Ahok membongkar mafia anggaran menjadi tonggak penting menuju APBD yg kredibel dan akuntabel.""?",tidak
5784,id_hatespeech,id_hatespeech_nusantara_text,b161b715-84c6-4f2a-86f9-5f4649dac925,hate_or_noHate_zs_noopt_apakah_yes_or_no,train,"Apakah teks berikut ini hatespeech ""RT @SydSalesman: inilah wujud nasional-is-me dagangannya @pandji ... hebat! https:\/\/t.co\/0fYIG6c2xl""?",tidak
5785,id_hatespeech,id_hatespeech_nusantara_text,b161b715-84c6-4f2a-86f9-5f4649dac925,hate_or_noHate_zs_noopt_apakah_yes_or_no,train,"Apakah teks berikut ini hatespeech ""Pak dosen makin keliatan aslinya :(""?",tidak
5786,id_hatespeech,id_hatespeech_nusantara_text,b161b715-84c6-4f2a-86f9-5f4649dac925,hate_or_noHate_zs_noopt_apakah_yes_or_no,train,"Apakah teks berikut ini hatespeech ""RT @gabriellaanDini: Dulu di awal kampanye bukannya uda deklarasi anti SARA??? Tadinya gw pikir no.3 lebih mending dari no.1""?",tidak
5787,id_hatespeech,id_hatespeech_nusantara_text,b161b715-84c6-4f2a-86f9-5f4649dac925,hate_or_noHate_zs_noopt_apakah_yes_or_no,train,"Apakah teks berikut ini hatespeech ""#DebatFinalPilkadaJKT mateng mpok Silvy di bombardir Pak Ahok... jawaban cerdas Pak Ahok..""?",tidak
5788,id_hatespeech,id_hatespeech_nusantara_text,b161b715-84c6-4f2a-86f9-5f4649dac925,hate_or_noHate_zs_noopt_apakah_yes_or_no,train,"Apakah teks berikut ini hatespeech ""#DebatFinalPilkadaJKT mohon tenang""?",tidak
5789,id_hatespeech,id_hatespeech_nusantara_text,b161b715-84c6-4f2a-86f9-5f4649dac925,hate_or_noHate_zs_noopt_apakah_yes_or_no,train,"Apakah teks berikut ini hatespeech ""Yg no.1 nih ngomongin hal yg di luar program mulu ya. Ngga ada bhan ya bwt serang lawan.. Cape dehh! #DebatFinalDKI #DebatFinalPilkadaJKT""?",tidak
5790,id_hatespeech,id_hatespeech_nusantara_text,b161b715-84c6-4f2a-86f9-5f4649dac925,hate_or_noHate_zs_noopt_apakah_yes_or_no,train,"Apakah teks berikut ini hatespeech ""Cinta pak Ahok pokoknya #DebatFinalPilkadaJKT""?",tidak
5791,id_hatespeech,id_hatespeech_nusantara_text,b161b715-84c6-4f2a-86f9-5f4649dac925,hate_or_noHate_zs_noopt_apakah_yes_or_no,train,"Apakah teks berikut ini hatespeech ""#DebatFinalPilkadaJKT nggak cuma ibu2 yang pengen foto sama Ahok bapak2 juga lho""?",tidak
5792,id_hatespeech,id_hatespeech_nusantara_text,b161b715-84c6-4f2a-86f9-5f4649dac925,hate_or_noHate_zs_noopt_apakah_yes_or_no,train,"Apakah teks berikut ini hatespeech ""Mas Agus saya akui malam ini....rambut kamu bagus! #DebatFinalPilkadaJKT""?",tidak
5793,id_hatespeech,id_hatespeech_nusantara_text,b161b715-84c6-4f2a-86f9-5f4649dac925,hate_or_noHate_zs_noopt_apakah_yes_or_no,train,"Apakah teks berikut ini hatespeech ""RT @republikaonline: Ahok Janji Berani Tutup Tempat Hiburan Malam yang Jual Narkoba""?",tidak
5794,id_hatespeech,id_hatespeech_nusantara_text,b161b715-84c6-4f2a-86f9-5f4649dac925,hate_or_noHate_zs_noopt_apakah_yes_or_no,train,"Apakah teks berikut ini hatespeech ""Agus-Sylvi sisipkan bahasa jawa saat debat https:\/\/t.co\/fGTfXgaINx""?",tidak
5795,id_hatespeech,id_hatespeech_nusantara_text,b161b715-84c6-4f2a-86f9-5f4649dac925,hate_or_noHate_zs_noopt_apakah_yes_or_no,train,"Apakah teks berikut ini hatespeech ""RT @hariadhi: Ahok udah perhatikan penyandang disabilitas, jauuuh sebelum kandidat lain berjanji #NobarAhokDjarot #BadjaPastiJuara""?",tidak
5796,id_hatespeech,id_hatespeech_nusantara_text,b161b715-84c6-4f2a-86f9-5f4649dac925,hate_or_noHate_zs_noopt_apakah_yes_or_no,train,"Apakah teks berikut ini hatespeech ""Ahok keren!!! #DebatFinalPilkadaJKT""?",tidak
5797,id_hatespeech,id_hatespeech_nusantara_text,b161b715-84c6-4f2a-86f9-5f4649dac925,hate_or_noHate_zs_noopt_apakah_yes_or_no,train,"Apakah teks berikut ini hatespeech ""Gimana ya Tim Ahok kok makin disudutkan(?) Mungkin karena ini final kali y""?",tidak
5798,id_hatespeech,id_hatespeech_nusantara_text,b161b715-84c6-4f2a-86f9-5f4649dac925,hate_or_noHate_zs_noopt_apakah_yes_or_no,train,"Apakah teks berikut ini hatespeech ""Nih fakta buat yg asbun. #BadjaPastimenang #DebatFinalPilkadaJKT""?",tidak
5799,id_hatespeech,id_hatespeech_nusantara_text,b161b715-84c6-4f2a-86f9-5f4649dac925,hate_or_noHate_zs_noopt_apakah_yes_or_no,train,"Apakah teks berikut ini hatespeech ""Siap-siap meme CCTV. #DebatFinalPilkadaJKT #Debat3PilkadaDKI #DebatFinalDKI""?",tidak
5800,id_hatespeech,id_hatespeech_nusantara_text,b161b715-84c6-4f2a-86f9-5f4649dac925,hate_or_noHate_zs_noopt_apakah_yes_or_no,train,"Apakah teks berikut ini hatespeech ""Nyinyir tingkat nasional #DebatFinalPilkadaJKT""?",tidak
5801,id_hatespeech,id_hatespeech_nusantara_text,b161b715-84c6-4f2a-86f9-5f4649dac925,hate_or_noHate_zs_noopt_apakah_yes_or_no,train,"Apakah teks berikut ini hatespeech ""Drama bgt itu :(( #DebatFinalPilkadaJKT""?",tidak
5802,id_hatespeech,id_hatespeech_nusantara_text,b161b715-84c6-4f2a-86f9-5f4649dac925,hate_or_noHate_zs_noopt_apakah_yes_or_no,train,"Apakah teks berikut ini hatespeech ""Ini judulnya Debat atau nyerang paslon 2 ?????? #DebatFinalPilkadaJKT""?",tidak
5803,id_hatespeech,id_hatespeech_nusantara_text,b161b715-84c6-4f2a-86f9-5f4649dac925,hate_or_noHate_zs_noopt_apakah_yes_or_no,train,"Apakah teks berikut ini hatespeech ""Lha kok menyerang gitu ya #DebatFinalPilkadaJKT""?",tidak
5804,id_hatespeech,id_hatespeech_nusantara_text,b161b715-84c6-4f2a-86f9-5f4649dac925,hate_or_noHate_zs_noopt_apakah_yes_or_no,train,"Apakah teks berikut ini hatespeech ""Debat sama berantem beda tipis #DebatFinalPilkadaJKT""?",tidak
5805,id_hatespeech,id_hatespeech_nusantara_text,b161b715-84c6-4f2a-86f9-5f4649dac925,hate_or_noHate_zs_noopt_apakah_yes_or_no,train,"Apakah teks berikut ini hatespeech ""Orang tegas dibilang maki-maki orang -_- #DebatFinalPilkadaJKT""?",tidak
5806,id_hatespeech,id_hatespeech_nusantara_text,b161b715-84c6-4f2a-86f9-5f4649dac925,hate_or_noHate_zs_noopt_apakah_yes_or_no,train,"Apakah teks berikut ini hatespeech ""1 atau 2 perempuan berbeda dengan kaum perempuan #DebatFinalPilkadaJK""?",tidak
5807,id_hatespeech,id_hatespeech_nusantara_text,b161b715-84c6-4f2a-86f9-5f4649dac925,hate_or_noHate_zs_noopt_apakah_yes_or_no,train,"Apakah teks berikut ini hatespeech ""mantap OK OCE anies sandi dalam mengatasi urbanisasi dan lapangan kerja""?",tidak
5808,id_hatespeech,id_hatespeech_nusantara_text,b161b715-84c6-4f2a-86f9-5f4649dac925,hate_or_noHate_zs_noopt_apakah_yes_or_no,train,"Apakah teks berikut ini hatespeech ""RT @WisnuDewobroto: Ga seru nih. selalu mengungkit masa lalu :). kekerasan Verbal semua pernah lakukan manusia biasa. #DebatFinalPilkadaJKT""?",tidak
5809,id_hatespeech,id_hatespeech_nusantara_text,b161b715-84c6-4f2a-86f9-5f4649dac925,hate_or_noHate_zs_noopt_apakah_yes_or_no,train,"Apakah teks berikut ini hatespeech ""satu perempuan bukan semua perempuan #DebatFinalPilkadaJKT""?",tidak
5810,id_hatespeech,id_hatespeech_nusantara_text,b161b715-84c6-4f2a-86f9-5f4649dac925,hate_or_noHate_zs_noopt_apakah_yes_or_no,train,"Apakah teks berikut ini hatespeech ""#DebatFinalPilkadaJKT Pertanyaan paslon 1 dpt dikategorikan sbg kekerasan dalam debat.""?",tidak
5811,id_hatespeech,id_hatespeech_nusantara_text,b161b715-84c6-4f2a-86f9-5f4649dac925,hate_or_noHate_zs_noopt_apakah_yes_or_no,train,"Apakah teks berikut ini hatespeech ""@jokowi pak maafkan saya. Biarkan malam ini saja saya memposting ujaran kebencian. Hanya malam ini saja pak xoxo #DebatFinalPilkadaJKT""?",tidak
5812,id_hatespeech,id_hatespeech_nusantara_text,b161b715-84c6-4f2a-86f9-5f4649dac925,hate_or_noHate_zs_noopt_apakah_yes_or_no,train,"Apakah teks berikut ini hatespeech ""Semoga Allah memenangkan pak Anies-sandi https:\/\/t.co\/sns0rXRw3f""?",tidak
5813,id_hatespeech,id_hatespeech_nusantara_text,b161b715-84c6-4f2a-86f9-5f4649dac925,hate_or_noHate_zs_noopt_apakah_yes_or_no,train,"Apakah teks berikut ini hatespeech ""#DebatFinalPilkadaJKT non muslim coblos Ahok muslim coblos Djarot. Bagaimana?""?",tidak
5814,id_hatespeech,id_hatespeech_nusantara_text,b161b715-84c6-4f2a-86f9-5f4649dac925,hate_or_noHate_zs_noopt_apakah_yes_or_no,train,"Apakah teks berikut ini hatespeech ""#DebatFinalPilkadaJKT *pemimpin harus dapat ciptakan suasana damai tentram dan bukan adu domba atau hasutan""?",tidak
5815,id_hatespeech,id_hatespeech_nusantara_text,b161b715-84c6-4f2a-86f9-5f4649dac925,hate_or_noHate_zs_noopt_apakah_yes_or_no,train,"Apakah teks berikut ini hatespeech ""Saya bertanya kepada Bapak Presiden dan Kapolri OK OCE tuh apaan? #DebatFinalPilkadaJKT""?",tidak
5816,id_hatespeech,id_hatespeech_nusantara_text,b161b715-84c6-4f2a-86f9-5f4649dac925,hate_or_noHate_zs_noopt_apakah_yes_or_no,train,"Apakah teks berikut ini hatespeech ""Keliatan banget keberpihakan media #DebatFinalPilkadaJKT""?",tidak
5817,id_hatespeech,id_hatespeech_nusantara_text,b161b715-84c6-4f2a-86f9-5f4649dac925,hate_or_noHate_zs_noopt_apakah_yes_or_no,train,"Apakah teks berikut ini hatespeech ""RT @di_HatiKecil: Bagus nih ilustrasinya #DebatFinalPilkadaJKT https:\/\/t.co\/zAQLqrBiUF""?",tidak
5818,id_hatespeech,id_hatespeech_nusantara_text,b161b715-84c6-4f2a-86f9-5f4649dac925,hate_or_noHate_zs_noopt_apakah_yes_or_no,train,"Apakah teks berikut ini hatespeech ""RT @rezaoktovian: Ahok terlalu keren :')""?",tidak
5819,id_hatespeech,id_hatespeech_nusantara_text,b161b715-84c6-4f2a-86f9-5f4649dac925,hate_or_noHate_zs_noopt_apakah_yes_or_no,train,"Apakah teks berikut ini hatespeech ""isinya timeline twitter cm pilkada.. membosankan sekali..""?",tidak
5820,id_hatespeech,id_hatespeech_nusantara_text,b161b715-84c6-4f2a-86f9-5f4649dac925,hate_or_noHate_zs_noopt_apakah_yes_or_no,train,"Apakah teks berikut ini hatespeech ""Mohon tenang mohon tenang #DebatFinalPilkadaJKT""?",tidak
5821,id_hatespeech,id_hatespeech_nusantara_text,b161b715-84c6-4f2a-86f9-5f4649dac925,hate_or_noHate_zs_noopt_apakah_yes_or_no,train,"Apakah teks berikut ini hatespeech ""ah diulang. Jawabannya bisa beda kan? #DebatFinalPilkadaJKT""?",tidak
5822,id_hatespeech,id_hatespeech_nusantara_text,b161b715-84c6-4f2a-86f9-5f4649dac925,hate_or_noHate_zs_noopt_apakah_yes_or_no,train,"Apakah teks berikut ini hatespeech ""Perasaan bukan pertanyaan itu deh yg td dijawab om @aniesbaswedan audionya ga keluar atau ia ya? #DebatFinalPilkadaJKT""?",tidak
5823,id_hatespeech,id_hatespeech_nusantara_text,b161b715-84c6-4f2a-86f9-5f4649dac925,hate_or_noHate_zs_noopt_apakah_yes_or_no,train,"Apakah teks berikut ini hatespeech ""Boleh tinggal di pinggir kali meski bukan tanahnya boleh jualan di pinggir jalan""?",tidak
5824,id_hatespeech,id_hatespeech_nusantara_text,b161b715-84c6-4f2a-86f9-5f4649dac925,hate_or_noHate_zs_noopt_apakah_yes_or_no,train,"Apakah teks berikut ini hatespeech ""RT @rigenz123: Sehatkan Warga DKI Melalui #JakartaBerlari Barulah Pembangunan Dapat Sejahterakan Warganya. #DebatFinalPilkadaJKT""?",tidak
5825,id_hatespeech,id_hatespeech_nusantara_text,b161b715-84c6-4f2a-86f9-5f4649dac925,hate_or_noHate_zs_noopt_apakah_yes_or_no,train,"Apakah teks berikut ini hatespeech ""kalau kamu diputuskan pacar tanpa sebab mungkin program OKE OCE bisa jadi solusi nya #DebatFinalPilkadaJKT""?",tidak
5826,id_hatespeech,id_hatespeech_nusantara_text,b161b715-84c6-4f2a-86f9-5f4649dac925,hate_or_noHate_zs_noopt_apakah_yes_or_no,train,"Apakah teks berikut ini hatespeech ""Melibatkan yang paham pada bidangnya untuk duduk bersama memecahkan solusi. Cara kepemimpinan yg cerdas ! #DebatFinalPilkadaJKT""?",tidak
5827,id_hatespeech,id_hatespeech_nusantara_text,b161b715-84c6-4f2a-86f9-5f4649dac925,hate_or_noHate_zs_noopt_apakah_yes_or_no,train,"Apakah teks berikut ini hatespeech ""Justru laki-laki lah yang sering mengalami kekerasan verbal. Berapa kali dirimu dimarahi istrimu..? Ayo ngaku.""?",tidak
5828,id_hatespeech,id_hatespeech_nusantara_text,b161b715-84c6-4f2a-86f9-5f4649dac925,hate_or_noHate_zs_noopt_apakah_yes_or_no,train,"Apakah teks berikut ini hatespeech ""RT @TirtoID: Soal gerakan-gerakan ala @aniesbaswedan #PeriksaData #DebatFinalPilkadaJKT""?",tidak
5829,id_hatespeech,id_hatespeech_nusantara_text,b161b715-84c6-4f2a-86f9-5f4649dac925,hate_or_noHate_zs_noopt_apakah_yes_or_no,train,"Apakah teks berikut ini hatespeech ""Mayoritas warga Jakarta ingin dipimpin Gubernur baru. Emang iya? #DebatFinalPilkadaJKT""?",tidak
5830,id_hatespeech,id_hatespeech_nusantara_text,b161b715-84c6-4f2a-86f9-5f4649dac925,hate_or_noHate_zs_noopt_apakah_yes_or_no,train,"Apakah teks berikut ini hatespeech ""Paslon 1 selalu nyerang paslon 2 ni #DebatFinalPilkadaJKT""?",tidak
5831,id_hatespeech,id_hatespeech_nusantara_text,b161b715-84c6-4f2a-86f9-5f4649dac925,hate_or_noHate_zs_noopt_apakah_yes_or_no,train,"Apakah teks berikut ini hatespeech ""RT @JktMajuBersama: Upaya Anies-Sandi untuk mendukung perempuan menjadi pelaku UKM :) #DebatFinalPilkadaJKT""?",tidak
5832,id_hatespeech,id_hatespeech_nusantara_text,b161b715-84c6-4f2a-86f9-5f4649dac925,hate_or_noHate_zs_noopt_apakah_yes_or_no,train,"Apakah teks berikut ini hatespeech ""Salah satu indikator meningkatnya kualitas hidup warga Jkt adl terus bisa tersenyum seperti Pak Djarot malam ini""?",tidak
5833,id_hatespeech,id_hatespeech_nusantara_text,b161b715-84c6-4f2a-86f9-5f4649dac925,hate_or_noHate_zs_noopt_apakah_yes_or_no,train,"Apakah teks berikut ini hatespeech ""Tontonan yg wajib ditunggu sehabis #DebatFinalPilkadaJKT""?",tidak
5834,id_hatespeech,id_hatespeech_nusantara_text,b161b715-84c6-4f2a-86f9-5f4649dac925,hate_or_noHate_zs_noopt_apakah_yes_or_no,train,"Apakah teks berikut ini hatespeech ""RT @ainouun: Pak Ahok : penyandang disabilitas bukan hanya mereka, suatu saat kita juga bisa jadi. #DebatFinalPilkadaJKT""?",tidak
5835,id_hatespeech,id_hatespeech_nusantara_text,b161b715-84c6-4f2a-86f9-5f4649dac925,hate_or_noHate_zs_noopt_apakah_yes_or_no,train,"Apakah teks berikut ini hatespeech ""RT @tribunjateng: Saat Jeda, Ahok dan Djarot Sapa Ganjar Pranowo dari Atas Panggung""?",tidak
5836,id_hatespeech,id_hatespeech_nusantara_text,b161b715-84c6-4f2a-86f9-5f4649dac925,hate_or_noHate_zs_noopt_apakah_yes_or_no,train,"Apakah teks berikut ini hatespeech ""@Boojaee sayang hyung cuma pencitraan :* wkwk""?",tidak
5837,id_hatespeech,id_hatespeech_nusantara_text,b161b715-84c6-4f2a-86f9-5f4649dac925,hate_or_noHate_zs_noopt_apakah_yes_or_no,train,"Apakah teks berikut ini hatespeech ""@kurawa Msh inget sm ibu penjual kue di balaikota, cm Pak Ahok yg tau klo si ibu sakit, ibu itu langsung diurus ke rs. Ini bukan pencitraan.""?",tidak
5838,id_hatespeech,id_hatespeech_nusantara_text,b161b715-84c6-4f2a-86f9-5f4649dac925,hate_or_noHate_zs_noopt_apakah_yes_or_no,train,"Apakah teks berikut ini hatespeech ""Biar jajan naik sejuta https://t.co/veZ5PXxDfr""?",tidak
5839,id_hatespeech,id_hatespeech_nusantara_text,b161b715-84c6-4f2a-86f9-5f4649dac925,hate_or_noHate_zs_noopt_apakah_yes_or_no,train,"Apakah teks berikut ini hatespeech ""bio gw belum diganti astagfirullah rusak pencitraan cewe cantik""?",tidak
5840,id_hatespeech,id_hatespeech_nusantara_text,b161b715-84c6-4f2a-86f9-5f4649dac925,hate_or_noHate_zs_noopt_apakah_yes_or_no,train,"Apakah teks berikut ini hatespeech ""#MataNajwaDebatJakarta Ya ampun udh closing statement msh aja commentnya ky gitu ya""?",tidak
5841,id_hatespeech,id_hatespeech_nusantara_text,b161b715-84c6-4f2a-86f9-5f4649dac925,hate_or_noHate_zs_noopt_apakah_yes_or_no,train,"Apakah teks berikut ini hatespeech ""Hah uda closing statement?? Cepet bener?? #DebatFinalPilkadaJKT""?",tidak
5842,id_hatespeech,id_hatespeech_nusantara_text,b161b715-84c6-4f2a-86f9-5f4649dac925,hate_or_noHate_zs_noopt_apakah_yes_or_no,train,"Apakah teks berikut ini hatespeech ""RT @digembok: #DebatFinalPilkadaJKT kali ini keren.Biasanya ada sesi tanya-jawab Kali ini ada SESI CURHAT""?",tidak
5843,id_hatespeech,id_hatespeech_nusantara_text,b161b715-84c6-4f2a-86f9-5f4649dac925,hate_or_noHate_zs_noopt_apakah_yes_or_no,train,"Apakah teks berikut ini hatespeech ""Ketiga paslon gagal menjawab pertanyaan yang jawabannya harus memuji kebaikan paslon lain""?",tidak
5844,id_hatespeech,id_hatespeech_nusantara_text,b161b715-84c6-4f2a-86f9-5f4649dac925,hate_or_noHate_zs_noopt_apakah_yes_or_no,train,"Apakah teks berikut ini hatespeech ""Mari berjuang bersama SBYudhoyono utk memenangkan #SaduddinDhani di #PilkadaKabBekasi2017 #BekasiSAH #BekasiBerjaya""?",tidak
5845,id_hatespeech,id_hatespeech_nusantara_text,b161b715-84c6-4f2a-86f9-5f4649dac925,hate_or_noHate_zs_noopt_apakah_yes_or_no,train,"Apakah teks berikut ini hatespeech ""Jikapun aparatur bisa dibeli, kyai dan santri oplosan dibeli. Masih ada yng ASLI, siap MELAWAN KETIDAKADILAN https://t.co/riloAH9gAd""?",tidak
5846,id_hatespeech,id_hatespeech_nusantara_text,b161b715-84c6-4f2a-86f9-5f4649dac925,hate_or_noHate_zs_noopt_apakah_yes_or_no,train,"Apakah teks berikut ini hatespeech ""Pasangan mana yang unggul dalam debat kandidat Gubernur-Wagub DKI Jakarta Malam Ini?""?",tidak
5847,id_hatespeech,id_hatespeech_nusantara_text,b161b715-84c6-4f2a-86f9-5f4649dac925,hate_or_noHate_zs_noopt_apakah_yes_or_no,train,"Apakah teks berikut ini hatespeech ""Keberagaman itu datang dr hati terdalam, bukan dr pencitraan #Tetap3 #JKTBeragam""?",tidak
5848,id_hatespeech,id_hatespeech_nusantara_text,b161b715-84c6-4f2a-86f9-5f4649dac925,hate_or_noHate_zs_noopt_apakah_yes_or_no,train,"Apakah teks berikut ini hatespeech ""Membangun bangsa dan negara ini engga cukup dengan metoda pencitraan saja ,tanpa teruji lewat rekam jejak dan integritas tokohnya""?",tidak
5849,id_hatespeech,id_hatespeech_nusantara_text,b161b715-84c6-4f2a-86f9-5f4649dac925,hate_or_noHate_zs_noopt_apakah_yes_or_no,train,"Apakah teks berikut ini hatespeech ""RT @adelladellaide: Bersikap baik dan menjaga prilaku di depan umum bukan berarti pencitraan, bukan pula ""menjadi orang lain"".""?",tidak
5850,id_hatespeech,id_hatespeech_nusantara_text,b161b715-84c6-4f2a-86f9-5f4649dac925,hate_or_noHate_zs_noopt_apakah_yes_or_no,train,"Apakah teks berikut ini hatespeech ""RT @FiersaBesari: Saat jujur, ada yg curiga. Saat berbuat baik, ada yg menuduh pencitraan. Saat bahagia, ada yg iri. Abaikan.""?",tidak
5851,id_hatespeech,id_hatespeech_nusantara_text,b161b715-84c6-4f2a-86f9-5f4649dac925,hate_or_noHate_zs_noopt_apakah_yes_or_no,train,"Apakah teks berikut ini hatespeech ""Umat Islam yg peduli agama mrk, tentu tdk akan tergoda dg trik2 konyol seperti ini, InshaAllah umat Islam sdh sadar https://t.co/PFH1MPsKFO""?",tidak
5852,id_hatespeech,id_hatespeech_nusantara_text,b161b715-84c6-4f2a-86f9-5f4649dac925,hate_or_noHate_zs_noopt_apakah_yes_or_no,train,"Apakah teks berikut ini hatespeech ""#AniesIntoleran \nAnies Baswedan, tak lagi memiliki integritas dan kredibilitas sebagai seorang pemimpin. https://t.co/rv053Gt4j8""?",tidak
5853,id_hatespeech,id_hatespeech_nusantara_text,b161b715-84c6-4f2a-86f9-5f4649dac925,hate_or_noHate_zs_noopt_apakah_yes_or_no,train,"Apakah teks berikut ini hatespeech ""@agusriyadi12345 Apakah perlu semua berita ahok harus menggunakan penista agama. Misalnya Penista agama sedang kampanye di Jakarta pusat.""?",tidak
5854,id_hatespeech,id_hatespeech_nusantara_text,b161b715-84c6-4f2a-86f9-5f4649dac925,hate_or_noHate_zs_noopt_apakah_yes_or_no,train,"Apakah teks berikut ini hatespeech ""@agusriyadi12345 Apakah tidak sadis, jika semua berita tentang ahok, judulnya diawali degan Terdakwa penista agama bukan menggunakan nama?""?",tidak
5855,id_hatespeech,id_hatespeech_nusantara_text,b161b715-84c6-4f2a-86f9-5f4649dac925,hate_or_noHate_zs_noopt_apakah_yes_or_no,train,"Apakah teks berikut ini hatespeech ""@Altefalken kemarin kan ada berita tentang penyakit mengingitis dari Babi, mksd gw apa nyambungnya sama ahok?""?",tidak
5856,id_hatespeech,id_hatespeech_nusantara_text,b161b715-84c6-4f2a-86f9-5f4649dac925,hate_or_noHate_zs_noopt_apakah_yes_or_no,train,"Apakah teks berikut ini hatespeech ""@ISejunnie @AHMADDHANIPRAST artis korea bisa world tour ahmad dhani bisa ?""?",tidak
5857,id_hatespeech,id_hatespeech_nusantara_text,b161b715-84c6-4f2a-86f9-5f4649dac925,hate_or_noHate_zs_noopt_apakah_yes_or_no,train,"Apakah teks berikut ini hatespeech ""@HaqueMarissa ,, ahok di jakarta , daging babi di bali apa hubungan nya ya??""?",tidak
5858,id_hatespeech,id_hatespeech_nusantara_text,b161b715-84c6-4f2a-86f9-5f4649dac925,hate_or_noHate_zs_noopt_apakah_yes_or_no,train,"Apakah teks berikut ini hatespeech ""Ahmad Dhani Bangkrut Ditagih Utang Melalui Video, Mantan Istrinya Jadi Janda Kaya Raya: Hampir setahun berlalu, https://t.co/22InRwRR26""?",tidak
5859,id_hatespeech,id_hatespeech_nusantara_text,b161b715-84c6-4f2a-86f9-5f4649dac925,hate_or_noHate_zs_noopt_apakah_yes_or_no,train,"Apakah teks berikut ini hatespeech ""Ahmad Dhani Sentil AHOK, eh Sandiaga Uno cengar cengir.!: https://t.co/vhDAAa3ShI melalui @YouTube""?",tidak
5860,id_hatespeech,id_hatespeech_nusantara_text,b161b715-84c6-4f2a-86f9-5f4649dac925,hate_or_noHate_zs_noopt_apakah_yes_or_no,train,"Apakah teks berikut ini hatespeech ""Hehhee.. Makanya jangan mengagumi sesorng berlebihan.. Kecuali kepada Rasulullah.. https://t.co/ZXVB2DiRMg""?",tidak
5861,id_hatespeech,id_hatespeech_nusantara_text,b161b715-84c6-4f2a-86f9-5f4649dac925,hate_or_noHate_zs_noopt_apakah_yes_or_no,train,"Apakah teks berikut ini hatespeech ""#MataNajwaDebatJakarta acara uda abis menurut kalian debat sapa yang betul-betul memaparkan prog dan solusi?""?",tidak
5862,id_hatespeech,id_hatespeech_nusantara_text,b161b715-84c6-4f2a-86f9-5f4649dac925,hate_or_noHate_zs_noopt_apakah_yes_or_no,train,"Apakah teks berikut ini hatespeech ""Mereka (koruptor) meletakkan kitab suci ditempat paling rendah...tapi masih sok jadi pemilik kapling surga... https://t.co/oj5YN3WBeI""?",tidak
5863,id_hatespeech,id_hatespeech_nusantara_text,b161b715-84c6-4f2a-86f9-5f4649dac925,hate_or_noHate_zs_noopt_apakah_yes_or_no,train,"Apakah teks berikut ini hatespeech ""RT @99Ohhani: Woww dukungan Rakyat Palestina ke Ahok yg dituduhSbg penista Agama ?? mrk Mengelu2kan Ahok !!!Ahok is The Best https://t.co/""?",tidak
5864,id_hatespeech,id_hatespeech_nusantara_text,b161b715-84c6-4f2a-86f9-5f4649dac925,hate_or_noHate_zs_noopt_apakah_yes_or_no,train,"Apakah teks berikut ini hatespeech ""Pencitraan di socmed itu boleh-boleh aja. Tapi harus bisa tanggung jawab sama citra yang udh dibikin. Jangan sampe jadi malu-maluin. Kasian.""?",tidak
5865,id_hatespeech,id_hatespeech_nusantara_text,b161b715-84c6-4f2a-86f9-5f4649dac925,hate_or_noHate_zs_noopt_apakah_yes_or_no,train,"Apakah teks berikut ini hatespeech ""RT @kompascom: Kasus Kicauan Ahmad Dhani Dilimpahkan ke Polres Metro Jakarta Selatan. https://t.co/uJ0m7JernN""?",tidak
5866,id_hatespeech,id_hatespeech_nusantara_text,b161b715-84c6-4f2a-86f9-5f4649dac925,hate_or_noHate_zs_noopt_apakah_yes_or_no,train,"Apakah teks berikut ini hatespeech ""RT @kv_kahfi: Komplit bgt yaaaa..... Heran nya msh aja yg percaya dan idolain dia https://t.co/PNTYRAnaJO""?",tidak
5867,id_hatespeech,id_hatespeech_nusantara_text,b161b715-84c6-4f2a-86f9-5f4649dac925,hate_or_noHate_zs_noopt_apakah_yes_or_no,train,"Apakah teks berikut ini hatespeech ""RT @m0th3rb04rd__: bagaimana keadilan bisa tercipta jika si penista agama belum di vonis penjara\n #BerjamaahTolakReklamasi""?",tidak
5868,id_hatespeech,id_hatespeech_nusantara_text,b161b715-84c6-4f2a-86f9-5f4649dac925,hate_or_noHate_zs_noopt_apakah_yes_or_no,train,"Apakah teks berikut ini hatespeech ""RT @TeddyGusnaidi: Bro.. Kalau yg dimaksud Fatwa Penista agama, MUI gak pernah mengeluarkan Fatwa. https://t.co/x9uXhqJKCa""?",tidak
5869,id_hatespeech,id_hatespeech_nusantara_text,b161b715-84c6-4f2a-86f9-5f4649dac925,hate_or_noHate_zs_noopt_apakah_yes_or_no,train,"Apakah teks berikut ini hatespeech ""RT @TeddyGusnaidi: Sidang hari ini makin menguatkan bahwa Ahok bukan penista agama.. Ada yang bisa bantah?? \nhttps://t.co/2Ksj4snR1t""?",tidak
5870,id_hatespeech,id_hatespeech_nusantara_text,b161b715-84c6-4f2a-86f9-5f4649dac925,hate_or_noHate_zs_noopt_apakah_yes_or_no,train,"Apakah teks berikut ini hatespeech ""Sebut Ahok Bukan Akademisi, Ahmad Dhani: Secara Intelektual, Lebih Intelek Bang Anies https://t.co/YrzfmMV1LG""?",tidak
5871,id_hatespeech,id_hatespeech_nusantara_text,b161b715-84c6-4f2a-86f9-5f4649dac925,hate_or_noHate_zs_noopt_apakah_yes_or_no,train,"Apakah teks berikut ini hatespeech ""Yg melakukan Penista Agama sesungguhnya, agama yg suci digunakan alat untuk mengejar jabatan (kekuasaan) https://t.co/hKvZIpm8ZS""?",tidak
5872,id_hatespeech,id_hatespeech_nusantara_text,b161b715-84c6-4f2a-86f9-5f4649dac925,hate_or_noHate_zs_noopt_apakah_yes_or_no,train,"Apakah teks berikut ini hatespeech ""Kalah di Pilkada Bekasi, Ahmad Dhani Jadi Juru Kampanye Pasangan Anies-Sandi https://t.co/oIZpN8hYnd #NenengYes https://t.co/FGOhKhXWxt""?",tidak
5873,id_hatespeech,id_hatespeech_nusantara_text,b161b715-84c6-4f2a-86f9-5f4649dac925,hate_or_noHate_zs_noopt_apakah_yes_or_no,train,"Apakah teks berikut ini hatespeech ""#MataNajwaDebatJakarta Bravo closing statement Anies malam ini.kalau nggak ada debat saya nggak mungkin nonton mata najwa sdh lama tdk suka.""?",tidak
5874,id_hatespeech,id_hatespeech_nusantara_text,b161b715-84c6-4f2a-86f9-5f4649dac925,hate_or_noHate_zs_noopt_apakah_yes_or_no,train,"Apakah teks berikut ini hatespeech ""#MataNajwaDebatJakarta jawaban terakhir Anis jadi bikin ingat jawaban dia pas debat kemarin, ""jawaban anda menarik tapi tidak nyambung""""?",tidak
5875,id_hatespeech,id_hatespeech_nusantara_text,b161b715-84c6-4f2a-86f9-5f4649dac925,hate_or_noHate_zs_noopt_apakah_yes_or_no,train,"Apakah teks berikut ini hatespeech ""#MataNajwaDebatJakarta buzzer ahok lagi kerja keras nih,.ayo kerja2 tar gajian ga turun""?",tidak
5876,id_hatespeech,id_hatespeech_nusantara_text,b161b715-84c6-4f2a-86f9-5f4649dac925,hate_or_noHate_zs_noopt_apakah_yes_or_no,train,"Apakah teks berikut ini hatespeech ""#MataNajwaDebatJakarta kerendahan hati dan lawan kerendahan hati kelihatan banget..""?",tidak
5877,id_hatespeech,id_hatespeech_nusantara_text,b161b715-84c6-4f2a-86f9-5f4649dac925,hate_or_noHate_zs_noopt_apakah_yes_or_no,train,"Apakah teks berikut ini hatespeech ""#MataNajwaDebatJakarta kok gaya pak @aniesbaswedan kayak SBY ya?""?",tidak
5878,id_hatespeech,id_hatespeech_nusantara_text,b161b715-84c6-4f2a-86f9-5f4649dac925,hate_or_noHate_zs_noopt_apakah_yes_or_no,train,"Apakah teks berikut ini hatespeech ""#MataNajwaDebatJakarta kenyataannya si anis nyaman bgt dgn isu sara kok , kan nguntungin anis , pura2 sok bijak pdhl menikmati isu sara ,""?",tidak
5879,id_hatespeech,id_hatespeech_nusantara_text,b161b715-84c6-4f2a-86f9-5f4649dac925,hate_or_noHate_zs_noopt_apakah_yes_or_no,train,"Apakah teks berikut ini hatespeech ""#MataNajwaDebatJakarta nyesel liat debat tidak bermutu cuma bisa mencela..""?",tidak
5880,id_hatespeech,id_hatespeech_nusantara_text,b161b715-84c6-4f2a-86f9-5f4649dac925,hate_or_noHate_zs_noopt_apakah_yes_or_no,train,"Apakah teks berikut ini hatespeech ""#MataNajwaDebatJakarta.kesimpulan: Saya tdk rela punya Gub seorg Anies dan sy percaya Ahok akan menang. Salam 2 jari.""?",tidak
5881,id_hatespeech,id_hatespeech_nusantara_text,b161b715-84c6-4f2a-86f9-5f4649dac925,hate_or_noHate_zs_noopt_apakah_yes_or_no,train,"Apakah teks berikut ini hatespeech ""@ibnusungeb ahoker panas dingin ahok kalah debat Sama Anis. #MataNajwaDebatJakarta""?",tidak
5882,id_hatespeech,id_hatespeech_nusantara_text,b161b715-84c6-4f2a-86f9-5f4649dac925,hate_or_noHate_zs_noopt_apakah_yes_or_no,train,"Apakah teks berikut ini hatespeech ""Ada yg tahu ga backsound penutup mata najwa ini siapa musisinya dan apa judulnya? #MataNajwaDebatJakarta""?",tidak
5883,id_hatespeech,id_hatespeech_nusantara_text,b161b715-84c6-4f2a-86f9-5f4649dac925,hate_or_noHate_zs_noopt_apakah_yes_or_no,train,"Apakah teks berikut ini hatespeech ""#MataNajwaDebatJakarta p ahok apapun hanya Utk rakyat, p anies tkt dicurangi... Ngerti bedanya..""?",tidak
5884,id_hatespeech,id_hatespeech_nusantara_text,b161b715-84c6-4f2a-86f9-5f4649dac925,hate_or_noHate_zs_noopt_apakah_yes_or_no,train,"Apakah teks berikut ini hatespeech ""@MataNajwa mantapppp Mata Najwa diskusi lebih hidup dan mendidik,,, jauh berkualitas di banding debat yg selenggarakan KPU""?",tidak
5885,id_hatespeech,id_hatespeech_nusantara_text,b161b715-84c6-4f2a-86f9-5f4649dac925,hate_or_noHate_zs_noopt_apakah_yes_or_no,train,"Apakah teks berikut ini hatespeech ""@MataNajwa mbak najwa..ayo ""ketengah"" lagi sedikit..jgn terlihat ke kiri, dgn meminta terus pak anies cpt2 menyelesaikan kalimat2nya..""?",tidak
5886,id_hatespeech,id_hatespeech_nusantara_text,b161b715-84c6-4f2a-86f9-5f4649dac925,hate_or_noHate_zs_noopt_apakah_yes_or_no,train,"Apakah teks berikut ini hatespeech ""Dan soal soal ribut-ribut pribumi vs non pribumi yang ramai di beranda saya itu, sebenarnya maksudnya apa? ikut...""?",tidak
5887,id_hatespeech,id_hatespeech_nusantara_text,b161b715-84c6-4f2a-86f9-5f4649dac925,hate_or_noHate_zs_noopt_apakah_yes_or_no,train,"Apakah teks berikut ini hatespeech ""Sedih liat pak anies saat ini, tokoh yang dulu saya kagumi kenapa jadi seperti ini ;') #MataNajwaDebatJakarta""?",tidak
5888,id_hatespeech,id_hatespeech_nusantara_text,b161b715-84c6-4f2a-86f9-5f4649dac925,hate_or_noHate_zs_noopt_apakah_yes_or_no,train,"Apakah teks berikut ini hatespeech ""Awal sp akhir @aniesbaswedan bisanya cm serang pribadi @basuki_btp gak ada program yg perlu dibanggakan #MataNajwaDebatJakarta""?",tidak
5889,id_hatespeech,id_hatespeech_nusantara_text,b161b715-84c6-4f2a-86f9-5f4649dac925,hate_or_noHate_zs_noopt_apakah_yes_or_no,train,"Apakah teks berikut ini hatespeech ""Gimana nih om @pandji pasti ikut gedeg juga kan dengerin retorika ga ada wawasan. Tapi gimana udah terlanjur ya. #matanajwadebatjakarta""?",tidak
5890,id_hatespeech,id_hatespeech_nusantara_text,b161b715-84c6-4f2a-86f9-5f4649dac925,hate_or_noHate_zs_noopt_apakah_yes_or_no,train,"Apakah teks berikut ini hatespeech ""Haduhhhh Pak Anies.. Terus pendukung anda yang didatengin ke Jakarta itu dari mana pak? Dari luar jakarta kan #MataNajwaDebatJakarta""?",tidak
5891,id_hatespeech,id_hatespeech_nusantara_text,b161b715-84c6-4f2a-86f9-5f4649dac925,hate_or_noHate_zs_noopt_apakah_yes_or_no,train,"Apakah teks berikut ini hatespeech ""Haha anies pendemo2 dr jawa barat kok ga ngomen. Takut kalah ya haha #MataNajwaDebatJakarta""?",tidak
5892,id_hatespeech,id_hatespeech_nusantara_text,b161b715-84c6-4f2a-86f9-5f4649dac925,hate_or_noHate_zs_noopt_apakah_yes_or_no,train,"Apakah teks berikut ini hatespeech ""#MataNajwaDebatJakarta pak uno habis 62M istrinya ga marah ya pak? Saya mo beli sepatu 300rb aja istri saya marah2 pak""?",tidak
5893,id_hatespeech,id_hatespeech_nusantara_text,b161b715-84c6-4f2a-86f9-5f4649dac925,hate_or_noHate_zs_noopt_apakah_yes_or_no,train,"Apakah teks berikut ini hatespeech ""#MataNajwaDebatJakarta jangan suka menyerang, ini bukan perang,. mengapa ingin ibadah harus menyerang orang..""?",tidak
5894,id_hatespeech,id_hatespeech_nusantara_text,b161b715-84c6-4f2a-86f9-5f4649dac925,hate_or_noHate_zs_noopt_apakah_yes_or_no,train,"Apakah teks berikut ini hatespeech ""#MataNajwaDebatJakarta Paslon 3 serang terus dengan membawa2 hal2 yg biasa menyerang, tp Paslon 2 tenang menjawabnya""?",tidak
5895,id_hatespeech,id_hatespeech_nusantara_text,b161b715-84c6-4f2a-86f9-5f4649dac925,hate_or_noHate_zs_noopt_apakah_yes_or_no,train,"Apakah teks berikut ini hatespeech ""Aahhh akuh sedih, akuh org depok ternyata ngga boleh ke jakarta pak mANIES jahattttt #MataNajwaDebatJakarta""?",tidak
5896,id_hatespeech,id_hatespeech_nusantara_text,b161b715-84c6-4f2a-86f9-5f4649dac925,hate_or_noHate_zs_noopt_apakah_yes_or_no,train,"Apakah teks berikut ini hatespeech ""#MataNajwaDebatJakarta saludd utk mata najwa, berbobot sekali perdebatan malam ini..""?",tidak
5897,id_hatespeech,id_hatespeech_nusantara_text,b161b715-84c6-4f2a-86f9-5f4649dac925,hate_or_noHate_zs_noopt_apakah_yes_or_no,train,"Apakah teks berikut ini hatespeech ""Jadilah orang yang bertanggung jawab atas segala tindakan anda. dengan demikian anda akan menuai hal yang positif. #SidangAhok""?",tidak
5898,id_hatespeech,id_hatespeech_nusantara_text,b161b715-84c6-4f2a-86f9-5f4649dac925,hate_or_noHate_zs_noopt_apakah_yes_or_no,train,"Apakah teks berikut ini hatespeech ""Menurut Anda, apakah #SidangAhok Dugaan Penistaan Agama dgn Terdakwa @basuki_btp murni isyu Pilkada DKI Jakarta atau murni demi Islam???""?",tidak
5899,id_hatespeech,id_hatespeech_nusantara_text,b161b715-84c6-4f2a-86f9-5f4649dac925,hate_or_noHate_zs_noopt_apakah_yes_or_no,train,"Apakah teks berikut ini hatespeech ""Semua kejujuran akan mendapatkan pahala dari surga. Sabar ya Pak Basuki #FreeAhok https://t.co/NlgbEcj4Jc""?",tidak
5900,id_hatespeech,id_hatespeech_nusantara_text,b161b715-84c6-4f2a-86f9-5f4649dac925,hate_or_noHate_zs_noopt_apakah_yes_or_no,train,"Apakah teks berikut ini hatespeech ""Jadilah orang yang bertanggung jawab atas segala tindakan anda. dengan demikian anda akan menuai hal yang positif. #SidangAhok""?",tidak
5901,id_hatespeech,id_hatespeech_nusantara_text,b161b715-84c6-4f2a-86f9-5f4649dac925,hate_or_noHate_zs_noopt_apakah_yes_or_no,train,"Apakah teks berikut ini hatespeech ""#MataNajwaDebatJakarta terima kasih telah memberikan pendidikan demokrasi pada rakyat Indonesia, khususnya Jakarta.""?",tidak
5902,id_hatespeech,id_hatespeech_nusantara_text,b161b715-84c6-4f2a-86f9-5f4649dac925,hate_or_noHate_zs_noopt_apakah_yes_or_no,train,"Apakah teks berikut ini hatespeech ""Keberagaman itu datang dr hati terdalam, bukan dr pencitraan #Tetap3 #JKTBeragam""?",tidak
5903,id_hatespeech,id_hatespeech_nusantara_text,b161b715-84c6-4f2a-86f9-5f4649dac925,hate_or_noHate_zs_noopt_apakah_yes_or_no,train,"Apakah teks berikut ini hatespeech ""Membangun bangsa dan negara ini engga cukup dengan metoda pencitraan saja ,tanpa teruji lewat rekam jejak dan integritas tokohnya""?",tidak
5904,id_hatespeech,id_hatespeech_nusantara_text,b161b715-84c6-4f2a-86f9-5f4649dac925,hate_or_noHate_zs_noopt_apakah_yes_or_no,train,"Apakah teks berikut ini hatespeech ""jangan ada keberpihakan dalam badan hukum karena itu akan merusak demokrasi #important #MataNajwaDebatJakarta""?",tidak
5905,id_hatespeech,id_hatespeech_nusantara_text,b161b715-84c6-4f2a-86f9-5f4649dac925,hate_or_noHate_zs_noopt_apakah_yes_or_no,train,"Apakah teks berikut ini hatespeech ""Jika lo bisa menceritakan kembali kalimat2 yg dilontarkan Anies di @MataNajwa dgn bahasa lo sendiri, lo luar biasa. #MataNajwaDebatJakarta""?",tidak
5906,id_hatespeech,id_hatespeech_nusantara_text,b161b715-84c6-4f2a-86f9-5f4649dac925,hate_or_noHate_zs_noopt_apakah_yes_or_no,train,"Apakah teks berikut ini hatespeech ""kalau liat sosmed, Pak Ahok menang telak. Namun sayang, hanya kata-kata manis lah yg diserap bbrp warga kecil. #matanajwadebatjakarta""?",tidak
5907,id_hatespeech,id_hatespeech_nusantara_text,b161b715-84c6-4f2a-86f9-5f4649dac925,hate_or_noHate_zs_noopt_apakah_yes_or_no,train,"Apakah teks berikut ini hatespeech ""Seharusnya mah basuki sudah bebas ya kan? #FreeAhok https://t.co/Mw3k0vYweF""?",tidak
5908,id_hatespeech,id_hatespeech_nusantara_text,b161b715-84c6-4f2a-86f9-5f4649dac925,hate_or_noHate_zs_noopt_apakah_yes_or_no,train,"Apakah teks berikut ini hatespeech ""Kenapa debat @MataNajwa ini, Ahok makin keliatan diatas angin ya. Kliatan dia sangat menguasai problem solusi tata kelola Jakarta.""?",tidak
5909,id_hatespeech,id_hatespeech_nusantara_text,b161b715-84c6-4f2a-86f9-5f4649dac925,hate_or_noHate_zs_noopt_apakah_yes_or_no,train,"Apakah teks berikut ini hatespeech ""Kalau lihat Ahok itu kayak lihat power rangers merah""?",tidak
5910,id_hatespeech,id_hatespeech_nusantara_text,b161b715-84c6-4f2a-86f9-5f4649dac925,hate_or_noHate_zs_noopt_apakah_yes_or_no,train,"Apakah teks berikut ini hatespeech ""Kesimpulan. Ahok spt biasa fokus detail ke program. Anies terlalu fokus menjatuhkan lawan #MataNajwaDebatJakarta""?",tidak
5911,id_hatespeech,id_hatespeech_nusantara_text,b161b715-84c6-4f2a-86f9-5f4649dac925,hate_or_noHate_zs_noopt_apakah_yes_or_no,train,"Apakah teks berikut ini hatespeech ""pertunjukan yang sangat membuat saya serius dan gak mau diganggu, selamat untuk pak @aniesbaswedan buat gagasan nya #MataNajwaDebatJakarta""?",tidak
5912,id_hatespeech,id_hatespeech_nusantara_text,b161b715-84c6-4f2a-86f9-5f4649dac925,hate_or_noHate_zs_noopt_apakah_yes_or_no,train,"Apakah teks berikut ini hatespeech ""Jangan berpihak...melayani rakyat dengan sepenuh hati..Tuhan yang memberi kekuasaan.. Tuhan yang mengambil..-ahok#MataNajwaDebatJakarta""?",tidak
5913,id_hatespeech,id_hatespeech_nusantara_text,b161b715-84c6-4f2a-86f9-5f4649dac925,hate_or_noHate_zs_noopt_apakah_yes_or_no,train,"Apakah teks berikut ini hatespeech ""Pak Ahok jangan blunder dong Pak..dari tadi udah bagus. Pertanyaannya komitmen menerima hasil kontestasi. #MataNajwaDebatJakarta""?",tidak
5914,id_hatespeech,id_hatespeech_nusantara_text,b161b715-84c6-4f2a-86f9-5f4649dac925,hate_or_noHate_zs_noopt_apakah_yes_or_no,train,"Apakah teks berikut ini hatespeech ""jangan ada keberpihakan dalam badan hukum karena itu akan merusak demokrasi #important #MataNajwaDebatJakarta""?",tidak
5915,id_hatespeech,id_hatespeech_nusantara_text,b161b715-84c6-4f2a-86f9-5f4649dac925,hate_or_noHate_zs_noopt_apakah_yes_or_no,train,"Apakah teks berikut ini hatespeech ""Jika lo bisa menceritakan kembali kalimat2 yg dilontarkan Anies di @MataNajwa dgn bahasa lo sendiri, lo luar biasa. #MataNajwaDebatJakarta""?",tidak
5916,id_hatespeech,id_hatespeech_nusantara_text,b161b715-84c6-4f2a-86f9-5f4649dac925,hate_or_noHate_zs_noopt_apakah_yes_or_no,train,"Apakah teks berikut ini hatespeech ""Kenapa debat @MataNajwa ini, Ahok makin keliatan diatas angin ya. Kliatan dia sangat menguasai problem solusi tata kelola Jakarta.""?",tidak
5917,id_hatespeech,id_hatespeech_nusantara_text,b161b715-84c6-4f2a-86f9-5f4649dac925,hate_or_noHate_zs_noopt_apakah_yes_or_no,train,"Apakah teks berikut ini hatespeech ""Kiranya Jakarta semakin baik. Selamat berjuang buat Pak Ahok dan Pak Anies ! #MataNajwaDebatJakarta""?",tidak
5918,id_hatespeech,id_hatespeech_nusantara_text,b161b715-84c6-4f2a-86f9-5f4649dac925,hate_or_noHate_zs_noopt_apakah_yes_or_no,train,"Apakah teks berikut ini hatespeech ""Masihkah Ahoker debat soal program? Jlebb.. KO kena uppercut Anies soal KJP. Pergubnya blm di rubah.. @roemahdjoeang @NetizenTofa @cepot234""?",tidak
5919,id_hatespeech,id_hatespeech_nusantara_text,b161b715-84c6-4f2a-86f9-5f4649dac925,hate_or_noHate_zs_noopt_apakah_yes_or_no,train,"Apakah teks berikut ini hatespeech ""RT @alysap_: Semua penganut agama harus dapet hak yang sama - Ahok #MataNajwaDebatJakarta""?",tidak
5920,id_hatespeech,id_hatespeech_nusantara_text,b161b715-84c6-4f2a-86f9-5f4649dac925,hate_or_noHate_zs_noopt_apakah_yes_or_no,train,"Apakah teks berikut ini hatespeech ""Aku heran kenapa ilklan kampanye #AhokDjarot yg terbaru itu begitu, ini aku loh yang bingung bkn akuang,asiang, atau aming #IklanAhokJahat""?",tidak
5921,id_hatespeech,id_hatespeech_nusantara_text,b161b715-84c6-4f2a-86f9-5f4649dac925,hate_or_noHate_zs_noopt_apakah_yes_or_no,train,"Apakah teks berikut ini hatespeech ""Abis nyoblos streaming video perkembangan Pilkada 2017 pake #SisaKuotaGakHangus dari @IM3Ooredoo kuota ga habis deh""?",tidak
5922,id_hatespeech,id_hatespeech_nusantara_text,b161b715-84c6-4f2a-86f9-5f4649dac925,hate_or_noHate_zs_noopt_apakah_yes_or_no,train,"Apakah teks berikut ini hatespeech ""muslim sedang diuji di negara yg mayoritas Islam..semoga kita smua bisa bersabar dan menahan utk tidak berbicara kasar sbg balasan""?",tidak
5923,id_hatespeech,id_hatespeech_nusantara_text,b161b715-84c6-4f2a-86f9-5f4649dac925,hate_or_noHate_zs_noopt_apakah_yes_or_no,train,"Apakah teks berikut ini hatespeech ""Kiranya Jakarta semakin baik. Selamat berjuang buat Pak Ahok dan Pak Anies ! #MataNajwaDebatJakarta""?",tidak
5924,id_hatespeech,id_hatespeech_nusantara_text,b161b715-84c6-4f2a-86f9-5f4649dac925,hate_or_noHate_zs_noopt_apakah_yes_or_no,train,"Apakah teks berikut ini hatespeech ""RT @grcllafrn: Pak Anies, inget, apa yg kau tabur itu yang akan kau tuai nanti... jadi takut sendiri :"") #MataNajwaDebatJakarta""?",tidak
5925,id_hatespeech,id_hatespeech_nusantara_text,b161b715-84c6-4f2a-86f9-5f4649dac925,hate_or_noHate_zs_noopt_apakah_yes_or_no,train,"Apakah teks berikut ini hatespeech ""RT @kompascom: Bagaimana metode penarikan sampel hitung cepat yg dilakukan Litbang Kompas dlm Pilkada DKI Jakarta 2017? Simak disini""?",tidak
5926,id_hatespeech,id_hatespeech_nusantara_text,b161b715-84c6-4f2a-86f9-5f4649dac925,hate_or_noHate_zs_noopt_apakah_yes_or_no,train,"Apakah teks berikut ini hatespeech ""mnding diem aja pak @basuki_btp semua pergerakanmu pasti disalahkan, klo wktunya menang ntar jga menang.... #IklanAhokJahat""?",tidak
5927,id_hatespeech,id_hatespeech_nusantara_text,b161b715-84c6-4f2a-86f9-5f4649dac925,hate_or_noHate_zs_noopt_apakah_yes_or_no,train,"Apakah teks berikut ini hatespeech ""RT @netmediatama: Perbincangan menarik di Quick Count Pilkada 2017 bersama @irakoesno. #NETPilkada https:\/\/t.co\/odbVw4uWMr""?",tidak
5928,id_hatespeech,id_hatespeech_nusantara_text,b161b715-84c6-4f2a-86f9-5f4649dac925,hate_or_noHate_zs_noopt_apakah_yes_or_no,train,"Apakah teks berikut ini hatespeech ""Bersyukur menutup kampanye hari ini dengan berdoa agar PILKADA DKI Jakarta pada 15 Februari 2017 berjalan dengan lancar""?",tidak
5929,id_hatespeech,id_hatespeech_nusantara_text,b161b715-84c6-4f2a-86f9-5f4649dac925,hate_or_noHate_zs_noopt_apakah_yes_or_no,train,"Apakah teks berikut ini hatespeech ""Julia Perez Kecewa Gagal Nyoblos Pilkada DKI 2017 di TPS 15 RSCM https:\/\/t.co\/vajPLioiek""?",tidak
5930,id_hatespeech,id_hatespeech_nusantara_text,b161b715-84c6-4f2a-86f9-5f4649dac925,hate_or_noHate_zs_noopt_apakah_yes_or_no,train,"Apakah teks berikut ini hatespeech ""Disediakan Ambulans untuk Pasien Mencoblos pada Pilkada DKI 2017""?",tidak
5931,id_hatespeech,id_hatespeech_nusantara_text,b161b715-84c6-4f2a-86f9-5f4649dac925,hate_or_noHate_zs_noopt_apakah_yes_or_no,train,"Apakah teks berikut ini hatespeech ""RT @miekarinayam: Saya bertanya apakah saya memang tak boleh ikut Pilkada 2017? Apakah saya kehilangan hak saya yg dijamin konstitusi?""?",tidak
5932,id_hatespeech,id_hatespeech_nusantara_text,b161b715-84c6-4f2a-86f9-5f4649dac925,hate_or_noHate_zs_noopt_apakah_yes_or_no,train,"Apakah teks berikut ini hatespeech ""Ya Allah! Anis dan Sandi bakal jadi Gubernur DKI Jakarta terpilih di tahun ini""?",tidak
5933,id_hatespeech,id_hatespeech_nusantara_text,b161b715-84c6-4f2a-86f9-5f4649dac925,hate_or_noHate_zs_noopt_apakah_yes_or_no,train,"Apakah teks berikut ini hatespeech ""Domisili gue di Jakpus bela-belain ke TPS yg berlokasi di Jakbar dgn bermodal e-KTP buat ikutan Pilkada 2017.""?",tidak
5934,id_hatespeech,id_hatespeech_nusantara_text,b161b715-84c6-4f2a-86f9-5f4649dac925,hate_or_noHate_zs_noopt_apakah_yes_or_no,train,"Apakah teks berikut ini hatespeech ""RT @netmediatama: Presiden @jokowi menggunakan hak suaranya untuk Pilkada DKI Jakarta 2017 di TPS 4 Gambir Jakarta Pusat. #NETPilkada""?",tidak
5935,id_hatespeech,id_hatespeech_nusantara_text,b161b715-84c6-4f2a-86f9-5f4649dac925,hate_or_noHate_zs_noopt_apakah_yes_or_no,train,"Apakah teks berikut ini hatespeech ""RT @boelatboelat: agree pak @basuki_btp kekuasaan itu Tuhan yang kasih, walau dijatuhkan, Tuhan akan menaikkan :) #MataNajwaDebatJakarta""?",tidak
5936,id_hatespeech,id_hatespeech_nusantara_text,b161b715-84c6-4f2a-86f9-5f4649dac925,hate_or_noHate_zs_noopt_apakah_yes_or_no,train,"Apakah teks berikut ini hatespeech ""RT @AzzamBarbarossa: Akibat Nila Setitik Rusak Susu Sebelangga, Akibat Mulut Oknum Tak terdidik Rusak Juga Persatuan Bangsa. #IklanAhokJahat""?",tidak
5937,id_hatespeech,id_hatespeech_nusantara_text,b161b715-84c6-4f2a-86f9-5f4649dac925,hate_or_noHate_zs_noopt_apakah_yes_or_no,train,"Apakah teks berikut ini hatespeech ""Mudah-mudahan Novel baswedan tidak alami kebutaan pada matanya. Kalau sampai buta, saya siap mendonorkan mata saya untuk dia.""?",tidak
5938,id_hatespeech,id_hatespeech_nusantara_text,b161b715-84c6-4f2a-86f9-5f4649dac925,hate_or_noHate_zs_noopt_apakah_yes_or_no,train,"Apakah teks berikut ini hatespeech ""Mengapa mereka melakukan ini, apakah bisa merubah keadaan bagi para pemilih nanti ? #IklanAhokJahat""?",tidak
5939,id_hatespeech,id_hatespeech_nusantara_text,b161b715-84c6-4f2a-86f9-5f4649dac925,hate_or_noHate_zs_noopt_apakah_yes_or_no,train,"Apakah teks berikut ini hatespeech ""RT @hariadhi: Siapa yg salah? Ahok? Iklannya? Bukan.. yang perlu diprotes adalah orang yg benar2 pake spanduk itu #IklanAhokJahat https://t""?",tidak
5940,id_hatespeech,id_hatespeech_nusantara_text,b161b715-84c6-4f2a-86f9-5f4649dac925,hate_or_noHate_zs_noopt_apakah_yes_or_no,train,"Apakah teks berikut ini hatespeech ""Sampe sekarang gue blm ngerti dp rumah 0% itu gmn skemanya. Trs emg ada ya perbankan yg mau ngasih kredit rumah gak pakai dp? #debatfinalpilkadadki""?",tidak
5941,id_hatespeech,id_hatespeech_nusantara_text,b161b715-84c6-4f2a-86f9-5f4649dac925,hate_or_noHate_zs_noopt_apakah_yes_or_no,train,"Apakah teks berikut ini hatespeech ""#debatfinalpilkadadki Bagi Anies gubernur adalah pemimpin, bukan administratur / pelayan masyarkt. Padahal melayani mencerminkan integritas.""?",tidak
5942,id_hatespeech,id_hatespeech_nusantara_text,b161b715-84c6-4f2a-86f9-5f4649dac925,hate_or_noHate_zs_noopt_apakah_yes_or_no,train,"Apakah teks berikut ini hatespeech ""Kalimat Penutup Anies Ambisius, Ahok Minta Maaf, Karakter Tidak Bisa Bohong. #DebatPilkadaDKI #DebatFinalPilkadaDKI""?",tidak
5943,id_hatespeech,id_hatespeech_nusantara_text,b161b715-84c6-4f2a-86f9-5f4649dac925,hate_or_noHate_zs_noopt_apakah_yes_or_no,train,"Apakah teks berikut ini hatespeech ""pertunjukan yang sangat membuat saya serius dan gak mau diganggu, selamat untuk pak @aniesbaswedan buat gagasan nya #MataNajwaDebatJakarta""?",tidak
5944,id_hatespeech,id_hatespeech_nusantara_text,b161b715-84c6-4f2a-86f9-5f4649dac925,hate_or_noHate_zs_noopt_apakah_yes_or_no,train,"Apakah teks berikut ini hatespeech ""RT @BelaQuran: Kami tdk akan terprovokasi dgn sentimen dan jualan SARA mu itu, karena kami cinta Indonesia #IklanAhokJahat""?",tidak
5945,id_hatespeech,id_hatespeech_nusantara_text,b161b715-84c6-4f2a-86f9-5f4649dac925,hate_or_noHate_zs_noopt_apakah_yes_or_no,train,"Apakah teks berikut ini hatespeech ""Semakin umat di suguhkan #IklanAhokJahat maka akan semakin terlihat siapa yang menebar kebencian terhadap kerukunan antar umat beragama""?",tidak
5946,id_hatespeech,id_hatespeech_nusantara_text,b161b715-84c6-4f2a-86f9-5f4649dac925,hate_or_noHate_zs_noopt_apakah_yes_or_no,train,"Apakah teks berikut ini hatespeech ""Hampir semua polling Anies - Sandi yang menang. Semoga hari H nya juga demikian. #AniesSandi""?",tidak
5947,id_hatespeech,id_hatespeech_nusantara_text,b161b715-84c6-4f2a-86f9-5f4649dac925,hate_or_noHate_zs_noopt_apakah_yes_or_no,train,"Apakah teks berikut ini hatespeech ""RT @anjisudirman: @fahiraidris Yg iklankan kampanye ahox adalah yg sama sebarin spanduk syariah dan brosur black campaign. #IklanAhokJahat""?",tidak
5948,id_hatespeech,id_hatespeech_nusantara_text,b161b715-84c6-4f2a-86f9-5f4649dac925,hate_or_noHate_zs_noopt_apakah_yes_or_no,train,"Apakah teks berikut ini hatespeech ""Oke Oce akan menjadi brand dimana, semuanya menjadi OKe Oce, bahkan nanti ada kampung Oke Oce #debatfinalpilkadadki""?",tidak
5949,id_hatespeech,id_hatespeech_nusantara_text,b161b715-84c6-4f2a-86f9-5f4649dac925,hate_or_noHate_zs_noopt_apakah_yes_or_no,train,"Apakah teks berikut ini hatespeech ""RT @BelaQuran: Sungguh sgt mengherankan, mengkampanyekan kebhinekaan tp dengan menyebarkan Islamophobia, kebhinekaan yg mana yg dimaksud?""?",tidak
5950,id_hatespeech,id_hatespeech_nusantara_text,b161b715-84c6-4f2a-86f9-5f4649dac925,hate_or_noHate_zs_noopt_apakah_yes_or_no,train,"Apakah teks berikut ini hatespeech ""Debat Final Pilkada DKI Jakarta, Siapa yang Gagap, dan Siapa yang Tepat Menjawab - Adjat Sudradjat""?",tidak
5951,id_hatespeech,id_hatespeech_nusantara_text,b161b715-84c6-4f2a-86f9-5f4649dac925,hate_or_noHate_zs_noopt_apakah_yes_or_no,train,"Apakah teks berikut ini hatespeech ""Jika persoalan pemimpin hanya dikaitkan dengan lisan, maka apa bedanya gubernur dengan anak-anak? #MataNajwaDebatJakarta""?",tidak
5952,id_hatespeech,id_hatespeech_nusantara_text,b161b715-84c6-4f2a-86f9-5f4649dac925,hate_or_noHate_zs_noopt_apakah_yes_or_no,train,"Apakah teks berikut ini hatespeech ""Cerita Djarot ini diharapkan membuat para pendukung tetap berdamai. #debatfinalpilkadadki #temanahok #AniesSandi""?",tidak
5953,id_hatespeech,id_hatespeech_nusantara_text,b161b715-84c6-4f2a-86f9-5f4649dac925,hate_or_noHate_zs_noopt_apakah_yes_or_no,train,"Apakah teks berikut ini hatespeech ""Cuman mau bilang sama yang serius banget ngetweet pakai hastag #IklanAhokJahat ""Gitu aja baper"".""?",tidak
5954,id_hatespeech,id_hatespeech_nusantara_text,b161b715-84c6-4f2a-86f9-5f4649dac925,hate_or_noHate_zs_noopt_apakah_yes_or_no,train,"Apakah teks berikut ini hatespeech ""Ira Koesno Didekati Anies-Sandi Lalu Marahi Pendukung Paslon Saat Debat Pilkada DKI""?",tidak
5955,id_hatespeech,id_hatespeech_nusantara_text,b161b715-84c6-4f2a-86f9-5f4649dac925,hate_or_noHate_zs_noopt_apakah_yes_or_no,train,"Apakah teks berikut ini hatespeech ""Alhamdulillah ya Allah SWT Semoga jakarta punya gubernur baru yg lebih bersahaja, bersahabat utk semuanya #AniesSandi""?",tidak
5956,id_hatespeech,id_hatespeech_nusantara_text,b161b715-84c6-4f2a-86f9-5f4649dac925,hate_or_noHate_zs_noopt_apakah_yes_or_no,train,"Apakah teks berikut ini hatespeech ""Jelang larut semalam. Diskusi dengan aktifis Golkar tingkat kelurahan. Siap bergabung dalam pemenangan #AniesSandi""?",tidak
5957,id_hatespeech,id_hatespeech_nusantara_text,b161b715-84c6-4f2a-86f9-5f4649dac925,hate_or_noHate_zs_noopt_apakah_yes_or_no,train,"Apakah teks berikut ini hatespeech ""RT @alayyubichoir: Sosok Anies Sandi harus diakui sgt mengayomi. Sangat kompeten utk membangun kerukukan & kebhinekaan di Jakarta""?",tidak
5958,id_hatespeech,id_hatespeech_nusantara_text,b161b715-84c6-4f2a-86f9-5f4649dac925,hate_or_noHate_zs_noopt_apakah_yes_or_no,train,"Apakah teks berikut ini hatespeech ""RT @nielchen99: Ngomong manis memang gampang giliran kerja bingung #MataNajwaDebatJakarta""?",tidak
5959,id_hatespeech,id_hatespeech_nusantara_text,b161b715-84c6-4f2a-86f9-5f4649dac925,hate_or_noHate_zs_noopt_apakah_yes_or_no,train,"Apakah teks berikut ini hatespeech ""19 April adalah saat yang penting bagi warga Jakarta untuk menentukan masa depan Ibukota""?",tidak
5960,id_hatespeech,id_hatespeech_nusantara_text,b161b715-84c6-4f2a-86f9-5f4649dac925,hate_or_noHate_zs_noopt_apakah_yes_or_no,train,"Apakah teks berikut ini hatespeech ""RT @maharanisinta70: terimakasih Pak Anies pemaparantentang DP 0 ,memberi solusi bagi warga jakarta yang ingin punya rumah dan tidak nyewa terus.""?",tidak
5961,id_hatespeech,id_hatespeech_nusantara_text,b161b715-84c6-4f2a-86f9-5f4649dac925,hate_or_noHate_zs_noopt_apakah_yes_or_no,train,"Apakah teks berikut ini hatespeech ""Yang aku perhatikan, Tim Mas @aniesbaswedan sibuk ngoceh tentang @basuki_btp dan programnya. Kenapa gak ngurus diri sendiri?""?",tidak
5962,id_hatespeech,id_hatespeech_nusantara_text,b161b715-84c6-4f2a-86f9-5f4649dac925,hate_or_noHate_zs_noopt_apakah_yes_or_no,train,"Apakah teks berikut ini hatespeech ""kalo pilih gubernur yg jujur, kerja nyata,anti korupsi,tegas,pinter,mlyani rakyat iklas & peduli pilih ahok djarot,..""?",tidak
5963,id_hatespeech,id_hatespeech_nusantara_text,b161b715-84c6-4f2a-86f9-5f4649dac925,hate_or_noHate_zs_noopt_apakah_yes_or_no,train,"Apakah teks berikut ini hatespeech ""RT @anies_sandi: Bisa merangkul dan menegakkan hukum. Kepemimpinan itu hadir dengan memberikan contoh & perbuatan - @aniesbaswedan""?",tidak
5964,id_hatespeech,id_hatespeech_nusantara_text,b161b715-84c6-4f2a-86f9-5f4649dac925,hate_or_noHate_zs_noopt_apakah_yes_or_no,train,"Apakah teks berikut ini hatespeech ""Hasil kerja Ahok Djarot sungai di Jakarta kembali normal, bersih dan enak dipandang""?",tidak
5965,id_hatespeech,id_hatespeech_nusantara_text,b161b715-84c6-4f2a-86f9-5f4649dac925,hate_or_noHate_zs_noopt_apakah_yes_or_no,train,"Apakah teks berikut ini hatespeech ""Ahok & Anies sama baiknya kok, sama bagusnya, sama okenya. Siapa yg kepilih yg menang tetap rakyat jakarta""?",tidak
5966,id_hatespeech,id_hatespeech_nusantara_text,b161b715-84c6-4f2a-86f9-5f4649dac925,hate_or_noHate_zs_noopt_apakah_yes_or_no,train,"Apakah teks berikut ini hatespeech ""Semoga pak basuki bisa jadi presiden,agar Indonesia lebih maju.""?",tidak
5967,id_hatespeech,id_hatespeech_nusantara_text,b161b715-84c6-4f2a-86f9-5f4649dac925,hate_or_noHate_zs_noopt_apakah_yes_or_no,train,"Apakah teks berikut ini hatespeech ""Allah SWT tdk butuh anda. Tapi Anda yang butuh Allah,Rezeki, hidup matimu. Allah yg tentukan. Mau khianati Allah? yakin gak nyesel? #SidangAhok""?",tidak
5968,id_hatespeech,id_hatespeech_nusantara_text,b161b715-84c6-4f2a-86f9-5f4649dac925,hate_or_noHate_zs_noopt_apakah_yes_or_no,train,"Apakah teks berikut ini hatespeech ""#SidangAhok dilanjutkan dengan rekaman yang memuat kampanye Ahok di DPP Nasdem dan juga Pulau Seribu. | @adrieedu https://t.co/8P5P4DUcFG""?",tidak
5969,id_hatespeech,id_hatespeech_nusantara_text,b161b715-84c6-4f2a-86f9-5f4649dac925,hate_or_noHate_zs_noopt_apakah_yes_or_no,train,"Apakah teks berikut ini hatespeech ""RT @JanurOmank2626: Ahok harus bebas demi hukum demi keadilan demi kelanjutan perbaikan DKI. Semoga hakim mmpunyai sense of justice""?",tidak
5970,id_hatespeech,id_hatespeech_nusantara_text,b161b715-84c6-4f2a-86f9-5f4649dac925,hate_or_noHate_zs_noopt_apakah_yes_or_no,train,"Apakah teks berikut ini hatespeech ""Pembangkit Listrik Tenaga Panas Bumi Terbesar Dunia.. #CitiPeka #SidangAhok #Tebak2anHajiDjarot https://t.co/KtXdXZsh8H""?",tidak
5971,id_hatespeech,id_hatespeech_nusantara_text,b161b715-84c6-4f2a-86f9-5f4649dac925,hate_or_noHate_zs_noopt_apakah_yes_or_no,train,"Apakah teks berikut ini hatespeech ""RT @findririn: Dan toleransi itu, ketika muslim bisa menjalankan perintah agamanya, dan non muslim juga bisa menjalankan agamanya.""?",tidak
5972,id_hatespeech,id_hatespeech_nusantara_text,b161b715-84c6-4f2a-86f9-5f4649dac925,hate_or_noHate_zs_noopt_apakah_yes_or_no,train,"Apakah teks berikut ini hatespeech ""RT @findririn: Walaupun artinya teman setia, seharusnya lebih dihindari kalau jd pemimpin""?",tidak
5973,id_hatespeech,id_hatespeech_nusantara_text,b161b715-84c6-4f2a-86f9-5f4649dac925,hate_or_noHate_zs_noopt_apakah_yes_or_no,train,"Apakah teks berikut ini hatespeech ""Semua kejujuran akan mendapatkan pahala dr surga #FreeAhok""?",tidak
5974,id_hatespeech,id_hatespeech_nusantara_text,b161b715-84c6-4f2a-86f9-5f4649dac925,hate_or_noHate_zs_noopt_apakah_yes_or_no,train,"Apakah teks berikut ini hatespeech ""Seharusnya mah basuki sudah bebas ya kan? #FreeAhok https://t.co/Mw3k0vYweF""?",tidak
5975,id_hatespeech,id_hatespeech_nusantara_text,b161b715-84c6-4f2a-86f9-5f4649dac925,hate_or_noHate_zs_noopt_apakah_yes_or_no,train,"Apakah teks berikut ini hatespeech ""RT @RuridaJihandari: Itu sidang apa drama korea sampe 20kali, lagi menunggu sidang ahok season 2 nih... Kayaknya goblin mah kalah pamornya""?",tidak
5976,id_hatespeech,id_hatespeech_nusantara_text,b161b715-84c6-4f2a-86f9-5f4649dac925,hate_or_noHate_zs_noopt_apakah_yes_or_no,train,"Apakah teks berikut ini hatespeech ""Menurut Anda, Transportasi Online manakah dikatakan ""tarif murah, aman & nyaman"" melayani ???""?",tidak
5977,id_hatespeech,id_hatespeech_nusantara_text,b161b715-84c6-4f2a-86f9-5f4649dac925,hate_or_noHate_zs_noopt_apakah_yes_or_no,train,"Apakah teks berikut ini hatespeech ""Nelayan Jakarta Sudah Disiapin Pulau Khusus oleh Pemda DKI #LunchBreak #SidangAhok""?",tidak
5978,id_hatespeech,id_hatespeech_nusantara_text,b161b715-84c6-4f2a-86f9-5f4649dac925,hate_or_noHate_zs_noopt_apakah_yes_or_no,train,"Apakah teks berikut ini hatespeech ""Adakah Potensi Radikalisme di Pilgub DKI Jakarta? #LunchBreak #SidangAhok""?",tidak
5979,id_hatespeech,id_hatespeech_nusantara_text,b161b715-84c6-4f2a-86f9-5f4649dac925,hate_or_noHate_zs_noopt_apakah_yes_or_no,train,"Apakah teks berikut ini hatespeech ""RT @NovenStjK: Siaran ulang #AhokDjarotDiRosi malam ini, saksikan yuk di @KompasTV #AhokDjarot #Temanahok""?",tidak
5980,id_hatespeech,id_hatespeech_nusantara_text,b161b715-84c6-4f2a-86f9-5f4649dac925,hate_or_noHate_zs_noopt_apakah_yes_or_no,train,"Apakah teks berikut ini hatespeech ""cuma org"" yg salah saja yg takut dgn doa itu,anda salah?? kenapa takut??? bertobatlah sebelum doa itu dinyatakan,""?",tidak
5981,id_hatespeech,id_hatespeech_nusantara_text,b161b715-84c6-4f2a-86f9-5f4649dac925,hate_or_noHate_zs_noopt_apakah_yes_or_no,train,"Apakah teks berikut ini hatespeech ""Selamat Pagi met aktifitas happy weekend Semoga kita jadi orang jujur biar hidup slalu mujur Aamiin #FreeAhok""?",tidak
5982,id_hatespeech,id_hatespeech_nusantara_text,b161b715-84c6-4f2a-86f9-5f4649dac925,hate_or_noHate_zs_noopt_apakah_yes_or_no,train,"Apakah teks berikut ini hatespeech ""Ahok dituntut 1 tahun penjara. Kemungkinan akan divonis bebas. Masalahnya, warga DKI terlanjur kehilangan pemimpin terbaik. #FreeAhok""?",tidak
5983,id_hatespeech,id_hatespeech_nusantara_text,b161b715-84c6-4f2a-86f9-5f4649dac925,hate_or_noHate_zs_noopt_apakah_yes_or_no,train,"Apakah teks berikut ini hatespeech ""Alhamdulillah tuntutan jaksa hanya 1 tahun masa percobaan 2 tahun yg artinya sbnrnya jaksa mengakui kalo Ahok itu tak bersalah #FreeAhok""?",tidak
5984,id_hatespeech,id_hatespeech_nusantara_text,b161b715-84c6-4f2a-86f9-5f4649dac925,hate_or_noHate_zs_noopt_apakah_yes_or_no,train,"Apakah teks berikut ini hatespeech ""Kalah atau menang #tetapahok. Terimakasih krn banyak ngasih pelajaran bagaimana kerja keras utk rakyat dgn bersih.""?",tidak
5985,id_hatespeech,id_hatespeech_nusantara_text,b161b715-84c6-4f2a-86f9-5f4649dac925,hate_or_noHate_zs_noopt_apakah_yes_or_no,train,"Apakah teks berikut ini hatespeech ""Pilkada Serentak, Megawati Hanya Minta Jangan ada Intimidasi dan Politik Uang https:\/\/t.co\/zHhvJ4qrrY""?",tidak
5986,id_hatespeech,id_hatespeech_nusantara_text,b161b715-84c6-4f2a-86f9-5f4649dac925,hate_or_noHate_zs_noopt_apakah_yes_or_no,train,"Apakah teks berikut ini hatespeech ""#thw911 Saat Anies-Sandiaga Minta Doa Ustaz untuk Debat Pilkada https:\/\/t.co\/2odlrYteU1""?",tidak
5987,id_hatespeech,id_hatespeech_nusantara_text,b161b715-84c6-4f2a-86f9-5f4649dac925,hate_or_noHate_zs_noopt_apakah_yes_or_no,train,"Apakah teks berikut ini hatespeech ""Jangan pernah lelah mengabdi untuk Indonesia Pak @basuki_btp. #TetapAhok!""?",tidak
5988,id_hatespeech,id_hatespeech_nusantara_text,b161b715-84c6-4f2a-86f9-5f4649dac925,hate_or_noHate_zs_noopt_apakah_yes_or_no,train,"Apakah teks berikut ini hatespeech ""@LaitsSaja Jika Menang, Anies Siap Rangkul Paslon Lain Jika menang dalam kontestasi Pilkada https:\/\/t.co\/KG40YTelWX""?",tidak
5989,id_hatespeech,id_hatespeech_nusantara_text,b161b715-84c6-4f2a-86f9-5f4649dac925,hate_or_noHate_zs_noopt_apakah_yes_or_no,train,"Apakah teks berikut ini hatespeech ""@LaitsSaja TNI-Polri Bersinergi Jaga Keamanan Jelang Pilkada DKI TNI dan Polri terus bersin https:\/\/t.co\/HP77I9lffG""?",tidak
5990,id_hatespeech,id_hatespeech_nusantara_text,b161b715-84c6-4f2a-86f9-5f4649dac925,hate_or_noHate_zs_noopt_apakah_yes_or_no,train,"Apakah teks berikut ini hatespeech ""@novie_wednes72r Bismillah Inshaa ALLAH Agus Sylvi menang Pilkada DKI 1putaran dan jadi pemimpin yg amanah dan mencintai rakyat jakarta.""?",tidak
5991,id_hatespeech,id_hatespeech_nusantara_text,b161b715-84c6-4f2a-86f9-5f4649dac925,hate_or_noHate_zs_noopt_apakah_yes_or_no,train,"Apakah teks berikut ini hatespeech ""Trima kasih pak uda bikin jakarta lebih baik selama bapak menjabat....""?",tidak
5992,id_hatespeech,id_hatespeech_nusantara_text,b161b715-84c6-4f2a-86f9-5f4649dac925,hate_or_noHate_zs_noopt_apakah_yes_or_no,train,"Apakah teks berikut ini hatespeech ""@nu_online sikap yang jelas dan tegas demi ketertiban dan keamanan ibu kota negara menjelang pilkada dki jakarta""?",tidak
5993,id_hatespeech,id_hatespeech_nusantara_text,b161b715-84c6-4f2a-86f9-5f4649dac925,hate_or_noHate_zs_noopt_apakah_yes_or_no,train,"Apakah teks berikut ini hatespeech ""Rencana Tuhan lebih baik dari rencana manusia. Mungkin Ahok bs bekerja kebih baik di posisi lain""?",tidak
5994,id_hatespeech,id_hatespeech_nusantara_text,b161b715-84c6-4f2a-86f9-5f4649dac925,hate_or_noHate_zs_noopt_apakah_yes_or_no,train,"Apakah teks berikut ini hatespeech ""walau kalah tp aku tetap merasa terhormat mendukung BADJA #TerimakasihAhok""?",tidak
5995,id_hatespeech,id_hatespeech_nusantara_text,b161b715-84c6-4f2a-86f9-5f4649dac925,hate_or_noHate_zs_noopt_apakah_yes_or_no,train,"Apakah teks berikut ini hatespeech ""Basuki TP Ahok Wawancara informal dengan wartawan Balaikota: https:\/\/t.co\/g7iB5H5RUL""?",tidak
5996,id_hatespeech,id_hatespeech_nusantara_text,b161b715-84c6-4f2a-86f9-5f4649dac925,hate_or_noHate_zs_noopt_apakah_yes_or_no,train,"Apakah teks berikut ini hatespeech ""Terimakasih Pak Ahok @basuki_btp #tetapahok karena kita memang siap kalah, dan selamat buat Gubernur baru""?",tidak
5997,id_hatespeech,id_hatespeech_nusantara_text,b161b715-84c6-4f2a-86f9-5f4649dac925,hate_or_noHate_zs_noopt_apakah_yes_or_no,train,"Apakah teks berikut ini hatespeech ""LUCU !! Yuk Melihat AHOK Promosikan Musik Dangdut Kepada Tamu Mancanegara""?",tidak
5998,id_hatespeech,id_hatespeech_nusantara_text,b161b715-84c6-4f2a-86f9-5f4649dac925,hate_or_noHate_zs_noopt_apakah_yes_or_no,train,"Apakah teks berikut ini hatespeech ""Minggu Tenang Pilkada, Ahok Fokus Kerja di Balai Kota: Peresmian-peresmian RPTRA CSR ditunda.""?",tidak
5999,id_hatespeech,id_hatespeech_nusantara_text,b161b715-84c6-4f2a-86f9-5f4649dac925,hate_or_noHate_zs_noopt_apakah_yes_or_no,train,"Apakah teks berikut ini hatespeech ""MANTAB !! AHOK dan Pemprov DKI Jakarta Terjunkan Alat Berat Untuk Keruk Sampah di Waduk Pluit""?",tidak
6000,id_hatespeech,id_hatespeech_nusantara_text,b161b715-84c6-4f2a-86f9-5f4649dac925,hate_or_noHate_zs_noopt_apakah_yes_or_no,train,"Apakah teks berikut ini hatespeech ""Pagi Ini Polrestro Bekasi Gelar Pasukan Pilkada https:\/\/t.co\/ypRv5nNjSb""?",tidak
6001,id_hatespeech,id_hatespeech_nusantara_text,b161b715-84c6-4f2a-86f9-5f4649dac925,hate_or_noHate_zs_noopt_apakah_yes_or_no,train,"Apakah teks berikut ini hatespeech ""Pak @basuki_btp saya hanya bantu menyampaikan. Sbg orang2 di sekitar Pak Ahok bisa menyampaikan ke beliau. @kurawa. #BlusukanAhok #Gue2""?",tidak
6002,id_hatespeech,id_hatespeech_nusantara_text,b161b715-84c6-4f2a-86f9-5f4649dac925,hate_or_noHate_zs_noopt_apakah_yes_or_no,train,"Apakah teks berikut ini hatespeech ""pak ahok kalau anda jadi gubernur jangan lupa anda harus bangun provinsi Jambi buat lahan petani semua, dan jln kreta api jambi, riau, lampung""?",tidak
6003,id_hatespeech,id_hatespeech_nusantara_text,b161b715-84c6-4f2a-86f9-5f4649dac925,hate_or_noHate_zs_noopt_apakah_yes_or_no,train,"Apakah teks berikut ini hatespeech ""Partai Nasdem Optimis Menang di Pilkada Serentak 2017 https:\/\/t.co\/EOAzcxai94""?",tidak
6004,id_hatespeech,id_hatespeech_nusantara_text,b161b715-84c6-4f2a-86f9-5f4649dac925,hate_or_noHate_zs_noopt_apakah_yes_or_no,train,"Apakah teks berikut ini hatespeech ""biar kalah, tetap bangga. Sabar n iklas menerima nya. Masih bnyak jabatan lain untuk pak ahok. #TetapAhok""?",tidak
6005,id_hatespeech,id_hatespeech_nusantara_text,b161b715-84c6-4f2a-86f9-5f4649dac925,hate_or_noHate_zs_noopt_apakah_yes_or_no,train,"Apakah teks berikut ini hatespeech ""Sabar n iklas ya pak. Apa pun hasil nya. Kita tetap dukung. Di mna pun/jabatn apa pun yg bpk emban nanti. #TetapAhok""?",tidak
6006,id_hatespeech,id_hatespeech_nusantara_text,b161b715-84c6-4f2a-86f9-5f4649dac925,hate_or_noHate_zs_noopt_apakah_yes_or_no,train,"Apakah teks berikut ini hatespeech ""Wlaupun kita tak kenal,saya yakini slama ini kamu tlah bkerja kras tuk sebuah nilai yg diperjuangkan.""?",tidak
6007,id_hatespeech,id_hatespeech_nusantara_text,b161b715-84c6-4f2a-86f9-5f4649dac925,hate_or_noHate_zs_noopt_apakah_yes_or_no,train,"Apakah teks berikut ini hatespeech ""RT @ahokdijegal: Kita mgk bs mendukung dia dlm hal kejujuran dan niat baik utk melayani warga, tapi gantiin dia dlm hal pekerjaan""?",tidak
6008,id_hatespeech,id_hatespeech_nusantara_text,b161b715-84c6-4f2a-86f9-5f4649dac925,hate_or_noHate_zs_noopt_apakah_yes_or_no,train,"Apakah teks berikut ini hatespeech ""Puluhan Personel Brimob Nunukan Diberangkatkan, Amankan Pilkada di Dua Provinsi""?",tidak
6009,id_hatespeech,id_hatespeech_nusantara_text,b161b715-84c6-4f2a-86f9-5f4649dac925,hate_or_noHate_zs_noopt_apakah_yes_or_no,train,"Apakah teks berikut ini hatespeech ""@basuki_btp sing sabar pak.. Simpen energi bapak untuk bagian lain Indonesia... Gusti Allah mboten sare pak...""?",tidak
6010,id_hatespeech,id_hatespeech_nusantara_text,b161b715-84c6-4f2a-86f9-5f4649dac925,hate_or_noHate_zs_noopt_apakah_yes_or_no,train,"Apakah teks berikut ini hatespeech ""Karena saya memilih dengan sehat maka saya kompensasikan dengan sarapan pagi yang, uhm, secara umum gak sehat. IMPAS""?",tidak
6011,id_hatespeech,id_hatespeech_nusantara_text,b161b715-84c6-4f2a-86f9-5f4649dac925,hate_or_noHate_zs_noopt_apakah_yes_or_no,train,"Apakah teks berikut ini hatespeech ""RT @Aktualco: Mahfud MD Heran, UU Pemda Sangat Jelas Tapi Mendagri Keukeuh Pertahankan Ahok""?",tidak
6012,id_hatespeech,id_hatespeech_nusantara_text,b161b715-84c6-4f2a-86f9-5f4649dac925,hate_or_noHate_zs_noopt_apakah_yes_or_no,train,"Apakah teks berikut ini hatespeech ""RT @AlissaWahid: Tuips, Ibu Sinta Nuriyah tidak pernah mengeluarkan pernyataan terkait pilkada DKI""?",tidak
6013,id_hatespeech,id_hatespeech_nusantara_text,b161b715-84c6-4f2a-86f9-5f4649dac925,hate_or_noHate_zs_noopt_apakah_yes_or_no,train,"Apakah teks berikut ini hatespeech ""RT @AmaliaAmelCute2: Lebih tambah jatuh hati deh jadinya Tak bisa berpaling ke pilihan yg lain Tetap ke pak ahok -Djarotlah yg terbaik""?",tidak
6014,id_hatespeech,id_hatespeech_nusantara_text,b161b715-84c6-4f2a-86f9-5f4649dac925,hate_or_noHate_zs_noopt_apakah_yes_or_no,train,"Apakah teks berikut ini hatespeech ""RT @AnakBaranusa: Yoi... Yang Jelas Pemenagnya itu hanya satu pasang calon, buka dua apa lagi tiga. 1, 2 dan 3 memiliki Peluang yg sama""?",tidak
6015,id_hatespeech,id_hatespeech_nusantara_text,b161b715-84c6-4f2a-86f9-5f4649dac925,hate_or_noHate_zs_noopt_apakah_yes_or_no,train,"Apakah teks berikut ini hatespeech ""RT @AT_AbdillahToha: Aksi 112 tampaknya akan diubah jadi zikir pilkada. Sejauh yg saya tahu, zikir adalah ibadah dekatkan diri ke Allah.""?",tidak
6016,id_hatespeech,id_hatespeech_nusantara_text,b161b715-84c6-4f2a-86f9-5f4649dac925,hate_or_noHate_zs_noopt_apakah_yes_or_no,train,"Apakah teks berikut ini hatespeech ""RT @blogdokter: Janganlah karena pilkada dan kepentingan politik sesaat, persahabatan dan persaudaraan kita terputus | Kita adalah saudara.""?",tidak
6017,id_hatespeech,id_hatespeech_nusantara_text,b161b715-84c6-4f2a-86f9-5f4649dac925,hate_or_noHate_zs_noopt_apakah_yes_or_no,train,"Apakah teks berikut ini hatespeech ""RT @Brani2000: Pilkada di Beltim di kampung sendiri ahok hanya 33% suara. Di Babel kalah telak. Pilkada di DKI? paling cuma 3% suara""?",tidak
6018,id_hatespeech,id_hatespeech_nusantara_text,b161b715-84c6-4f2a-86f9-5f4649dac925,hate_or_noHate_zs_noopt_apakah_yes_or_no,train,"Apakah teks berikut ini hatespeech ""RT @digembok: Ya allah... Beneran... Pak ahok akhirnya samperin si emak...""?",tidak
6019,id_hatespeech,id_hatespeech_nusantara_text,b161b715-84c6-4f2a-86f9-5f4649dac925,hate_or_noHate_zs_noopt_apakah_yes_or_no,train,"Apakah teks berikut ini hatespeech ""Terimakasih Pak @basukibtp untuk 5 tahunnya, 3 tahun sbg wakil gubernur & 2 tahun sbg gubernur!""?",tidak
6020,id_hatespeech,id_hatespeech_nusantara_text,b161b715-84c6-4f2a-86f9-5f4649dac925,hate_or_noHate_zs_noopt_apakah_yes_or_no,train,"Apakah teks berikut ini hatespeech ""RT @eliya_mkom: kesimpulannya tuips, mari kita menangkan Agus Sylvi SATU Putaran, gak perlu pakai 2 putaran segala, cuma habiskan waktu""?",tidak
6021,id_hatespeech,id_hatespeech_nusantara_text,b161b715-84c6-4f2a-86f9-5f4649dac925,hate_or_noHate_zs_noopt_apakah_yes_or_no,train,"Apakah teks berikut ini hatespeech ""Dan selamat atas kemenangannya untuk bapak Anies & Sandi. Semoga Jakarta bisa bersatu lagi""?",tidak
6022,id_hatespeech,id_hatespeech_nusantara_text,b161b715-84c6-4f2a-86f9-5f4649dac925,hate_or_noHate_zs_noopt_apakah_yes_or_no,train,"Apakah teks berikut ini hatespeech ""Bangga masih memiliki putra bangsa seperti pak Basuki dan pak Jarot.""?",tidak
6023,id_hatespeech,id_hatespeech_nusantara_text,b161b715-84c6-4f2a-86f9-5f4649dac925,hate_or_noHate_zs_noopt_apakah_yes_or_no,train,"Apakah teks berikut ini hatespeech ""Temen-temen, apapun pilihannya, masih ada kehidupan setelah pilkada. Mari saling merangkul & saatnya Jakarta maju dan bahagia bersama.""?",tidak
6024,id_hatespeech,id_hatespeech_nusantara_text,b161b715-84c6-4f2a-86f9-5f4649dac925,hate_or_noHate_zs_noopt_apakah_yes_or_no,train,"Apakah teks berikut ini hatespeech ""Selamat atas status barunya pak #Aniessandi, semangat ya pak, semoga semua sesuai dengan janjinya""?",tidak
6025,id_hatespeech,id_hatespeech_nusantara_text,b161b715-84c6-4f2a-86f9-5f4649dac925,hate_or_noHate_zs_noopt_apakah_yes_or_no,train,"Apakah teks berikut ini hatespeech ""Pak ahok @basukibtp tetep semangat yaaa, saya akan selalu menghargai kerja keras bapak dan saya ucapkan selamat atas kemenangan paslon nomor 3 yaitu #AniesSandi!""?",tidak
6026,id_hatespeech,id_hatespeech_nusantara_text,b161b715-84c6-4f2a-86f9-5f4649dac925,hate_or_noHate_zs_noopt_apakah_yes_or_no,train,"Apakah teks berikut ini hatespeech ""Terima kasih pak ahok pak djarot kami bangga perna di pimpin sama bapak berdua...tetap semangat...sukses terus pak""?",tidak
6027,id_hatespeech,id_hatespeech_nusantara_text,b161b715-84c6-4f2a-86f9-5f4649dac925,hate_or_noHate_zs_noopt_apakah_yes_or_no,train,"Apakah teks berikut ini hatespeech ""Terima kasih Pak Ahok-Djarot telah bersama kami beberapa tahun ini""?",tidak
6028,id_hatespeech,id_hatespeech_nusantara_text,b161b715-84c6-4f2a-86f9-5f4649dac925,hate_or_noHate_zs_noopt_apakah_yes_or_no,train,"Apakah teks berikut ini hatespeech ""RT @FerpuAdvocates: Sumarsono: Gaya Pak Ahok yg Kerja Keras Patut Dicontoh dan itu Bagus!!!""?",tidak
6029,id_hatespeech,id_hatespeech_nusantara_text,b161b715-84c6-4f2a-86f9-5f4649dac925,hate_or_noHate_zs_noopt_apakah_yes_or_no,train,"Apakah teks berikut ini hatespeech ""RT @Franstone888: Klo semua mau jujur dan pake hati nurani, Ahok adlh yg terbaik buat Jakarta. Gubernur yg jujur dan benar2 perhatian pd warga""?",tidak
6030,id_hatespeech,id_hatespeech_nusantara_text,b161b715-84c6-4f2a-86f9-5f4649dac925,hate_or_noHate_zs_noopt_apakah_yes_or_no,train,"Apakah teks berikut ini hatespeech ""Pak Ahok the best aku salut sama pak orang nya sabar dengan cobaan dari tuhan Pak Ahok is the best""?",tidak
6031,id_hatespeech,id_hatespeech_nusantara_text,b161b715-84c6-4f2a-86f9-5f4649dac925,hate_or_noHate_zs_noopt_apakah_yes_or_no,train,"Apakah teks berikut ini hatespeech ""RT @hariadhi: Makasih Pak Ahok, sudah ajarkan kami makna peduli sama rakyat. Andai di masa depan saya dpt kesempatan""?",tidak
6032,id_hatespeech,id_hatespeech_nusantara_text,b161b715-84c6-4f2a-86f9-5f4649dac925,hate_or_noHate_zs_noopt_apakah_yes_or_no,train,"Apakah teks berikut ini hatespeech ""RT @IpungLombok: Hadeuuuh.. Kenapa jadi gaduh gini Pilkada DKI ya... Padahal Pilkada serentak 2015 lalu aman aman saja?""?",tidak
6033,id_hatespeech,id_hatespeech_nusantara_text,b161b715-84c6-4f2a-86f9-5f4649dac925,hate_or_noHate_zs_noopt_apakah_yes_or_no,train,"Apakah teks berikut ini hatespeech ""RT @MbakNevi: Masyarakat Transportasi Jakarta dukung Ahok-Djarot, https:\/\/t.co\/7fdwk8XvCB""?",tidak
6034,id_hatespeech,id_hatespeech_nusantara_text,b161b715-84c6-4f2a-86f9-5f4649dac925,hate_or_noHate_zs_noopt_apakah_yes_or_no,train,"Apakah teks berikut ini hatespeech ""Saya sudah tidak tertarik melihat Debat Pilkada DKI, namun ada yang menarik. Salah satu Cagub sering mengepalkan tangan pada saat menjelas""?",tidak
6035,id_hatespeech,id_hatespeech_nusantara_text,b161b715-84c6-4f2a-86f9-5f4649dac925,hate_or_noHate_zs_noopt_apakah_yes_or_no,train,"Apakah teks berikut ini hatespeech ""Semangat terus. Maju terus di dalam TUHAN. God Bless you more and forever bpk ahok dan family""?",tidak
6036,id_hatespeech,id_hatespeech_nusantara_text,b161b715-84c6-4f2a-86f9-5f4649dac925,hate_or_noHate_zs_noopt_apakah_yes_or_no,train,"Apakah teks berikut ini hatespeech ""Selamat bertugas pak Anis, semoga Jakarta menjadi lebih baik lagi!""?",tidak
6037,id_hatespeech,id_hatespeech_nusantara_text,b161b715-84c6-4f2a-86f9-5f4649dac925,hate_or_noHate_zs_noopt_apakah_yes_or_no,train,"Apakah teks berikut ini hatespeech ""@aniesbaswedan @sandiuno selamat ya pak, kami tunggu program terealisasi. Jangan kecewakan Jakarta""?",tidak
6038,id_hatespeech,id_hatespeech_nusantara_text,b161b715-84c6-4f2a-86f9-5f4649dac925,hate_or_noHate_zs_noopt_apakah_yes_or_no,train,"Apakah teks berikut ini hatespeech ""Saya selalu mendoakan yg terbaik untk bapak dan bapak juga mendapatkan banyak ucapan dari saudara di gaza palestina""?",tidak
6039,id_hatespeech,id_hatespeech_nusantara_text,b161b715-84c6-4f2a-86f9-5f4649dac925,hate_or_noHate_zs_noopt_apakah_yes_or_no,train,"Apakah teks berikut ini hatespeech ""Selamat untk bpk @aniesbaswedan & @sandiagauno atas kemenangannya. Semoga allah memberkahi disetiap langkah yg bapak ambil aminnn salam3jari""?",tidak
6040,id_hatespeech,id_hatespeech_nusantara_text,b161b715-84c6-4f2a-86f9-5f4649dac925,hate_or_noHate_zs_noopt_apakah_yes_or_no,train,"Apakah teks berikut ini hatespeech ""RT @netmediatama: Mereka telah siap berikan yang terbaik di ajang debat terbuka!""?",tidak
6041,id_hatespeech,id_hatespeech_nusantara_text,b161b715-84c6-4f2a-86f9-5f4649dac925,hate_or_noHate_zs_noopt_apakah_yes_or_no,train,"Apakah teks berikut ini hatespeech ""Pak anies dan pak @sandiuno selamat ya sudah terpilih jd gubernur dan wagub Jakarta.""?",tidak
6042,id_hatespeech,id_hatespeech_nusantara_text,b161b715-84c6-4f2a-86f9-5f4649dac925,hate_or_noHate_zs_noopt_apakah_yes_or_no,train,"Apakah teks berikut ini hatespeech ""RT @PartaiSocmed: Kejahatan perbankan yg di spin oleh tim AHY untuk kepentingan pilkada""?",tidak
6043,id_hatespeech,id_hatespeech_nusantara_text,b161b715-84c6-4f2a-86f9-5f4649dac925,hate_or_noHate_zs_noopt_apakah_yes_or_no,train,"Apakah teks berikut ini hatespeech ""RT @swamediumcom: Agus-Sylvi Diprediksi Maju di Putaran Kedua Pilkada DKI versi Survey GRP""?",tidak
6044,id_hatespeech,id_hatespeech_nusantara_text,b161b715-84c6-4f2a-86f9-5f4649dac925,hate_or_noHate_zs_noopt_apakah_yes_or_no,train,"Apakah teks berikut ini hatespeech ""RT @temanAhok: Alhamdulillah sambutan antusias warga di tiap blusukan pak Ahok selalu real. Ngga ada settingan.""?",tidak
6045,id_hatespeech,id_hatespeech_nusantara_text,b161b715-84c6-4f2a-86f9-5f4649dac925,hate_or_noHate_zs_noopt_apakah_yes_or_no,train,"Apakah teks berikut ini hatespeech ""Sampai detik ini pak ahok masih harapan terbesar saya #prayforjakarta""?",tidak
6046,id_hatespeech,id_hatespeech_nusantara_text,b161b715-84c6-4f2a-86f9-5f4649dac925,hate_or_noHate_zs_noopt_apakah_yes_or_no,train,"Apakah teks berikut ini hatespeech ""Tuhan punya rencana yg indah buat Pak Ahok dan Pak Djarot""?",tidak
6047,id_hatespeech,id_hatespeech_nusantara_text,b161b715-84c6-4f2a-86f9-5f4649dac925,hate_or_noHate_zs_noopt_apakah_yes_or_no,train,"Apakah teks berikut ini hatespeech ""Selamat dan terima kasih banyak untuk pak Ahok dan pak Djarot yg sudah menunjukan bahwa negara ini masih punya orang2 baik""?",tidak
6048,id_hatespeech,id_hatespeech_nusantara_text,b161b715-84c6-4f2a-86f9-5f4649dac925,hate_or_noHate_zs_noopt_apakah_yes_or_no,train,"Apakah teks berikut ini hatespeech ""Terima kasih pak atas segala kebaikan untuk jakarta yang sudah kalian tancapkan di hati warga jakarta""?",tidak
6049,id_hatespeech,id_hatespeech_nusantara_text,b161b715-84c6-4f2a-86f9-5f4649dac925,hate_or_noHate_zs_noopt_apakah_yes_or_no,train,"Apakah teks berikut ini hatespeech ""Pasti bapak anies sandi kemungkinan besar menang""?",tidak
6050,id_hatespeech,id_hatespeech_nusantara_text,b161b715-84c6-4f2a-86f9-5f4649dac925,hate_or_noHate_zs_noopt_apakah_yes_or_no,train,"Apakah teks berikut ini hatespeech ""Terima kasih. Kepada pendukung kami, percayalah... Tuhan tahu yang terbaik. #JakartaPunyaSemua""?",tidak
6051,id_hatespeech,id_hatespeech_nusantara_text,b161b715-84c6-4f2a-86f9-5f4649dac925,hate_or_noHate_zs_noopt_apakah_yes_or_no,train,"Apakah teks berikut ini hatespeech ""Gubernur dan wakil gubernur terbaik yang pernah jakarta miliki.""?",tidak
6052,id_hatespeech,id_hatespeech_nusantara_text,b161b715-84c6-4f2a-86f9-5f4649dac925,hate_or_noHate_zs_noopt_apakah_yes_or_no,train,"Apakah teks berikut ini hatespeech ""RT @triwul82: Jelang Akhir Masa Tugas, Plt Gubernur DKI Akui Kinerja Ahok https:\/\/t.co\/04ihgI5cwZ""?",tidak
6053,id_hatespeech,id_hatespeech_nusantara_text,b161b715-84c6-4f2a-86f9-5f4649dac925,hate_or_noHate_zs_noopt_apakah_yes_or_no,train,"Apakah teks berikut ini hatespeech ""RT @Wolfcrime: Pendukung yang Telah Dibaiat tapi Tak Pilih Agus-Sylvi Akan Terima Risikonya""?",tidak
6054,id_hatespeech,id_hatespeech_nusantara_text,b161b715-84c6-4f2a-86f9-5f4649dac925,hate_or_noHate_zs_noopt_apakah_yes_or_no,train,"Apakah teks berikut ini hatespeech ""Mutiara tetap mutiara Pak Ahok Djarot. Tuhan pny rencana yg lebih dahsyat utk Bapak ber2 utk Indonesia. Maju terus.""?",tidak
6055,id_hatespeech,id_hatespeech_nusantara_text,b161b715-84c6-4f2a-86f9-5f4649dac925,hate_or_noHate_zs_noopt_apakah_yes_or_no,train,"Apakah teks berikut ini hatespeech ""Tuhan percayakan hal yang lebih Besar lagi kepada Pak Ahok selain hanya menjadi Gubernur Dki jakarta.""?",tidak
6056,id_hatespeech,id_hatespeech_nusantara_text,b161b715-84c6-4f2a-86f9-5f4649dac925,hate_or_noHate_zs_noopt_apakah_yes_or_no,train,"Apakah teks berikut ini hatespeech ""I LOVE YOU PAK AHOK.AKU HANYA BISA BERDOA SEMOGA TUHAN MEMBERKATI. SALAM 2 JARI UNTUK PA AHOK I LOVE YOU""?",tidak
6057,id_hatespeech,id_hatespeech_nusantara_text,b161b715-84c6-4f2a-86f9-5f4649dac925,hate_or_noHate_zs_noopt_apakah_yes_or_no,train,"Apakah teks berikut ini hatespeech ""Survei Terbaru: Anies-Sandi Melejit Jauh Tinggalkan Ahok-Djarot https:\/\/t.co\/2IHhuzPsbF""?",tidak
6058,id_hatespeech,id_hatespeech_nusantara_text,b161b715-84c6-4f2a-86f9-5f4649dac925,hate_or_noHate_zs_noopt_apakah_yes_or_no,train,"Apakah teks berikut ini hatespeech ""Aku akui pak ahok itu tangguh sekali dan apa adanya""?",tidak
6059,id_hatespeech,id_hatespeech_nusantara_text,b161b715-84c6-4f2a-86f9-5f4649dac925,hate_or_noHate_zs_noopt_apakah_yes_or_no,train,"Apakah teks berikut ini hatespeech ""saya selalu mendukung dan berdoa untukmu ahokdjarot terimakasih""?",tidak
6060,id_hatespeech,id_hatespeech_nusantara_text,b161b715-84c6-4f2a-86f9-5f4649dac925,hate_or_noHate_zs_noopt_apakah_yes_or_no,train,"Apakah teks berikut ini hatespeech ""Meski Badj tak lagi menjadi pelayan rakyat...kami selalu berdoa terbaik buat Badja. Kami bangga pernah memiliki kalian.""?",tidak
6061,id_hatespeech,id_hatespeech_nusantara_text,b161b715-84c6-4f2a-86f9-5f4649dac925,hate_or_noHate_zs_noopt_apakah_yes_or_no,train,"Apakah teks berikut ini hatespeech ""Mudah2han pak ahok jadi nomor satu di Indonesia""?",tidak
6062,id_hatespeech,id_hatespeech_nusantara_text,b161b715-84c6-4f2a-86f9-5f4649dac925,hate_or_noHate_zs_noopt_apakah_yes_or_no,train,"Apakah teks berikut ini hatespeech ""TPS Paslon Pilkada DKI Akan Dijaga Ketat""?",tidak
6063,id_hatespeech,id_hatespeech_nusantara_text,b161b715-84c6-4f2a-86f9-5f4649dac925,hate_or_noHate_zs_noopt_apakah_yes_or_no,train,"Apakah teks berikut ini hatespeech ""saya bukan penduduk jakarta. tapi saya kagum pada sosok ahok dan jarot.allah memang punya rencana lain.selamat pada beliau""?",tidak
6064,id_hatespeech,id_hatespeech_nusantara_text,b161b715-84c6-4f2a-86f9-5f4649dac925,hate_or_noHate_zs_noopt_apakah_yes_or_no,train,"Apakah teks berikut ini hatespeech ""Pak anies tolong bongkar lagi masjid yg di bangun pak ahok di daan mogot""?",tidak
6065,id_hatespeech,id_hatespeech_nusantara_text,b161b715-84c6-4f2a-86f9-5f4649dac925,hate_or_noHate_zs_noopt_apakah_yes_or_no,train,"Apakah teks berikut ini hatespeech ""Yang blm pada move on mending bsk piknik aja mumpung long weekend hehehe""?",tidak
6066,id_hatespeech,id_hatespeech_nusantara_text,b161b715-84c6-4f2a-86f9-5f4649dac925,hate_or_noHate_zs_noopt_apakah_yes_or_no,train,"Apakah teks berikut ini hatespeech ""Semoga bapak bisa meneladani sosok bang yos gubernur jakarta yang sangat cinta @persijajkt""?",tidak
6067,id_hatespeech,id_hatespeech_nusantara_text,b161b715-84c6-4f2a-86f9-5f4649dac925,hate_or_noHate_zs_noopt_apakah_yes_or_no,train,"Apakah teks berikut ini hatespeech ""Pemimpin yg baik pemimpin yg mengerti akan jiwa pemuda, lanjutkan pak @aniesbaswedan""?",tidak
6068,id_hatespeech,id_hatespeech_nusantara_text,b161b715-84c6-4f2a-86f9-5f4649dac925,hate_or_noHate_zs_noopt_apakah_yes_or_no,train,"Apakah teks berikut ini hatespeech ""kami disini mendulungmu untuk jakarta yg maju bukan hanya ekonomi nya tapi juga prestasi sepakbola nya""?",tidak
6069,id_hatespeech,id_hatespeech_nusantara_text,b161b715-84c6-4f2a-86f9-5f4649dac925,hate_or_noHate_zs_noopt_apakah_yes_or_no,train,"Apakah teks berikut ini hatespeech ""Negara kita negara BHINEKA TUNGGAL IKA. jadi ga liat pemimpin dengan agama ,ras ,budaya""?",tidak
6070,id_hatespeech,id_hatespeech_nusantara_text,b161b715-84c6-4f2a-86f9-5f4649dac925,hate_or_noHate_zs_noopt_apakah_yes_or_no,train,"Apakah teks berikut ini hatespeech ""pak @aniesbaswedan kami disini mendulungmu untuk jakarta yg maju bukan hanya ekonomi nya tapi juga prestasi sepakbola nya""?",tidak
6071,id_hatespeech,id_hatespeech_nusantara_text,b161b715-84c6-4f2a-86f9-5f4649dac925,hate_or_noHate_zs_noopt_apakah_yes_or_no,train,"Apakah teks berikut ini hatespeech ""Gw yakin suatu saat pasti Pak @basuki_btp akan ada patungnya sebagai tanda jasa entah itu di indo atau di madame tussaud.""?",tidak
6072,id_hatespeech,id_hatespeech_nusantara_text,b161b715-84c6-4f2a-86f9-5f4649dac925,hate_or_noHate_zs_noopt_apakah_yes_or_no,train,"Apakah teks berikut ini hatespeech ""Doa itu sebaiknya yg baik2. Karena Tuhan juga baik. Klo doa jelek jahat, akan berbalik ke diri yg mendoakan loh""?",tidak
6073,id_hatespeech,id_hatespeech_nusantara_text,b161b715-84c6-4f2a-86f9-5f4649dac925,hate_or_noHate_zs_noopt_apakah_yes_or_no,train,"Apakah teks berikut ini hatespeech ""#badja Jakarta tidak butuh kalian lagi, tapi Indonesia menunggu untuk pengabdian kalian.""?",tidak
6074,id_hatespeech,id_hatespeech_nusantara_text,b161b715-84c6-4f2a-86f9-5f4649dac925,hate_or_noHate_zs_noopt_apakah_yes_or_no,train,"Apakah teks berikut ini hatespeech ""Artikel saya untuk Mas @pandji. Dari reklamasi, penggusuran, DP 0 Rupiah, OKE OCE, hingga ""figur pemersatu"".""?",tidak
6075,id_hatespeech,id_hatespeech_nusantara_text,b161b715-84c6-4f2a-86f9-5f4649dac925,hate_or_noHate_zs_noopt_apakah_yes_or_no,train,"Apakah teks berikut ini hatespeech ""#BesokGueAhok Karena Terbukti Dan Teruji Dari Segi Kerjanya,Ahok Untuk DKI Jakarta Lebih Baik Kemudian #TetapAhok""?",tidak
6076,id_hatespeech,id_hatespeech_nusantara_text,b161b715-84c6-4f2a-86f9-5f4649dac925,hate_or_noHate_zs_noopt_apakah_yes_or_no,train,"Apakah teks berikut ini hatespeech ""ga tinggal di Jakarta sih, tp 1 rumah ngotot banget dukung Pak @basuki_btp!""?",tidak
6077,id_hatespeech,id_hatespeech_nusantara_text,b161b715-84c6-4f2a-86f9-5f4649dac925,hate_or_noHate_zs_noopt_apakah_yes_or_no,train,"Apakah teks berikut ini hatespeech ""Semangat Pilkada! Untukmu pilihanmu dan untukku pilihanku #tetapahok""?",tidak
6078,id_hatespeech,id_hatespeech_nusantara_text,b161b715-84c6-4f2a-86f9-5f4649dac925,hate_or_noHate_zs_noopt_apakah_yes_or_no,train,"Apakah teks berikut ini hatespeech ""Tapi perbedaan vital di reklamasi sama perumahan, justru gak bisa berkutik sama sekali.""?",tidak
6079,id_hatespeech,id_hatespeech_nusantara_text,b161b715-84c6-4f2a-86f9-5f4649dac925,hate_or_noHate_zs_noopt_apakah_yes_or_no,train,"Apakah teks berikut ini hatespeech ""Sabar dulu jgn tergesa2 nagih, beliau belum dilantik baru bulan Oktober nanti.""?",tidak
6080,id_hatespeech,id_hatespeech_nusantara_text,b161b715-84c6-4f2a-86f9-5f4649dac925,hate_or_noHate_zs_noopt_apakah_yes_or_no,train,"Apakah teks berikut ini hatespeech ""Pak @aniesbaswedan knpa ngga mampir dulu ke tempat saya. Orangtua saya ngefans bgt""?",tidak
6081,id_hatespeech,id_hatespeech_nusantara_text,b161b715-84c6-4f2a-86f9-5f4649dac925,hate_or_noHate_zs_noopt_apakah_yes_or_no,train,"Apakah teks berikut ini hatespeech ""Semoga @persijajkt lebih maju dengan adanya gubernur era baru.""?",tidak
6082,id_hatespeech,id_hatespeech_nusantara_text,b161b715-84c6-4f2a-86f9-5f4649dac925,hate_or_noHate_zs_noopt_apakah_yes_or_no,train,"Apakah teks berikut ini hatespeech ""Tetap di masyarakat jakarta dan selalu membuat jakarta lebih baik.Dan hasilnya pun sudah terbukti""?",tidak
6083,id_hatespeech,id_hatespeech_nusantara_text,b161b715-84c6-4f2a-86f9-5f4649dac925,hate_or_noHate_zs_noopt_apakah_yes_or_no,train,"Apakah teks berikut ini hatespeech ""saya sebagai masyarakat jakarta salut terhadap kepemimpinan pak ahok.""?",tidak
6084,id_hatespeech,id_hatespeech_nusantara_text,b161b715-84c6-4f2a-86f9-5f4649dac925,hate_or_noHate_zs_noopt_apakah_yes_or_no,train,"Apakah teks berikut ini hatespeech ""Semua sayang ahok. Saya berharap ahok bisa jadi presiden selanjutnya bersama pak jokowi.""?",tidak
6085,id_hatespeech,id_hatespeech_nusantara_text,b161b715-84c6-4f2a-86f9-5f4649dac925,hate_or_noHate_zs_noopt_apakah_yes_or_no,train,"Apakah teks berikut ini hatespeech ""Bukan lagi milik jakarta lagi ahok tapi milik kita untuk membangun jakarta lebih baik""?",tidak
6086,id_hatespeech,id_hatespeech_nusantara_text,b161b715-84c6-4f2a-86f9-5f4649dac925,hate_or_noHate_zs_noopt_apakah_yes_or_no,train,"Apakah teks berikut ini hatespeech ""Pak Ahok, jadi cagub di Bekasi aja ya pak... Bekasi mau dipimpin orang seperti bapak, biar ada perubahan lebih baik @basukibtp""?",tidak
6087,id_hatespeech,id_hatespeech_nusantara_text,b161b715-84c6-4f2a-86f9-5f4649dac925,hate_or_noHate_zs_noopt_apakah_yes_or_no,train,"Apakah teks berikut ini hatespeech ""Kekalahan Ahok adalah kemunduran peradaban di Indonesia. Selamat datang radikalisme. Akal sehat sudah tidak ada dinegara ini.""?",tidak
6088,id_hatespeech,id_hatespeech_nusantara_text,b161b715-84c6-4f2a-86f9-5f4649dac925,hate_or_noHate_zs_noopt_apakah_yes_or_no,train,"Apakah teks berikut ini hatespeech ""Semangat pak ahok , bapak sudah berjuang sekuat tenaga dan sudah berusaha melakukan yang terbaik, terima kasih pak""?",tidak
6089,id_hatespeech,id_hatespeech_nusantara_text,b161b715-84c6-4f2a-86f9-5f4649dac925,hate_or_noHate_zs_noopt_apakah_yes_or_no,train,"Apakah teks berikut ini hatespeech ""Terima Kasih pak sudah mengabdi dijakarta dengan segudang permintaan warga.""?",tidak
6090,id_hatespeech,id_hatespeech_nusantara_text,b161b715-84c6-4f2a-86f9-5f4649dac925,hate_or_noHate_zs_noopt_apakah_yes_or_no,train,"Apakah teks berikut ini hatespeech ""Mungkin ada kata kata yang menyakitkan ya pak, tapi semoga itu menjadi semangat untuk bapak kedepannya.""?",tidak
6091,id_hatespeech,id_hatespeech_nusantara_text,b161b715-84c6-4f2a-86f9-5f4649dac925,hate_or_noHate_zs_noopt_apakah_yes_or_no,train,"Apakah teks berikut ini hatespeech ""Walaupun bapak tidak menang. Tapi saya menikmati kerja keras bapak selama menjabat. Terima kasih untuk bapak ahok.""?",tidak
6092,id_hatespeech,id_hatespeech_nusantara_text,b161b715-84c6-4f2a-86f9-5f4649dac925,hate_or_noHate_zs_noopt_apakah_yes_or_no,train,"Apakah teks berikut ini hatespeech ""miris ya pak ahok...sukses slalu buat my idola pak ahok""?",tidak
6093,id_hatespeech,id_hatespeech_nusantara_text,b161b715-84c6-4f2a-86f9-5f4649dac925,hate_or_noHate_zs_noopt_apakah_yes_or_no,train,"Apakah teks berikut ini hatespeech ""Gue lebih suka Ahok bantuin Jokowi ngurusin Indonesia agar lebih cepet maju, bukan hanya Jakarta.""?",tidak
6094,id_hatespeech,id_hatespeech_nusantara_text,b161b715-84c6-4f2a-86f9-5f4649dac925,hate_or_noHate_zs_noopt_apakah_yes_or_no,train,"Apakah teks berikut ini hatespeech ""Pak kok saya pngn peluk bapak sambil bilang "" pak tetap semangat ya, saya selalu mendoakan yg terbaik untuk bapak""""?",tidak
6095,id_hatespeech,id_hatespeech_nusantara_text,b161b715-84c6-4f2a-86f9-5f4649dac925,hate_or_noHate_zs_noopt_apakah_yes_or_no,train,"Apakah teks berikut ini hatespeech ""aya bukan warga jakarta tp saya sering ke jakarta.....saya bangga jakarta pernah di pegang bapak. Jadi rapih pak sekarang.....""?",tidak
6096,id_hatespeech,id_hatespeech_nusantara_text,b161b715-84c6-4f2a-86f9-5f4649dac925,hate_or_noHate_zs_noopt_apakah_yes_or_no,train,"Apakah teks berikut ini hatespeech ""Maka seyogyanya pilihanku #TetapAhok karna terlihat pencerahan pd sistem birokrasi.""?",tidak
6097,id_hatespeech,id_hatespeech_nusantara_text,b161b715-84c6-4f2a-86f9-5f4649dac925,hate_or_noHate_zs_noopt_apakah_yes_or_no,train,"Apakah teks berikut ini hatespeech ""Pak ahok tetap menjadi gubenur dihatiku ....""?",tidak
6098,id_hatespeech,id_hatespeech_nusantara_text,b161b715-84c6-4f2a-86f9-5f4649dac925,hate_or_noHate_zs_noopt_apakah_yes_or_no,train,"Apakah teks berikut ini hatespeech ""Dari lahir di Jakarta sampe detik ini baru gue liat kali & pintu air Manggarai bersih dari sampah ya pas jaman Jokowi sampe Ahok. #TetapAhok""?",tidak
6099,id_hatespeech,id_hatespeech_nusantara_text,b161b715-84c6-4f2a-86f9-5f4649dac925,hate_or_noHate_zs_noopt_apakah_yes_or_no,train,"Apakah teks berikut ini hatespeech ""Gpp kalah. mungkin belom rejekinya ya pak. Bagi kami bapak tetap pemimpin yang jujur. Tetap berkarya nyata""?",tidak
6100,id_hatespeech,id_hatespeech_nusantara_text,b161b715-84c6-4f2a-86f9-5f4649dac925,hate_or_noHate_zs_noopt_apakah_yes_or_no,train,"Apakah teks berikut ini hatespeech ""Selama 20 tahun tinggal di Jakarta, baru 5 tahun terakhir benar-benar terasa perubahan dan sadar kalau itu akitbat gubernurnya.""?",tidak
6101,id_hatespeech,id_hatespeech_nusantara_text,b161b715-84c6-4f2a-86f9-5f4649dac925,hate_or_noHate_zs_noopt_apakah_yes_or_no,train,"Apakah teks berikut ini hatespeech ""Aku cinta Pak Ahok. Terimakasih ya Pak atas jasa-jasa dan kerja nyatanya selama 5 tahun terakhir.""?",tidak
6102,id_hatespeech,id_hatespeech_nusantara_text,b161b715-84c6-4f2a-86f9-5f4649dac925,hate_or_noHate_zs_noopt_apakah_yes_or_no,train,"Apakah teks berikut ini hatespeech ""Tetap semangat pak ahok.... terimakasih atas semua yg anda berikan untuk jakarta. sukses selalu buat pak ahok.""?",tidak
6103,id_hatespeech,id_hatespeech_nusantara_text,b161b715-84c6-4f2a-86f9-5f4649dac925,hate_or_noHate_zs_noopt_apakah_yes_or_no,train,"Apakah teks berikut ini hatespeech ""Pak ahok kita tetap mendukung apapun yang terjadi""?",tidak
6104,id_hatespeech,id_hatespeech_nusantara_text,b161b715-84c6-4f2a-86f9-5f4649dac925,hate_or_noHate_zs_noopt_apakah_yes_or_no,train,"Apakah teks berikut ini hatespeech ""Terima kasih banyak buat kinerja keras dari Pak Ahok dan team selama memimpin DKI Jakarta. Tetap semangat selalu Pak. God Bless Bapak & Family.""?",tidak
6105,id_hatespeech,id_hatespeech_nusantara_text,b161b715-84c6-4f2a-86f9-5f4649dac925,hate_or_noHate_zs_noopt_apakah_yes_or_no,train,"Apakah teks berikut ini hatespeech ""Bapak ahok sosok yang saya banggakan, terimakasih pak sudah merubah jakarta.""?",tidak
6106,id_hatespeech,id_hatespeech_nusantara_text,b161b715-84c6-4f2a-86f9-5f4649dac925,hate_or_noHate_zs_noopt_apakah_yes_or_no,train,"Apakah teks berikut ini hatespeech ""semoga pak ahok selalu dlm lindungan tuhan, saya sayang sama pak ahok, pak ahok orang baik.""?",tidak
6107,id_hatespeech,id_hatespeech_nusantara_text,b161b715-84c6-4f2a-86f9-5f4649dac925,hate_or_noHate_zs_noopt_apakah_yes_or_no,train,"Apakah teks berikut ini hatespeech ""Terima kasih pak Basuki. Sampai kapan pun sejarah akan mencatat bapak membawa perubahan bagi kami warga jakarta""?",tidak
6108,id_hatespeech,id_hatespeech_nusantara_text,b161b715-84c6-4f2a-86f9-5f4649dac925,hate_or_noHate_zs_noopt_apakah_yes_or_no,train,"Apakah teks berikut ini hatespeech ""Lanjutkan perjuangan Pak, Bapak orang baik pasti ditempatkan di tempat yg lebih baik juga.""?",tidak
6109,id_hatespeech,id_hatespeech_nusantara_text,b161b715-84c6-4f2a-86f9-5f4649dac925,hate_or_noHate_zs_noopt_apakah_yes_or_no,train,"Apakah teks berikut ini hatespeech ""Kau lah yang terhebat.. Karna kau lah kami mendapat inspirasi dan pengalaman yang sangat berharga.""?",tidak
6110,id_hatespeech,id_hatespeech_nusantara_text,b161b715-84c6-4f2a-86f9-5f4649dac925,hate_or_noHate_zs_noopt_apakah_yes_or_no,train,"Apakah teks berikut ini hatespeech ""Buat Pak Ahok tetap berkarya pak. Masih ada kesempatan lebih baik di 2019""?",tidak
6111,id_hatespeech,id_hatespeech_nusantara_text,b161b715-84c6-4f2a-86f9-5f4649dac925,hate_or_noHate_zs_noopt_apakah_yes_or_no,train,"Apakah teks berikut ini hatespeech ""Pak saya setuju kalo pak jadi gubenur karena kerja pak sangat bagus kerena kerja pak basuki tegas keluarga kami mendukung pak basuki""?",tidak
6112,id_hatespeech,id_hatespeech_nusantara_text,b161b715-84c6-4f2a-86f9-5f4649dac925,hate_or_noHate_zs_noopt_apakah_yes_or_no,train,"Apakah teks berikut ini hatespeech ""Bapak tetap yg terbaik untuk jakarta..terima kasih pak untuk semua yg bapak kerjakan selama ini semoga Allah selalu meridhoi bapak dalam setiap langkah bapak..""?",tidak
6113,id_hatespeech,id_hatespeech_nusantara_text,b161b715-84c6-4f2a-86f9-5f4649dac925,hate_or_noHate_zs_noopt_apakah_yes_or_no,train,"Apakah teks berikut ini hatespeech ""jabatan bukan hal penting yg terpenting bapak tetap orang terhebat di jakarta tentang kerja keras Pak Ahok..sekali lagi terima kasih Pak Ahok""?",tidak
6114,id_hatespeech,id_hatespeech_nusantara_text,b161b715-84c6-4f2a-86f9-5f4649dac925,hate_or_noHate_zs_noopt_apakah_yes_or_no,train,"Apakah teks berikut ini hatespeech ""Pak Ahok....walau saya bukan warga DKI....saya sangat sedih bapak tidak terpilih lg jd Gubenur DKI.....""?",tidak
6115,id_hatespeech,id_hatespeech_nusantara_text,b161b715-84c6-4f2a-86f9-5f4649dac925,hate_or_noHate_zs_noopt_apakah_yes_or_no,train,"Apakah teks berikut ini hatespeech ""Hanya bpk lah gubernur satu satunya yg bisa membawa perubahan di Jakarta...semangat pak...""?",tidak
6116,id_hatespeech,id_hatespeech_nusantara_text,b161b715-84c6-4f2a-86f9-5f4649dac925,hate_or_noHate_zs_noopt_apakah_yes_or_no,train,"Apakah teks berikut ini hatespeech ""Pak ahok, saya mempunyai ibu, ibu saya selalu mendoakan pak ahok setiap waktu dan setiap pagi jam 3 ibu saya sebenarnya kecewa dengan hasil pilkada""?",tidak
6117,id_hatespeech,id_hatespeech_nusantara_text,b161b715-84c6-4f2a-86f9-5f4649dac925,hate_or_noHate_zs_noopt_apakah_yes_or_no,train,"Apakah teks berikut ini hatespeech ""tapi kalah menang itu biasa. kekuasaan ada di tangan tuhan, asal bapak ahok tidak menjual iman pak ahok dengan jabatan""?",tidak
6118,id_hatespeech,id_hatespeech_nusantara_text,b161b715-84c6-4f2a-86f9-5f4649dac925,hate_or_noHate_zs_noopt_apakah_yes_or_no,train,"Apakah teks berikut ini hatespeech ""Terimakasih banyak pak ahok dan djarot untuk kerja tulus dan kerasnya untuk Jakarta..""?",tidak
6119,id_hatespeech,id_hatespeech_nusantara_text,b161b715-84c6-4f2a-86f9-5f4649dac925,hate_or_noHate_zs_noopt_apakah_yes_or_no,train,"Apakah teks berikut ini hatespeech ""Media Asing Menyorot Hasil Pilkada Jakarta""?",tidak
6120,id_hatespeech,id_hatespeech_nusantara_text,b161b715-84c6-4f2a-86f9-5f4649dac925,hate_or_noHate_zs_noopt_apakah_yes_or_no,train,"Apakah teks berikut ini hatespeech ""Ahok Banyak Belajar di Pilkada DKI""?",tidak
6121,id_hatespeech,id_hatespeech_nusantara_text,b161b715-84c6-4f2a-86f9-5f4649dac925,hate_or_noHate_zs_noopt_apakah_yes_or_no,train,"Apakah teks berikut ini hatespeech ""Ini Pelajaran yang Dipetik Ahok dari Pilkada DKI""?",tidak
6122,id_hatespeech,id_hatespeech_nusantara_text,b161b715-84c6-4f2a-86f9-5f4649dac925,hate_or_noHate_zs_noopt_apakah_yes_or_no,train,"Apakah teks berikut ini hatespeech ""Ahok: Lupakan Semua Masalah Kampanye dan Pilkada""?",tidak
6123,id_hatespeech,id_hatespeech_nusantara_text,b161b715-84c6-4f2a-86f9-5f4649dac925,hate_or_noHate_zs_noopt_apakah_yes_or_no,train,"Apakah teks berikut ini hatespeech ""Presiden Percaya Pilkada DKI Hasilkan Pemimpin Terbaik""?",tidak
6124,id_hatespeech,id_hatespeech_nusantara_text,b161b715-84c6-4f2a-86f9-5f4649dac925,hate_or_noHate_zs_noopt_apakah_yes_or_no,train,"Apakah teks berikut ini hatespeech ""Kapolri Pastikan Pilkada DKI Berjalan Lancar dan Sejuk""?",tidak
6125,id_hatespeech,id_hatespeech_nusantara_text,b161b715-84c6-4f2a-86f9-5f4649dac925,hate_or_noHate_zs_noopt_apakah_yes_or_no,train,"Apakah teks berikut ini hatespeech ""Pengamat: Pilkada DKI Panas Karena Parpol Sulit Disiplinkan Massa""?",tidak
6126,id_hatespeech,id_hatespeech_nusantara_text,b161b715-84c6-4f2a-86f9-5f4649dac925,hate_or_noHate_zs_noopt_apakah_yes_or_no,train,"Apakah teks berikut ini hatespeech ""Parpol Pendukung Ahok-Djarot Komitmen Jaga Pilkada Damai""?",tidak
6127,id_hatespeech,id_hatespeech_nusantara_text,b161b715-84c6-4f2a-86f9-5f4649dac925,hate_or_noHate_zs_noopt_apakah_yes_or_no,train,"Apakah teks berikut ini hatespeech ""Amankan Pilkada DKI, Polisi Terapkan Dua Sistem Pengamanan""?",tidak
6128,id_hatespeech,id_hatespeech_nusantara_text,b161b715-84c6-4f2a-86f9-5f4649dac925,hate_or_noHate_zs_noopt_apakah_yes_or_no,train,"Apakah teks berikut ini hatespeech ""Tiga Instansi Keluarkan Maklumat Larangan Mobilisasi Massa di Pilkada DKI""?",tidak
6129,id_hatespeech,id_hatespeech_nusantara_text,b161b715-84c6-4f2a-86f9-5f4649dac925,hate_or_noHate_zs_noopt_apakah_yes_or_no,train,"Apakah teks berikut ini hatespeech ""TERNYATA BAJU YANG DIPAKAI AHOK DI DEBAT PILKADA YG SAYA TONTON MELALUI METRO TV SAMA DENGAN YANG DI TV ONE. BARUSAN SAYA CEK""?",tidak
6130,id_hatespeech,id_hatespeech_nusantara_text,b161b715-84c6-4f2a-86f9-5f4649dac925,hate_or_noHate_zs_noopt_apakah_yes_or_no,train,"Apakah teks berikut ini hatespeech ""Sebagai warga negara yang baik, lo wajib ikut mensukseskan Pilkada Jakarta 2017. Temukan performa berbeda Debat Pilkada pukul 7""?",tidak
6131,id_hatespeech,id_hatespeech_nusantara_text,b161b715-84c6-4f2a-86f9-5f4649dac925,hate_or_noHate_zs_noopt_apakah_yes_or_no,train,"Apakah teks berikut ini hatespeech ""Debat Terakhir Menentukan Elektabilitas di Pilkada DKI Putaran Kedua""?",tidak
6132,id_hatespeech,id_hatespeech_nusantara_text,b161b715-84c6-4f2a-86f9-5f4649dac925,hate_or_noHate_zs_noopt_apakah_yes_or_no,train,"Apakah teks berikut ini hatespeech ""Terima kasih bapak ahok dengan jasa2 bapak selalu membangun jakarta lebih baik lagi""?",tidak
6133,id_hatespeech,id_hatespeech_nusantara_text,b161b715-84c6-4f2a-86f9-5f4649dac925,hate_or_noHate_zs_noopt_apakah_yes_or_no,train,"Apakah teks berikut ini hatespeech ""Salut banget sm pak ahok.. benar2 berjiwa kesatria.. langsung mengucapkan selamat ke pasangan anis dan sandi..""?",tidak
6134,id_hatespeech,id_hatespeech_nusantara_text,b161b715-84c6-4f2a-86f9-5f4649dac925,hate_or_noHate_zs_noopt_apakah_yes_or_no,train,"Apakah teks berikut ini hatespeech ""keluarga sudah ke menggunakan hak pilihnya pagi ini. Jangan lupa bagi warga Jakarta untuk datang ke TPS sebelum jam 1 siang!""?",tidak
6135,id_hatespeech,id_hatespeech_nusantara_text,b161b715-84c6-4f2a-86f9-5f4649dac925,hate_or_noHate_zs_noopt_apakah_yes_or_no,train,"Apakah teks berikut ini hatespeech ""Terima kasih telah membuat Jakarta menjadi lebih baik pak... Tetap semangat!""?",tidak
6136,id_hatespeech,id_hatespeech_nusantara_text,b161b715-84c6-4f2a-86f9-5f4649dac925,hate_or_noHate_zs_noopt_apakah_yes_or_no,train,"Apakah teks berikut ini hatespeech ""Pada akhirnya, orang jahat akan jatuh, dan orang baik, akan dibangkitkan!""?",tidak
6137,id_hatespeech,id_hatespeech_nusantara_text,b161b715-84c6-4f2a-86f9-5f4649dac925,hate_or_noHate_zs_noopt_apakah_yes_or_no,train,"Apakah teks berikut ini hatespeech ""Meski dijatuhkan berkali2, Tuhan akan selalu mengangkat yg benar""?",tidak
6138,id_hatespeech,id_hatespeech_nusantara_text,b161b715-84c6-4f2a-86f9-5f4649dac925,hate_or_noHate_zs_noopt_apakah_yes_or_no,train,"Apakah teks berikut ini hatespeech ""Rencana Bapak yang di surga itu lebih indah yangg kita inginkan bapak ahok tetap semangat ya pak""?",tidak
6139,id_hatespeech,id_hatespeech_nusantara_text,b161b715-84c6-4f2a-86f9-5f4649dac925,hate_or_noHate_zs_noopt_apakah_yes_or_no,train,"Apakah teks berikut ini hatespeech ""Pak Basuki dan Pak Djarot tetap kuat didalam iman dan pengharapan...""?",tidak
6140,id_hatespeech,id_hatespeech_nusantara_text,b161b715-84c6-4f2a-86f9-5f4649dac925,hate_or_noHate_zs_noopt_apakah_yes_or_no,train,"Apakah teks berikut ini hatespeech ""Yakin bahwa ini bukan jalan yang terbaik untuk anda dari hanya sekedar Gubernur dan Wakil gubernur DKI..""?",tidak
6141,id_hatespeech,id_hatespeech_nusantara_text,b161b715-84c6-4f2a-86f9-5f4649dac925,hate_or_noHate_zs_noopt_apakah_yes_or_no,train,"Apakah teks berikut ini hatespeech ""Masyarakat Indonesia khusus DKI melihat pemimpin itu bukan dilihat hasil kerjanya""?",tidak
6142,id_hatespeech,id_hatespeech_nusantara_text,b161b715-84c6-4f2a-86f9-5f4649dac925,hate_or_noHate_zs_noopt_apakah_yes_or_no,train,"Apakah teks berikut ini hatespeech ""Kami sebagai rakyat indonesia yang bukan berasal dari DKI turut mendoakan semoga pak Basuki dan pak Djarot tidak pernah lelah melayani kami dan tetap terus semangat""?",tidak
6143,id_hatespeech,id_hatespeech_nusantara_text,b161b715-84c6-4f2a-86f9-5f4649dac925,hate_or_noHate_zs_noopt_apakah_yes_or_no,train,"Apakah teks berikut ini hatespeech ""jangan padam untuk kemanusiaan ya pak, saya mengenang semua hal manis yg telah bapak perjuangkan""?",tidak
6144,id_hatespeech,id_hatespeech_nusantara_text,b161b715-84c6-4f2a-86f9-5f4649dac925,hate_or_noHate_zs_noopt_apakah_yes_or_no,train,"Apakah teks berikut ini hatespeech ""Saya doakan pak ahok dan tamengnya tidak kejang2""?",tidak
6145,id_hatespeech,id_hatespeech_nusantara_text,b161b715-84c6-4f2a-86f9-5f4649dac925,hate_or_noHate_zs_noopt_apakah_yes_or_no,train,"Apakah teks berikut ini hatespeech ""Tetap semangat pak. Ahok.. Aku selalu dukung pak ahok djarot.""?",tidak
6146,id_hatespeech,id_hatespeech_nusantara_text,b161b715-84c6-4f2a-86f9-5f4649dac925,hate_or_noHate_zs_noopt_apakah_yes_or_no,train,"Apakah teks berikut ini hatespeech ""Pemenang Debat Pilkada DKI malam ini adalah...... IRA KOESNO!!!""?",tidak
6147,id_hatespeech,id_hatespeech_nusantara_text,b161b715-84c6-4f2a-86f9-5f4649dac925,hate_or_noHate_zs_noopt_apakah_yes_or_no,train,"Apakah teks berikut ini hatespeech ""Selamat buat pasangan no 3, Anies-Sandi pemenang versi Quick Count... Terima kasih buat Ahok-Djarot atas kerja luar biasa untuk Jakarta...""?",tidak
6148,id_hatespeech,id_hatespeech_nusantara_text,b161b715-84c6-4f2a-86f9-5f4649dac925,hate_or_noHate_zs_noopt_apakah_yes_or_no,train,"Apakah teks berikut ini hatespeech ""Semangat pak ahok walaupun saya warga bandung tapi saya yakin pak ahok yg jadi juara...""?",tidak
6149,id_hatespeech,id_hatespeech_nusantara_text,b161b715-84c6-4f2a-86f9-5f4649dac925,hate_or_noHate_zs_noopt_apakah_yes_or_no,train,"Apakah teks berikut ini hatespeech ""yg jelas, kerja keras, pasti, dan jujur tetap pak ahok.""?",tidak
6150,id_hatespeech,id_hatespeech_nusantara_text,b161b715-84c6-4f2a-86f9-5f4649dac925,hate_or_noHate_zs_noopt_apakah_yes_or_no,train,"Apakah teks berikut ini hatespeech ""Maaf pak saya tidak bisa ikutan nyoblos, KTP saya jakarta, tapi saya skrg tinggal bandung, saya hanya bisa berdoa""?",tidak
6151,id_hatespeech,id_hatespeech_nusantara_text,b161b715-84c6-4f2a-86f9-5f4649dac925,hate_or_noHate_zs_noopt_apakah_yes_or_no,train,"Apakah teks berikut ini hatespeech ""semoga ahokdjarot bisa terus melanjutkan visi misi nya untuk membangun kota Jakarta, agar lebih rapih bersih dan nyaman""?",tidak
6152,id_hatespeech,id_hatespeech_nusantara_text,b161b715-84c6-4f2a-86f9-5f4649dac925,hate_or_noHate_zs_noopt_apakah_yes_or_no,train,"Apakah teks berikut ini hatespeech ""Dalam nama Tuhan Untuk jakarta yg lebih baik""?",tidak
6153,id_hatespeech,id_hatespeech_nusantara_text,b161b715-84c6-4f2a-86f9-5f4649dac925,hate_or_noHate_zs_noopt_apakah_yes_or_no,train,"Apakah teks berikut ini hatespeech ""semagat buat pak Anies semoga selalu dalam rahmat tuhan YME""?",tidak
6154,id_hatespeech,id_hatespeech_nusantara_text,b161b715-84c6-4f2a-86f9-5f4649dac925,hate_or_noHate_zs_noopt_apakah_yes_or_no,train,"Apakah teks berikut ini hatespeech ""semua warga DKI gunakan hak pilihmu....jangan takut kita smua warga yg punya hak dan sehat lahir batin""?",tidak
6155,id_hatespeech,id_hatespeech_nusantara_text,b161b715-84c6-4f2a-86f9-5f4649dac925,hate_or_noHate_zs_noopt_apakah_yes_or_no,train,"Apakah teks berikut ini hatespeech ""semoga Tuhan memberikan seluruh masyarakat DKI jakarta keadilan sesuai pemimpin yg benar2 demi rakyat Amin.""?",tidak
6156,id_hatespeech,id_hatespeech_nusantara_text,b161b715-84c6-4f2a-86f9-5f4649dac925,hate_or_noHate_zs_noopt_apakah_yes_or_no,train,"Apakah teks berikut ini hatespeech ""Eks Pendukung Agus-Sylvi di Jakarta Timur Deklarasikan Dukungan Untuk Ahok-Djarot""?",tidak
6157,id_hatespeech,id_hatespeech_nusantara_text,b161b715-84c6-4f2a-86f9-5f4649dac925,hate_or_noHate_zs_noopt_apakah_yes_or_no,train,"Apakah teks berikut ini hatespeech ""Ini pasti salah Jokowi, Ahok dan kafir-kafir ateis. https:\/\/t.co\/v2GRcUeStI""?",iya
6158,id_hatespeech,id_hatespeech_nusantara_text,b161b715-84c6-4f2a-86f9-5f4649dac925,hate_or_noHate_zs_noopt_apakah_yes_or_no,train,"Apakah teks berikut ini hatespeech ""@fahmiabuazzam1 biar aja biar tai nya kena bapak lo itu ya. Loh tuh kan gak suka sm ahok jadi biar loh sm bpk loh sm ibu loh kena tai nya.""?",iya
6159,id_hatespeech,id_hatespeech_nusantara_text,b161b715-84c6-4f2a-86f9-5f4649dac925,hate_or_noHate_zs_noopt_apakah_yes_or_no,train,"Apakah teks berikut ini hatespeech ""RT @BungWinar: Angin memporakporandakan basis pemenangan Si Penista Agama...Cililitan.\nYa Alloh Ampuni Kami\n#JakartaBanjir""?",iya
6160,id_hatespeech,id_hatespeech_nusantara_text,b161b715-84c6-4f2a-86f9-5f4649dac925,hate_or_noHate_zs_noopt_apakah_yes_or_no,train,"Apakah teks berikut ini hatespeech ""RT @Lupuz0503: Prestasi Ahok, \nSelain mjadi mafia koruptor n penista agama, dirinya bhasil tenggelamkan JKT MELALUI congoran CEBON""?",iya
6161,id_hatespeech,id_hatespeech_nusantara_text,b161b715-84c6-4f2a-86f9-5f4649dac925,hate_or_noHate_zs_noopt_apakah_yes_or_no,train,"Apakah teks berikut ini hatespeech ""Ulama Kompak Nyatakan #HaramPemimpinKafir Pilih Ahok = Murtad!""?",iya
6162,id_hatespeech,id_hatespeech_nusantara_text,b161b715-84c6-4f2a-86f9-5f4649dac925,hate_or_noHate_zs_noopt_apakah_yes_or_no,train,"Apakah teks berikut ini hatespeech ""KAU PENDIKAN TINGGI TAPI BODOH....GK ADA LARANG BAWA AGAMA..BIAR ORANG ISLAM YG DI BAYAR AHOK SADAR GK JADI MILIH AHOK GLA""?",iya
6163,id_hatespeech,id_hatespeech_nusantara_text,b161b715-84c6-4f2a-86f9-5f4649dac925,hate_or_noHate_zs_noopt_apakah_yes_or_no,train,"Apakah teks berikut ini hatespeech ""@indopoints di tanah abang cina udah mulai resah dan stres gara2 si penista agama dan pilkada pasar jd sepi. Sepi sampai 2 minggu lg ha. ha""?",iya
6164,id_hatespeech,id_hatespeech_nusantara_text,b161b715-84c6-4f2a-86f9-5f4649dac925,hate_or_noHate_zs_noopt_apakah_yes_or_no,train,"Apakah teks berikut ini hatespeech ""@investigator_RI betul dan semua pihak yg menentang si cina kafir ahok akan di kriminalisasi oleh polisi dgn smua rekayasa hukum nya""?",iya
6165,id_hatespeech,id_hatespeech_nusantara_text,b161b715-84c6-4f2a-86f9-5f4649dac925,hate_or_noHate_zs_noopt_apakah_yes_or_no,train,"Apakah teks berikut ini hatespeech ""@YohanesTarigan9 saya ga habis pikir kenapa fanboy ahok bego bego ya pada ga ngerti sejarah. Gampang kejebak iklan. Maaf ya.""?",iya
6166,id_hatespeech,id_hatespeech_nusantara_text,b161b715-84c6-4f2a-86f9-5f4649dac925,hate_or_noHate_zs_noopt_apakah_yes_or_no,train,"Apakah teks berikut ini hatespeech ""@Zufrianto3 lebih baik pilih ahok drpd pilih yg se iman tp koruptor dn munafik !! Bodoh kau""?",iya
6167,id_hatespeech,id_hatespeech_nusantara_text,b161b715-84c6-4f2a-86f9-5f4649dac925,hate_or_noHate_zs_noopt_apakah_yes_or_no,train,"Apakah teks berikut ini hatespeech ""Ahok si penghina Al - Qur'an dan Ulama ini selalu bersikap menjijikkan yaitu sok suci dan merasa paling benar https:\/\/t.co\/bTkCeTNk0g""?",iya
6168,id_hatespeech,id_hatespeech_nusantara_text,b161b715-84c6-4f2a-86f9-5f4649dac925,hate_or_noHate_zs_noopt_apakah_yes_or_no,train,"Apakah teks berikut ini hatespeech ""Ayo umat Islam yg pinter, jgn percaya klo aksi 112 tdk ada hubungannya dgn pilkada, pihak AHY yg bayar anies yg untung \ud83d\ude01""?",iya
6169,id_hatespeech,id_hatespeech_nusantara_text,b161b715-84c6-4f2a-86f9-5f4649dac925,hate_or_noHate_zs_noopt_apakah_yes_or_no,train,"Apakah teks berikut ini hatespeech ""#DebatFinalPilkadaJKT mampuuuusssssss mpoK Silvy!!!!""?",iya
6170,id_hatespeech,id_hatespeech_nusantara_text,b161b715-84c6-4f2a-86f9-5f4649dac925,hate_or_noHate_zs_noopt_apakah_yes_or_no,train,"Apakah teks berikut ini hatespeech ""Hidup china komunis ! https:\/\/t.co\/b1RheVKrXl""?",iya
6171,id_hatespeech,id_hatespeech_nusantara_text,b161b715-84c6-4f2a-86f9-5f4649dac925,hate_or_noHate_zs_noopt_apakah_yes_or_no,train,"Apakah teks berikut ini hatespeech ""Ini tuh kesalahan Jokowi dan Ahok si babi ateis. https:\/\/t.co\/v2GRcUeStI""?",iya
6172,id_hatespeech,id_hatespeech_nusantara_text,b161b715-84c6-4f2a-86f9-5f4649dac925,hate_or_noHate_zs_noopt_apakah_yes_or_no,train,"Apakah teks berikut ini hatespeech ""Kalo ahok menang pilkada bikin video sex bareng anaknya dong tan.? https:\/\/t.co\/7msmThwwLK""?",iya
6173,id_hatespeech,id_hatespeech_nusantara_text,b161b715-84c6-4f2a-86f9-5f4649dac925,hate_or_noHate_zs_noopt_apakah_yes_or_no,train,"Apakah teks berikut ini hatespeech ""Keluarga Besar Kami Yang Berdomisili di Jakarta TIDAK PILIH AHOK!! https:\/\/t.co\/GZKZFTpvCw Suara Ulama Bulat! #HaramPilihAhok #JanganGolput""?",iya
6174,id_hatespeech,id_hatespeech_nusantara_text,b161b715-84c6-4f2a-86f9-5f4649dac925,hate_or_noHate_zs_noopt_apakah_yes_or_no,train,"Apakah teks berikut ini hatespeech ""ketutunan cina dari luar kota dan pulau mulai kejakarta mau coblos ahok dengan KTP aspal dari kamboja""?",iya
6175,id_hatespeech,id_hatespeech_nusantara_text,b161b715-84c6-4f2a-86f9-5f4649dac925,hate_or_noHate_zs_noopt_apakah_yes_or_no,train,"Apakah teks berikut ini hatespeech ""RT @indopoints: china babi... china maling...\n#UsirChina https:\/\/t.co\/9y4HIWHJp2""?",iya
6176,id_hatespeech,id_hatespeech_nusantara_text,b161b715-84c6-4f2a-86f9-5f4649dac925,hate_or_noHate_zs_noopt_apakah_yes_or_no,train,"Apakah teks berikut ini hatespeech ""RT @mosangada72: Masih mau memilih Agus-Sylvi???\nAnaknya SBY dan Keluarga Koruptor\n#BlusukanAhok\n#BerjamaahCoblosPecinya\u2026""?",iya
6177,id_hatespeech,id_hatespeech_nusantara_text,b161b715-84c6-4f2a-86f9-5f4649dac925,hate_or_noHate_zs_noopt_apakah_yes_or_no,train,"Apakah teks berikut ini hatespeech ""tangkap ahok dan klompok nya yg melakukan pemalsuan e KTP karna merupakan penghiyanat bagi bangsa dan negara""?",iya
6178,id_hatespeech,id_hatespeech_nusantara_text,b161b715-84c6-4f2a-86f9-5f4649dac925,hate_or_noHate_zs_noopt_apakah_yes_or_no,train,"Apakah teks berikut ini hatespeech ""Tangkap Ahok Sekarang Juga, Share Jika Setuju !!!""?",iya
6179,id_hatespeech,id_hatespeech_nusantara_text,b161b715-84c6-4f2a-86f9-5f4649dac925,hate_or_noHate_zs_noopt_apakah_yes_or_no,train,"Apakah teks berikut ini hatespeech ""Sayang sekali Bangsa ini Paling jago kalau merasa-rasa. Yg mendukung Pak Ahok merasa paling benar, yg mendukung Mas Anies merasa paling suci""?",iya
6180,id_hatespeech,id_hatespeech_nusantara_text,b161b715-84c6-4f2a-86f9-5f4649dac925,hate_or_noHate_zs_noopt_apakah_yes_or_no,train,"Apakah teks berikut ini hatespeech ""Video Ahok Menghina Agama Kristen Agama Konyol #AhokPecahBelahBangsa""?",iya
6181,id_hatespeech,id_hatespeech_nusantara_text,b161b715-84c6-4f2a-86f9-5f4649dac925,hate_or_noHate_zs_noopt_apakah_yes_or_no,train,"Apakah teks berikut ini hatespeech ""Bukan Hanya Penista Agama, Bagi JPU Ahok Pemecah Belah Bangsa https:\/\/t.co\/6qkIFCjqhq""?",iya
6182,id_hatespeech,id_hatespeech_nusantara_text,b161b715-84c6-4f2a-86f9-5f4649dac925,hate_or_noHate_zs_noopt_apakah_yes_or_no,train,"Apakah teks berikut ini hatespeech ""Mbak Sylviana please Anda sehat? #DebatFinalPilkadaJKT #perjuanganbelumselesai""?",iya
6183,id_hatespeech,id_hatespeech_nusantara_text,b161b715-84c6-4f2a-86f9-5f4649dac925,hate_or_noHate_zs_noopt_apakah_yes_or_no,train,"Apakah teks berikut ini hatespeech ""Nomor 1 sok tau lagi lansung di skak wkwkwk #DebatFinalPilkadaJKT""?",iya
6184,id_hatespeech,id_hatespeech_nusantara_text,b161b715-84c6-4f2a-86f9-5f4649dac925,hate_or_noHate_zs_noopt_apakah_yes_or_no,train,"Apakah teks berikut ini hatespeech ""RT @Gemacan70: Ayoo jaga keutuhan NKRI!!! Tangkap Penista Agama!!! #StopKriminalisasiUlama https:\/\/t.co\/dxIDQ4ZQHV""?",iya
6185,id_hatespeech,id_hatespeech_nusantara_text,b161b715-84c6-4f2a-86f9-5f4649dac925,hate_or_noHate_zs_noopt_apakah_yes_or_no,train,"Apakah teks berikut ini hatespeech ""@Lupuz0503: Terlihat salah satu pendukung mafia koruptor dan penista agama, para gerombolan BANCI TITOT lakukan bidikan ke arah""?",iya
6186,id_hatespeech,id_hatespeech_nusantara_text,b161b715-84c6-4f2a-86f9-5f4649dac925,hate_or_noHate_zs_noopt_apakah_yes_or_no,train,"Apakah teks berikut ini hatespeech ""tobat yuk sebelum terlambat. biar gerombolan JIL aja yg kita doakan konsisten bela kekafiran hingga akhir hayat https:\/\/t.co\/979uJ6ItrM""?",iya
6187,id_hatespeech,id_hatespeech_nusantara_text,b161b715-84c6-4f2a-86f9-5f4649dac925,hate_or_noHate_zs_noopt_apakah_yes_or_no,train,"Apakah teks berikut ini hatespeech ""RT @UstadTengku: Ya Allah Jika Mereka Menempuh Cara2 Curang utk Memenangkan Si Penista Agama, Engkau Kirimkanlah MALAIKAT MAUT Utk menyeles\u2026""?",iya
6188,id_hatespeech,id_hatespeech_nusantara_text,b161b715-84c6-4f2a-86f9-5f4649dac925,hate_or_noHate_zs_noopt_apakah_yes_or_no,train,"Apakah teks berikut ini hatespeech "";Kebanyakan fitnah nih mpok silvy #DebatFinalPilkadaJKT #Gue2""?",iya
6189,id_hatespeech,id_hatespeech_nusantara_text,b161b715-84c6-4f2a-86f9-5f4649dac925,hate_or_noHate_zs_noopt_apakah_yes_or_no,train,"Apakah teks berikut ini hatespeech ""FPI: Pendukung Ahok kalah jumlah, dengan izin Allah kita gusur Gubernur koruptor dan penista agama https:\/\/t.co\/Jp7pGLRGiE""?",iya
6190,id_hatespeech,id_hatespeech_nusantara_text,b161b715-84c6-4f2a-86f9-5f4649dac925,hate_or_noHate_zs_noopt_apakah_yes_or_no,train,"Apakah teks berikut ini hatespeech ""#JakartaBanjir Pemimpinnya gak punya akhlak yg baik... PENISTA AGAMA. https:\/\/t.co\/PNEGDJMPCH""?",iya
6191,id_hatespeech,id_hatespeech_nusantara_text,b161b715-84c6-4f2a-86f9-5f4649dac925,hate_or_noHate_zs_noopt_apakah_yes_or_no,train,"Apakah teks berikut ini hatespeech ""RT @felixsiauw: tapi twit begini asik lo, kita jadi tau yang mana akun-akun pro-penista agama, akun-akun buzzer yang kerjanya menghujat :)""?",iya
6192,id_hatespeech,id_hatespeech_nusantara_text,b161b715-84c6-4f2a-86f9-5f4649dac925,hate_or_noHate_zs_noopt_apakah_yes_or_no,train,"Apakah teks berikut ini hatespeech ""@DivHumasHansip: ahoker siap bela penista agama https:\/\/t.co\/HxuU4rUDFX\""?",iya
6193,id_hatespeech,id_hatespeech_nusantara_text,b161b715-84c6-4f2a-86f9-5f4649dac925,hate_or_noHate_zs_noopt_apakah_yes_or_no,train,"Apakah teks berikut ini hatespeech ""RT @alwinazar24: sepertinya CUCUnya DAJJAL telah hadir""?",iya
6194,id_hatespeech,id_hatespeech_nusantara_text,b161b715-84c6-4f2a-86f9-5f4649dac925,hate_or_noHate_zs_noopt_apakah_yes_or_no,train,"Apakah teks berikut ini hatespeech ""Mereka Siang MALAM Maki2 Ulama Kita, Nongkrongi Medsos Ulama2\nBela PENISTA Agama yg SOMBONGNYA Minta AMPUN.""?",iya
6195,id_hatespeech,id_hatespeech_nusantara_text,b161b715-84c6-4f2a-86f9-5f4649dac925,hate_or_noHate_zs_noopt_apakah_yes_or_no,train,"Apakah teks berikut ini hatespeech ""RT @Jhonkosmik: Ada apa dengan mayoritas etnis China di DKI?\nMengapa begitu solid mendukung penista agama Islam?\n\nDendam?\nTidak nasionalis?""?",iya
6196,id_hatespeech,id_hatespeech_nusantara_text,b161b715-84c6-4f2a-86f9-5f4649dac925,hate_or_noHate_zs_noopt_apakah_yes_or_no,train,"Apakah teks berikut ini hatespeech ""Mukanya mpo Silvy Asem bangett ngakak kena deh abis jahat sih #DebatFinalPilkadaJKT""?",iya
6197,id_hatespeech,id_hatespeech_nusantara_text,b161b715-84c6-4f2a-86f9-5f4649dac925,hate_or_noHate_zs_noopt_apakah_yes_or_no,train,"Apakah teks berikut ini hatespeech ""RT @GodinJ760478: @tempodotco gara2 belain terdakwa penista agama jadi remek semua. Sukurin""?",iya
6198,id_hatespeech,id_hatespeech_nusantara_text,b161b715-84c6-4f2a-86f9-5f4649dac925,hate_or_noHate_zs_noopt_apakah_yes_or_no,train,"Apakah teks berikut ini hatespeech ""RT @Chaeruddin_B: Sekumpulan Teman Penista Agama\nTdk ada empati buat korban banjir, hanya koar2 memuji junjunganya https:\/\/t.co\/XQFktDG74x""?",iya
6199,id_hatespeech,id_hatespeech_nusantara_text,b161b715-84c6-4f2a-86f9-5f4649dac925,hate_or_noHate_zs_noopt_apakah_yes_or_no,train,"Apakah teks berikut ini hatespeech ""RT @TerorisSocmed: PENJARAKAN PENISTA AGAMA !!! ATAU @jokowi TURUN !!! https:\/\/t.co\/vqH0TNXaRz""?",iya
6200,id_hatespeech,id_hatespeech_nusantara_text,b161b715-84c6-4f2a-86f9-5f4649dac925,hate_or_noHate_zs_noopt_apakah_yes_or_no,train,"Apakah teks berikut ini hatespeech ""Si penista agama, Jaga mulut aja gabisa apalagi jaga jkt?""?",iya
6201,id_hatespeech,id_hatespeech_nusantara_text,b161b715-84c6-4f2a-86f9-5f4649dac925,hate_or_noHate_zs_noopt_apakah_yes_or_no,train,"Apakah teks berikut ini hatespeech ""Ahok : program paslon no. 1 ini programnya ngambang | yaiyalah pakkk gak ada program diaa cma ada celaan #DebatFinalPilkadaJKT""?",iya
6202,id_hatespeech,id_hatespeech_nusantara_text,b161b715-84c6-4f2a-86f9-5f4649dac925,hate_or_noHate_zs_noopt_apakah_yes_or_no,train,"Apakah teks berikut ini hatespeech ""Akui saja Ahok dan Djarot kalian gagal atasi banjir.Orang kena banjir anda sibuk sidang kasus penista agama""?",iya
6203,id_hatespeech,id_hatespeech_nusantara_text,b161b715-84c6-4f2a-86f9-5f4649dac925,hate_or_noHate_zs_noopt_apakah_yes_or_no,train,"Apakah teks berikut ini hatespeech ""RT @87_julay: Iyaa... Ahog Ngak pantes jadi pemimpin.. Pantesnya penista agama dipenjarakan!!! https:\/\/t.co\/YhhO40QWXS""?",iya
6204,id_hatespeech,id_hatespeech_nusantara_text,b161b715-84c6-4f2a-86f9-5f4649dac925,hate_or_noHate_zs_noopt_apakah_yes_or_no,train,"Apakah teks berikut ini hatespeech ""RT @wongawas: Overdosis @Metro_TV membela penista agama. https:\/\/t.co\/i84RARpy5w""?",iya
6205,id_hatespeech,id_hatespeech_nusantara_text,b161b715-84c6-4f2a-86f9-5f4649dac925,hate_or_noHate_zs_noopt_apakah_yes_or_no,train,"Apakah teks berikut ini hatespeech ""Kaga masuk diakal kite kalo suara seorang penista agama yg dah dikutuk ame umat islam suara nye bisa tinggi, emang sengaja ditinggiin tuh""?",iya
6206,id_hatespeech,id_hatespeech_nusantara_text,b161b715-84c6-4f2a-86f9-5f4649dac925,hate_or_noHate_zs_noopt_apakah_yes_or_no,train,"Apakah teks berikut ini hatespeech ""RT @andreobz: Pantasan di pecat dr menteri...data2 aj ngawur dan memkasakan betul..hahaha #AhokPastiTumbang #paslon3 #pilgubdki""?",iya
6207,id_hatespeech,id_hatespeech_nusantara_text,b161b715-84c6-4f2a-86f9-5f4649dac925,hate_or_noHate_zs_noopt_apakah_yes_or_no,train,"Apakah teks berikut ini hatespeech ""RT @BangsaPenguasa: Penjarakan ahoax penista agama atau jokowi turun.#KonsolidasiDewanPKB https:\/\/t.co\/XoW5eakIsk""?",iya
6208,id_hatespeech,id_hatespeech_nusantara_text,b161b715-84c6-4f2a-86f9-5f4649dac925,hate_or_noHate_zs_noopt_apakah_yes_or_no,train,"Apakah teks berikut ini hatespeech ""Napa dibiarin tim si penista agama maen curang maren, emang sengaja dibiarin biar ntar digaplok umat islam rame2 se jakarta tuh penista""?",iya
6209,id_hatespeech,id_hatespeech_nusantara_text,b161b715-84c6-4f2a-86f9-5f4649dac925,hate_or_noHate_zs_noopt_apakah_yes_or_no,train,"Apakah teks berikut ini hatespeech ""Hahahahhahaa silvy ohh silvy cacingan amat loe ahhh wkwkwkwkwkk #DebatFinalPilkadaJKT""?",iya
6210,id_hatespeech,id_hatespeech_nusantara_text,b161b715-84c6-4f2a-86f9-5f4649dac925,hate_or_noHate_zs_noopt_apakah_yes_or_no,train,"Apakah teks berikut ini hatespeech ""RT @Rakyat_Angin: Ahok Taik. \""MENFITNAH\"". Emang lu tukang caci maki perempuannn!! Asuuu #AhokPastiTumbang #DebatFinalPilkadaJKT""?",iya
6211,id_hatespeech,id_hatespeech_nusantara_text,b161b715-84c6-4f2a-86f9-5f4649dac925,hate_or_noHate_zs_noopt_apakah_yes_or_no,train,"Apakah teks berikut ini hatespeech ""RT @HasanArisandi: #AhokPastiTumbang fakta di bilang fitnah\n#DebatFinalPilkadaJKT""?",iya
6212,id_hatespeech,id_hatespeech_nusantara_text,b161b715-84c6-4f2a-86f9-5f4649dac925,hate_or_noHate_zs_noopt_apakah_yes_or_no,train,"Apakah teks berikut ini hatespeech ""Shame on you silvy !! Ga malu fitnah?? Tuh rasain pak ahok panas, skak mat #DebatFinalPilkadaJKT""?",iya
6213,id_hatespeech,id_hatespeech_nusantara_text,b161b715-84c6-4f2a-86f9-5f4649dac925,hate_or_noHate_zs_noopt_apakah_yes_or_no,train,"Apakah teks berikut ini hatespeech ""Bu silvi anti pns level rendah katanya #DebatFinalPilkadaJKT""?",iya
6214,id_hatespeech,id_hatespeech_nusantara_text,b161b715-84c6-4f2a-86f9-5f4649dac925,hate_or_noHate_zs_noopt_apakah_yes_or_no,train,"Apakah teks berikut ini hatespeech ""RT @AnnisaFYtr: Hanya Orang Islam Yang Bodoh dan Goblok Yang Memilik Ahok! #DebatFinalPilkadaJKT""?",iya
6215,id_hatespeech,id_hatespeech_nusantara_text,b161b715-84c6-4f2a-86f9-5f4649dac925,hate_or_noHate_zs_noopt_apakah_yes_or_no,train,"Apakah teks berikut ini hatespeech ""@DivHumasHansip: fitnah FPI pecah adalah ulah ahoker yg melihat elektabilitas ahok tinggal 10%,mereka kelojotan melihat MUI+NU+Muhammadi""?",iya
6216,id_hatespeech,id_hatespeech_nusantara_text,b161b715-84c6-4f2a-86f9-5f4649dac925,hate_or_noHate_zs_noopt_apakah_yes_or_no,train,"Apakah teks berikut ini hatespeech ""Norak banget iklan mantan mendikbud @aniesbaswedan ini. Tambah gak respech.. inilah tenun kebangsaan yg dia maksud.\u2026 https:\/\/t.co\/Ux7HEYkBLG""?",iya
6217,id_hatespeech,id_hatespeech_nusantara_text,b161b715-84c6-4f2a-86f9-5f4649dac925,hate_or_noHate_zs_noopt_apakah_yes_or_no,train,"Apakah teks berikut ini hatespeech ""RT @DivHumasHansip: yg nebar kebencian itu ahok mbak,masa mbak gak tau sih sampai dia jadi terdakwa loh @AnizzahGedrun""?",iya
6218,id_hatespeech,id_hatespeech_nusantara_text,b161b715-84c6-4f2a-86f9-5f4649dac925,hate_or_noHate_zs_noopt_apakah_yes_or_no,train,"Apakah teks berikut ini hatespeech ""pertanyaan dari Bu Sylvi gak mutu amat. #DebatFinalPilkadaJKT""?",iya
6219,id_hatespeech,id_hatespeech_nusantara_text,b161b715-84c6-4f2a-86f9-5f4649dac925,hate_or_noHate_zs_noopt_apakah_yes_or_no,train,"Apakah teks berikut ini hatespeech ""Huuu sylvi tak tahu apa-apa asal ngoceh #NobarAhokDjarot #DebatFinalPilkadaJKT""?",iya
6220,id_hatespeech,id_hatespeech_nusantara_text,b161b715-84c6-4f2a-86f9-5f4649dac925,hate_or_noHate_zs_noopt_apakah_yes_or_no,train,"Apakah teks berikut ini hatespeech ""Sylvi keliatan bloonnya #DebatFinalPilkadaJKT""?",iya
6221,id_hatespeech,id_hatespeech_nusantara_text,b161b715-84c6-4f2a-86f9-5f4649dac925,hate_or_noHate_zs_noopt_apakah_yes_or_no,train,"Apakah teks berikut ini hatespeech ""RT @WanitaRevolusi: Ahoax penista agama kembali mengolok olok surat AL-MAIDAH 51. Cc @Dahnilanzar""?",iya
6222,id_hatespeech,id_hatespeech_nusantara_text,b161b715-84c6-4f2a-86f9-5f4649dac925,hate_or_noHate_zs_noopt_apakah_yes_or_no,train,"Apakah teks berikut ini hatespeech ""#JakartaBanjir Pemimpinnya gak punya akhlak yg baik... PENISTA AGAMA.""?",iya
6223,id_hatespeech,id_hatespeech_nusantara_text,b161b715-84c6-4f2a-86f9-5f4649dac925,hate_or_noHate_zs_noopt_apakah_yes_or_no,train,"Apakah teks berikut ini hatespeech ""#DebatFinalPilkadaJKT mati kau hok""?",iya
6224,id_hatespeech,id_hatespeech_nusantara_text,b161b715-84c6-4f2a-86f9-5f4649dac925,hate_or_noHate_zs_noopt_apakah_yes_or_no,train,"Apakah teks berikut ini hatespeech ""Yg ga punya program bisanya cuma fitnah. Ciri Orang yg demen ngambil kjp kontan #DebatFinalPilkadaJKT""?",iya
6225,id_hatespeech,id_hatespeech_nusantara_text,b161b715-84c6-4f2a-86f9-5f4649dac925,hate_or_noHate_zs_noopt_apakah_yes_or_no,train,"Apakah teks berikut ini hatespeech ""Mpok silvi nyinyir melulu pertanyaan nya tapi sayang sesat! Maklum sih dese emakemak! #DebatFinalDKI #DebatFinalPilkadaJKT""?",iya
6226,id_hatespeech,id_hatespeech_nusantara_text,b161b715-84c6-4f2a-86f9-5f4649dac925,hate_or_noHate_zs_noopt_apakah_yes_or_no,train,"Apakah teks berikut ini hatespeech ""RT @bajigurceleng: @jpnncom hahaha jelas2 buat pilkada dasar polisi made in cina pelindung penista agama""?",iya
6227,id_hatespeech,id_hatespeech_nusantara_text,b161b715-84c6-4f2a-86f9-5f4649dac925,hate_or_noHate_zs_noopt_apakah_yes_or_no,train,"Apakah teks berikut ini hatespeech ""Kurangnya pemberdayaan wanita DKI Jakarta bisa dilihat dari telaknya perbedaan warna muka dan warna tangan mpok sylvi #DebatFinalPilkadaJKT""?",iya
6228,id_hatespeech,id_hatespeech_nusantara_text,b161b715-84c6-4f2a-86f9-5f4649dac925,hate_or_noHate_zs_noopt_apakah_yes_or_no,train,"Apakah teks berikut ini hatespeech ""Agus silvy Tukang Fitnah #DebatFinalPilkadaJKT""?",iya
6229,id_hatespeech,id_hatespeech_nusantara_text,b161b715-84c6-4f2a-86f9-5f4649dac925,hate_or_noHate_zs_noopt_apakah_yes_or_no,train,"Apakah teks berikut ini hatespeech ""#DebatFinalPilkadaJKT yaudah gus sini kalo ga sakit secara fisik daripada verbal gw gebukin lo rame2""?",iya
6230,id_hatespeech,id_hatespeech_nusantara_text,b161b715-84c6-4f2a-86f9-5f4649dac925,hate_or_noHate_zs_noopt_apakah_yes_or_no,train,"Apakah teks berikut ini hatespeech ""Keluarga kita gak ada yg maling coyy gak perlu trauma kaleeeee emang kluarga ente?""?",iya
6231,id_hatespeech,id_hatespeech_nusantara_text,b161b715-84c6-4f2a-86f9-5f4649dac925,hate_or_noHate_zs_noopt_apakah_yes_or_no,train,"Apakah teks berikut ini hatespeech ""JG KAITKAN JOKOWI DENGAN AHOK KATA JOHAN BUDI. KATA KAMI. SEBAB JOKOWI ANJING. SEDANGKAN AHOK BABI. YA JELAS BERBEDA. WALAUPUN OTAKNYA SAMA""?",iya
6232,id_hatespeech,id_hatespeech_nusantara_text,b161b715-84c6-4f2a-86f9-5f4649dac925,hate_or_noHate_zs_noopt_apakah_yes_or_no,train,"Apakah teks berikut ini hatespeech ""Bajingan lu silvy #DebatFinalPilkadaJKT""?",iya
6233,id_hatespeech,id_hatespeech_nusantara_text,b161b715-84c6-4f2a-86f9-5f4649dac925,hate_or_noHate_zs_noopt_apakah_yes_or_no,train,"Apakah teks berikut ini hatespeech ""Hasil Akhir, Menyatakan @jokowi Melindungi Ahok TERDAKWA PENISTA AGAMA !!!""?",iya
6234,id_hatespeech,id_hatespeech_nusantara_text,b161b715-84c6-4f2a-86f9-5f4649dac925,hate_or_noHate_zs_noopt_apakah_yes_or_no,train,"Apakah teks berikut ini hatespeech ""RT @SiBonekaKayu: Selepas banjir Jakarta 212 Pendukung Ahok mengganti narasi doa. Semua demi keuntungan Sang Penista Agama""?",iya
6235,id_hatespeech,id_hatespeech_nusantara_text,b161b715-84c6-4f2a-86f9-5f4649dac925,hate_or_noHate_zs_noopt_apakah_yes_or_no,train,"Apakah teks berikut ini hatespeech ""Tionghoa katanya kaya? Kok pada putus sekolah? Kebanyakan dugem?""?",iya
6236,id_hatespeech,id_hatespeech_nusantara_text,b161b715-84c6-4f2a-86f9-5f4649dac925,hate_or_noHate_zs_noopt_apakah_yes_or_no,train,"Apakah teks berikut ini hatespeech ""Gusur Ahok demi Indonesia. Teladan buruk pembangkangan hukum dan anti kemanusiaan di Jakarta jgn tertular ke daerah. #CoblosPecinya""?",iya
6237,id_hatespeech,id_hatespeech_nusantara_text,b161b715-84c6-4f2a-86f9-5f4649dac925,hate_or_noHate_zs_noopt_apakah_yes_or_no,train,"Apakah teks berikut ini hatespeech ""BUAT AHOKER YANG TAKUT MATINYA GG DISHOLATIN , TENANG ADA ABU JANDA UST GADUNGAN YG SIAP SHOLATIN AHOKER & JOKOWER""?",iya
6238,id_hatespeech,id_hatespeech_nusantara_text,b161b715-84c6-4f2a-86f9-5f4649dac925,hate_or_noHate_zs_noopt_apakah_yes_or_no,train,"Apakah teks berikut ini hatespeech ""Mampuuss ! Di tembak dalem banget silvyy .. lo urusin tuh dapurr ! Gak punya program demennya nyerang terus !!! #gue2 #DebatFinalPilkadaJKT""?",iya
6239,id_hatespeech,id_hatespeech_nusantara_text,b161b715-84c6-4f2a-86f9-5f4649dac925,hate_or_noHate_zs_noopt_apakah_yes_or_no,train,"Apakah teks berikut ini hatespeech ""Anjir baru kali ini lihat orang bego mau debat pilkada. Kerjanya nyerang karakter. Shame on you mpok silvy and agus. #DebatFinalPilkadaJKT""?",iya
6240,id_hatespeech,id_hatespeech_nusantara_text,b161b715-84c6-4f2a-86f9-5f4649dac925,hate_or_noHate_zs_noopt_apakah_yes_or_no,train,"Apakah teks berikut ini hatespeech ""Uang Taipan tuh. Nanti dibayar dengan ratusan penggusuran biadab oleh Ahok.""?",iya
6241,id_hatespeech,id_hatespeech_nusantara_text,b161b715-84c6-4f2a-86f9-5f4649dac925,hate_or_noHate_zs_noopt_apakah_yes_or_no,train,"Apakah teks berikut ini hatespeech ""CINA ASU https:\/\/t.co\/zM1BsjAIHA""?",iya
6242,id_hatespeech,id_hatespeech_nusantara_text,b161b715-84c6-4f2a-86f9-5f4649dac925,hate_or_noHate_zs_noopt_apakah_yes_or_no,train,"Apakah teks berikut ini hatespeech ""Ketika ngomong, Sylvi keliatan oke. Tapi begitu didebat Ahok, Sylvi langsung kekuatan goblok.""?",iya
6243,id_hatespeech,id_hatespeech_nusantara_text,b161b715-84c6-4f2a-86f9-5f4649dac925,hate_or_noHate_zs_noopt_apakah_yes_or_no,train,"Apakah teks berikut ini hatespeech ""Jangankan Banjir, Tuhan aja Dilawan Sama Ahok #JakartaBanjir Tapi Jakarta hari Ini Bukan Banjir, Hanya GENANGAN.""?",iya
6244,id_hatespeech,id_hatespeech_nusantara_text,b161b715-84c6-4f2a-86f9-5f4649dac925,hate_or_noHate_zs_noopt_apakah_yes_or_no,train,"Apakah teks berikut ini hatespeech ""ADA PEMIMPIM PRIBUMI knp pilih PEMIMPIN IMPOR yg g BERADAB tukang BERBOHONG yuk PRIBUMIKAN DKI milik BANGSA IND @Gemacan70 @TerorisSocmed""?",iya
6245,id_hatespeech,id_hatespeech_nusantara_text,b161b715-84c6-4f2a-86f9-5f4649dac925,hate_or_noHate_zs_noopt_apakah_yes_or_no,train,"Apakah teks berikut ini hatespeech ""Karna dia ga punya program hanya modal bacot doang""?",iya
6246,id_hatespeech,id_hatespeech_nusantara_text,b161b715-84c6-4f2a-86f9-5f4649dac925,hate_or_noHate_zs_noopt_apakah_yes_or_no,train,"Apakah teks berikut ini hatespeech ""Pendukung berarti dia bagian dr penista agama tersebut!!! Dukung gerakan ini 100%""?",iya
6247,id_hatespeech,id_hatespeech_nusantara_text,b161b715-84c6-4f2a-86f9-5f4649dac925,hate_or_noHate_zs_noopt_apakah_yes_or_no,train,"Apakah teks berikut ini hatespeech ""Narkoba yg paling berbahaya adalah ILUSI KESUCIAN AHOK SANG PENISTA.""?",iya
6248,id_hatespeech,id_hatespeech_nusantara_text,b161b715-84c6-4f2a-86f9-5f4649dac925,hate_or_noHate_zs_noopt_apakah_yes_or_no,train,"Apakah teks berikut ini hatespeech ""@tribunnews emang ahok siapa?? Orang penting?? Dia hanya penista agama!!""?",iya
6249,id_hatespeech,id_hatespeech_nusantara_text,b161b715-84c6-4f2a-86f9-5f4649dac925,hate_or_noHate_zs_noopt_apakah_yes_or_no,train,"Apakah teks berikut ini hatespeech ""cina mah duitnya dari hasil maling di Indonesia di balikin lgi berkedok invest plus bawa gembel2 & napi dari Cina negeri nenek moyang ahok""?",iya
6250,id_hatespeech,id_hatespeech_nusantara_text,b161b715-84c6-4f2a-86f9-5f4649dac925,hate_or_noHate_zs_noopt_apakah_yes_or_no,train,"Apakah teks berikut ini hatespeech ""Tangkap Ahok @basuki_btp skrng juga, koruptor reklamasi Jakarta dan penista Agama Islam.""?",iya
6251,id_hatespeech,id_hatespeech_nusantara_text,b161b715-84c6-4f2a-86f9-5f4649dac925,hate_or_noHate_zs_noopt_apakah_yes_or_no,train,"Apakah teks berikut ini hatespeech ""keliatan banget bego nya mpok silvy and agus. #DebatFinalPilkadaJKT""?",iya
6252,id_hatespeech,id_hatespeech_nusantara_text,b161b715-84c6-4f2a-86f9-5f4649dac925,hate_or_noHate_zs_noopt_apakah_yes_or_no,train,"Apakah teks berikut ini hatespeech ""Yg Ahokers, Klo gak seneng ama cuitan gw silahkan unfollow krn gw Anti AHOK (Si Penista Agama Islam)""?",iya
6253,id_hatespeech,id_hatespeech_nusantara_text,b161b715-84c6-4f2a-86f9-5f4649dac925,hate_or_noHate_zs_noopt_apakah_yes_or_no,train,"Apakah teks berikut ini hatespeech ""AGAMA DI NISTAKAN! ULAMA DI LECEHKAN!! Ini Alasannya #HaramPemimpinKafir""?",iya
6254,id_hatespeech,id_hatespeech_nusantara_text,b161b715-84c6-4f2a-86f9-5f4649dac925,hate_or_noHate_zs_noopt_apakah_yes_or_no,train,"Apakah teks berikut ini hatespeech ""RT @FredyBastian3: Cara serang Ahok : Kafir galak""?",iya
6255,id_hatespeech,id_hatespeech_nusantara_text,b161b715-84c6-4f2a-86f9-5f4649dac925,hate_or_noHate_zs_noopt_apakah_yes_or_no,train,"Apakah teks berikut ini hatespeech ""@umnia77 @ruhutsitompul @sahal_as anjing2 ahok.kaum babi lo bnyk bacot.mnding duel sma gw.""?",iya
6256,id_hatespeech,id_hatespeech_nusantara_text,b161b715-84c6-4f2a-86f9-5f4649dac925,hate_or_noHate_zs_noopt_apakah_yes_or_no,train,"Apakah teks berikut ini hatespeech ""Ahok memang verbalnya keras. Pelampiasan dan pelarian karena kelelakiannya lunak.""?",iya
6257,id_hatespeech,id_hatespeech_nusantara_text,b161b715-84c6-4f2a-86f9-5f4649dac925,hate_or_noHate_zs_noopt_apakah_yes_or_no,train,"Apakah teks berikut ini hatespeech ""yg maling itu kan china2 babi BLBI , korupsi nya triliunan , termasuk si AHok korupsi 2 triliun..""?",iya
6258,id_hatespeech,id_hatespeech_nusantara_text,b161b715-84c6-4f2a-86f9-5f4649dac925,hate_or_noHate_zs_noopt_apakah_yes_or_no,train,"Apakah teks berikut ini hatespeech ""Mimpi djan farid jakarta lebih islami dari aceh jika ahok terpilih itu ibarat babi merindukan halal""?",iya
6259,id_hatespeech,id_hatespeech_nusantara_text,b161b715-84c6-4f2a-86f9-5f4649dac925,hate_or_noHate_zs_noopt_apakah_yes_or_no,train,"Apakah teks berikut ini hatespeech ""@KompasTV @ridwankamil ridwal kamil memang hebat dan top nggak kaya ahok tukang penista agama dan koruptor""?",iya
6260,id_hatespeech,id_hatespeech_nusantara_text,b161b715-84c6-4f2a-86f9-5f4649dac925,hate_or_noHate_zs_noopt_apakah_yes_or_no,train,"Apakah teks berikut ini hatespeech ""@TPK_RI ITULAH si ahok kutil babi""?",iya
6261,id_hatespeech,id_hatespeech_nusantara_text,b161b715-84c6-4f2a-86f9-5f4649dac925,hate_or_noHate_zs_noopt_apakah_yes_or_no,train,"Apakah teks berikut ini hatespeech ""Dasar si Kutil babi ahok memang Tukang Bohong. selain Bohong ahok jg biasa Menyalahkan yg lain menutupi Kegagalan nya . contoh soal banjir""?",iya
6262,id_hatespeech,id_hatespeech_nusantara_text,b161b715-84c6-4f2a-86f9-5f4649dac925,hate_or_noHate_zs_noopt_apakah_yes_or_no,train,"Apakah teks berikut ini hatespeech ""@PonkEcha @Fahrihamzah Si Terdakwa Penista Agama Alias Si Ahok Babi Jamban tuh yang Morfotin Uang Rakyat Jakarta""?",iya
6263,id_hatespeech,id_hatespeech_nusantara_text,b161b715-84c6-4f2a-86f9-5f4649dac925,hate_or_noHate_zs_noopt_apakah_yes_or_no,train,"Apakah teks berikut ini hatespeech ""Om...Ahoknya...Mana Om,Katanya Si BABi Ahok Bisa Ngatasi Banjir...Om...BABi Jgn Membual Om...?!!?""?",iya
6264,id_hatespeech,id_hatespeech_nusantara_text,b161b715-84c6-4f2a-86f9-5f4649dac925,hate_or_noHate_zs_noopt_apakah_yes_or_no,train,"Apakah teks berikut ini hatespeech ""kenapa anak babi jalan nya nunduk???karena malu liat ulah bapak nya yang ngebelain ahok..""?",iya
6265,id_hatespeech,id_hatespeech_nusantara_text,b161b715-84c6-4f2a-86f9-5f4649dac925,hate_or_noHate_zs_noopt_apakah_yes_or_no,train,"Apakah teks berikut ini hatespeech ""Perilaku Si BABI @jokoanwar ini memang benci dgn hal berbau Islam. Cocok dgn Ahok. @SiBonekaKayu""?",iya
6266,id_hatespeech,id_hatespeech_nusantara_text,b161b715-84c6-4f2a-86f9-5f4649dac925,hate_or_noHate_zs_noopt_apakah_yes_or_no,train,"Apakah teks berikut ini hatespeech ""@budimandjatmiko ahok si kutil babi kembali ke rumah lembang kenapa jakarta jadi banjir bud?""?",iya
6267,id_hatespeech,id_hatespeech_nusantara_text,b161b715-84c6-4f2a-86f9-5f4649dac925,hate_or_noHate_zs_noopt_apakah_yes_or_no,train,"Apakah teks berikut ini hatespeech ""#jujur orang cerdas dan pintar pilih orang imam dan mampu memimpin ..bisa sholat...bisa ngaji..santun, sopan..tidak seperti babi kafir ahok""?",iya
6268,id_hatespeech,id_hatespeech_nusantara_text,b161b715-84c6-4f2a-86f9-5f4649dac925,hate_or_noHate_zs_noopt_apakah_yes_or_no,train,"Apakah teks berikut ini hatespeech ""Teman Ahok emank TAI. apalagi pemimpinnya kek BABI! @temanahok""?",iya
6269,id_hatespeech,id_hatespeech_nusantara_text,b161b715-84c6-4f2a-86f9-5f4649dac925,hate_or_noHate_zs_noopt_apakah_yes_or_no,train,"Apakah teks berikut ini hatespeech ""Mana para babi ahok yg ngejek onta, biar di injek2 ama onta""?",iya
6270,id_hatespeech,id_hatespeech_nusantara_text,b161b715-84c6-4f2a-86f9-5f4649dac925,hate_or_noHate_zs_noopt_apakah_yes_or_no,train,"Apakah teks berikut ini hatespeech ""@gotcancer2 bukannya stigma babi itu milik tuhan elu si ahok kafir""?",iya
6271,id_hatespeech,id_hatespeech_nusantara_text,b161b715-84c6-4f2a-86f9-5f4649dac925,hate_or_noHate_zs_noopt_apakah_yes_or_no,train,"Apakah teks berikut ini hatespeech ""Kampungan ya pendukung AHY https:\/\/t.co\/GmezpOYLsY""?",iya
6272,id_hatespeech,id_hatespeech_nusantara_text,b161b715-84c6-4f2a-86f9-5f4649dac925,hate_or_noHate_zs_noopt_apakah_yes_or_no,train,"Apakah teks berikut ini hatespeech ""@Ananda_harahaP udah lu jgn panik gitu. ahok si kutil babi bakal tumbang kok di putaran kedua. teruskan cuapcuap mu di sosmed, gak ngaruh.""?",iya
6273,id_hatespeech,id_hatespeech_nusantara_text,b161b715-84c6-4f2a-86f9-5f4649dac925,hate_or_noHate_zs_noopt_apakah_yes_or_no,train,"Apakah teks berikut ini hatespeech ""ahok tidak layak seperti manusia, dia lebih tepat seperti babi yg tidak punya akal pikiran dan jiwa manusiawi""?",iya
6274,id_hatespeech,id_hatespeech_nusantara_text,b161b715-84c6-4f2a-86f9-5f4649dac925,hate_or_noHate_zs_noopt_apakah_yes_or_no,train,"Apakah teks berikut ini hatespeech ""@haloJakarta Ahok (BTP) Basuki Tai Babi""?",iya
6275,id_hatespeech,id_hatespeech_nusantara_text,b161b715-84c6-4f2a-86f9-5f4649dac925,hate_or_noHate_zs_noopt_apakah_yes_or_no,train,"Apakah teks berikut ini hatespeech ""RT @diyahaudya: @yusuf_dumdum Yg ada, cacimaki penista agama tapi ternyata ketauan poligami ngumpet2. Apa mau digituin? Saya sih ogah.""?",iya
6276,id_hatespeech,id_hatespeech_nusantara_text,b161b715-84c6-4f2a-86f9-5f4649dac925,hate_or_noHate_zs_noopt_apakah_yes_or_no,train,"Apakah teks berikut ini hatespeech ""@adichandramang2 @CummaRachel @korban_gusur iya , trump memang penista agama atau anti islam emang hubungannya dgn anis apa?""?",iya
6277,id_hatespeech,id_hatespeech_nusantara_text,b161b715-84c6-4f2a-86f9-5f4649dac925,hate_or_noHate_zs_noopt_apakah_yes_or_no,train,"Apakah teks berikut ini hatespeech ""@adichandramang2\nAda aseng KOPLO pembela si PENISTA AGAMA yg durjana nyuruh org lain ngaji!""?",iya
6278,id_hatespeech,id_hatespeech_nusantara_text,b161b715-84c6-4f2a-86f9-5f4649dac925,hate_or_noHate_zs_noopt_apakah_yes_or_no,train,"Apakah teks berikut ini hatespeech ""@bayprio Itulah kebodohan para penista agama, sudah saatnya pilih pemimpin yg mengerjakan shalat 5 waktu""?",iya
6279,id_hatespeech,id_hatespeech_nusantara_text,b161b715-84c6-4f2a-86f9-5f4649dac925,hate_or_noHate_zs_noopt_apakah_yes_or_no,train,"Apakah teks berikut ini hatespeech ""@iwanfals pilih Anis sandi doong..jgn pilih si penista agama pemecah NKRI""?",iya
6280,id_hatespeech,id_hatespeech_nusantara_text,b161b715-84c6-4f2a-86f9-5f4649dac925,hate_or_noHate_zs_noopt_apakah_yes_or_no,train,"Apakah teks berikut ini hatespeech ""@posmetroinfo Emang terdakwa penista agama, salahnya dimana coba, kl yg biasa bikin hoax metrotipu aman2 aja tuh dewan peres""?",iya
6281,id_hatespeech,id_hatespeech_nusantara_text,b161b715-84c6-4f2a-86f9-5f4649dac925,hate_or_noHate_zs_noopt_apakah_yes_or_no,train,"Apakah teks berikut ini hatespeech ""@RamadanMalka Pamor RK jadi seakan tak ada artinya jika parpol pengusungnya pendukung penista agama...""?",iya
6282,id_hatespeech,id_hatespeech_nusantara_text,b161b715-84c6-4f2a-86f9-5f4649dac925,hate_or_noHate_zs_noopt_apakah_yes_or_no,train,"Apakah teks berikut ini hatespeech ""@RestySeterah si ahok pantasnya dinobatkan sbgai Babi ngepret""?",iya
6283,id_hatespeech,id_hatespeech_nusantara_text,b161b715-84c6-4f2a-86f9-5f4649dac925,hate_or_noHate_zs_noopt_apakah_yes_or_no,train,"Apakah teks berikut ini hatespeech ""@roninpribumi @dewanpers yg salah itu mereka menulis TERDAKWA PENISTA AGAMA,coba klo ditulis BAGINDA YANG MULIA pasti ga masalah..cuih..""?",iya
6284,id_hatespeech,id_hatespeech_nusantara_text,b161b715-84c6-4f2a-86f9-5f4649dac925,hate_or_noHate_zs_noopt_apakah_yes_or_no,train,"Apakah teks berikut ini hatespeech ""Faktanya Cina2 parasit tuh ngotot belain si penista Agama @PradanaBhakti @IrianaPasirua @PutraSumedang18 @khoirulilham12 @ronavioleta""?",iya
6285,id_hatespeech,id_hatespeech_nusantara_text,b161b715-84c6-4f2a-86f9-5f4649dac925,hate_or_noHate_zs_noopt_apakah_yes_or_no,train,"Apakah teks berikut ini hatespeech ""jokowi ratu adil apaan..??? dia ga ada keturunan darah biruadanya DARAH KOTOR cina babi..!!! https://t.co/JtwFRRdLF4""?",iya
6286,id_hatespeech,id_hatespeech_nusantara_text,b161b715-84c6-4f2a-86f9-5f4649dac925,hate_or_noHate_zs_noopt_apakah_yes_or_no,train,"Apakah teks berikut ini hatespeech ""RT @RestySeterah: Keren nih apps kawal TPS .. Yuk gabung buat pastikan cagub terdakwa penista Agama lebih cepat diantar kehabitatnya""?",iya
6287,id_hatespeech,id_hatespeech_nusantara_text,b161b715-84c6-4f2a-86f9-5f4649dac925,hate_or_noHate_zs_noopt_apakah_yes_or_no,train,"Apakah teks berikut ini hatespeech ""Kalau lo gak tau apa-apa ya jangan berkoar sembarangan dong, keliatan banget kalau lo itu beneran bego :)) #FuckYou""?",iya
6288,id_hatespeech,id_hatespeech_nusantara_text,b161b715-84c6-4f2a-86f9-5f4649dac925,hate_or_noHate_zs_noopt_apakah_yes_or_no,train,"Apakah teks berikut ini hatespeech ""@AHMADDHANIPRAST ahmad dhani yang terhormat paling babi paling anjing aing kontol paling lonte tungu saat nya karier mu akan habis!!!!""?",iya
6289,id_hatespeech,id_hatespeech_nusantara_text,b161b715-84c6-4f2a-86f9-5f4649dac925,hate_or_noHate_zs_noopt_apakah_yes_or_no,train,"Apakah teks berikut ini hatespeech ""Kang @ridwankamil ,fakta hari ini,partai pendukung si penista agama sangat dibenci rakyat,termasuk rakyat Jabar. https://t.co/b2WetyvrbZ""?",iya
6290,id_hatespeech,id_hatespeech_nusantara_text,b161b715-84c6-4f2a-86f9-5f4649dac925,hate_or_noHate_zs_noopt_apakah_yes_or_no,train,"Apakah teks berikut ini hatespeech ""plis jangan sok kecantikan selalu pacarin artis2 yang lagi meletek, jijik gw liatnya""?",iya
6291,id_hatespeech,id_hatespeech_nusantara_text,b161b715-84c6-4f2a-86f9-5f4649dac925,hate_or_noHate_zs_noopt_apakah_yes_or_no,train,"Apakah teks berikut ini hatespeech ""paling mau muntah liat lagak nya @AHMADDHANIPRAST, jadi orang sok iye banget hoek""?",iya
6292,id_hatespeech,id_hatespeech_nusantara_text,b161b715-84c6-4f2a-86f9-5f4649dac925,hate_or_noHate_zs_noopt_apakah_yes_or_no,train,"Apakah teks berikut ini hatespeech ""@Metro_TV kalau boleh saya ngomong ingin saya katakan ahmad dhani monyet babi anjing. tapi itu tidak boleh""?",iya
6293,id_hatespeech,id_hatespeech_nusantara_text,b161b715-84c6-4f2a-86f9-5f4649dac925,hate_or_noHate_zs_noopt_apakah_yes_or_no,train,"Apakah teks berikut ini hatespeech ""perempuan kaya lo mending mati aja deh, jelek aja, gausa sok jadi make up artist!""?",iya
6294,id_hatespeech,id_hatespeech_nusantara_text,b161b715-84c6-4f2a-86f9-5f4649dac925,hate_or_noHate_zs_noopt_apakah_yes_or_no,train,"Apakah teks berikut ini hatespeech ""ahmad dhani itu borok, sampah, babi, anjing. Saya adalah orang pertama yg sangat muak liat muka dhani dan saya berbangga.""?",iya
6295,id_hatespeech,id_hatespeech_nusantara_text,b161b715-84c6-4f2a-86f9-5f4649dac925,hate_or_noHate_zs_noopt_apakah_yes_or_no,train,"Apakah teks berikut ini hatespeech ""Lah emang sdh jelas2 si ahok terdakwa penista agama. Malu woy! https://t.co/2K0HlMpR9t""?",iya
6296,id_hatespeech,id_hatespeech_nusantara_text,b161b715-84c6-4f2a-86f9-5f4649dac925,hate_or_noHate_zs_noopt_apakah_yes_or_no,train,"Apakah teks berikut ini hatespeech ""Keputusan ERKA hari ini harus kita HORMATI, begitupun sebaliknya KAMI tidak akan memilih partai pendukung PENISTA AGAMA.""?",iya
6297,id_hatespeech,id_hatespeech_nusantara_text,b161b715-84c6-4f2a-86f9-5f4649dac925,hate_or_noHate_zs_noopt_apakah_yes_or_no,train,"Apakah teks berikut ini hatespeech ""Lupakan @ridwankamil biarkan karam dg kapal munafiknya. kita bangun jabar dg kapal yg bersih. Delete partai pendukung penista agama dari hati""?",iya
6298,id_hatespeech,id_hatespeech_nusantara_text,b161b715-84c6-4f2a-86f9-5f4649dac925,hate_or_noHate_zs_noopt_apakah_yes_or_no,train,"Apakah teks berikut ini hatespeech ""Masalah dunia dan masalah nafsu ya kang @ridwankamil . Kata2 kok bersayap kayak burung hantu. https://t.co/mwClbkU4sT""?",iya
6299,id_hatespeech,id_hatespeech_nusantara_text,b161b715-84c6-4f2a-86f9-5f4649dac925,hate_or_noHate_zs_noopt_apakah_yes_or_no,train,"Apakah teks berikut ini hatespeech ""Penista Agama menjadi Santri Kehormatan.Yang kasih ini ke ahok otaknya perlu direparasi.Demi Pulkada nama Santri yg baik kailan jual belikan""?",iya
6300,id_hatespeech,id_hatespeech_nusantara_text,b161b715-84c6-4f2a-86f9-5f4649dac925,hate_or_noHate_zs_noopt_apakah_yes_or_no,train,"Apakah teks berikut ini hatespeech ""Payah banget @ridwankamil maju Jabar1 pakai partai Nasdem pendukung penista agama, ente lagi butuh uang ya kang? Payah loe!!""?",iya
6301,id_hatespeech,id_hatespeech_nusantara_text,b161b715-84c6-4f2a-86f9-5f4649dac925,hate_or_noHate_zs_noopt_apakah_yes_or_no,train,"Apakah teks berikut ini hatespeech ""polisi yg jadi imam sholat ini adalah seorang penista agama, bodoh, BERISLAM cuma ikut2an. COPOT KAPOLRES JAKBAR !! https://t.co/s2h2Ybrthm""?",iya
6302,id_hatespeech,id_hatespeech_nusantara_text,b161b715-84c6-4f2a-86f9-5f4649dac925,hate_or_noHate_zs_noopt_apakah_yes_or_no,train,"Apakah teks berikut ini hatespeech ""RT @ferdyfrodoo: @bayprio Itulah kebodohan para penista agama, sudah saatnya pilih pemimpin yg mengerjakan shalat 5 waktu""?",iya
6303,id_hatespeech,id_hatespeech_nusantara_text,b161b715-84c6-4f2a-86f9-5f4649dac925,hate_or_noHate_zs_noopt_apakah_yes_or_no,train,"Apakah teks berikut ini hatespeech ""RT @Ra_Ria_Rana: GAK HABIS PIKIR???\n\nTINGGAL NUNGGU ADZAB ALLAH NIH NEGERI,,,, PEMIMPINNYA SDH DZALIM https://t.co/UmZK4bTyi4""?",iya
6304,id_hatespeech,id_hatespeech_nusantara_text,b161b715-84c6-4f2a-86f9-5f4649dac925,hate_or_noHate_zs_noopt_apakah_yes_or_no,train,"Apakah teks berikut ini hatespeech ""Sini lu, kami enggak mau kampung kami didatangi sama penista agama, https://t.co/1z3MtHs9ck""?",iya
6305,id_hatespeech,id_hatespeech_nusantara_text,b161b715-84c6-4f2a-86f9-5f4649dac925,hate_or_noHate_zs_noopt_apakah_yes_or_no,train,"Apakah teks berikut ini hatespeech ""SETUJU SAYA,KLAU AHOK DAPAT GELAR SANTRI KEHORMATAN.... TAPI SANTRI KEHORMATAN BABI.... https://t.co/uD16d7Gwhd""?",iya
6306,id_hatespeech,id_hatespeech_nusantara_text,b161b715-84c6-4f2a-86f9-5f4649dac925,hate_or_noHate_zs_noopt_apakah_yes_or_no,train,"Apakah teks berikut ini hatespeech ""Senang dong ada yg fans mati sampai lupa kalau dia bego banget https://t.co/ctJFC5a8Zz""?",iya
6307,id_hatespeech,id_hatespeech_nusantara_text,b161b715-84c6-4f2a-86f9-5f4649dac925,hate_or_noHate_zs_noopt_apakah_yes_or_no,train,"Apakah teks berikut ini hatespeech ""@AHMADDHANIPRAST LO TUH BABI ANJING. Mampus kalah jatuh miskin deh #bekasisah""?",iya
6308,id_hatespeech,id_hatespeech_nusantara_text,b161b715-84c6-4f2a-86f9-5f4649dac925,hate_or_noHate_zs_noopt_apakah_yes_or_no,train,"Apakah teks berikut ini hatespeech ""@bayprio : Si AHOAK @basuki_btp CINA ANJING KAFIR PENISTA AGAMA ISLAM....!!!""?",iya
6309,id_hatespeech,id_hatespeech_nusantara_text,b161b715-84c6-4f2a-86f9-5f4649dac925,hate_or_noHate_zs_noopt_apakah_yes_or_no,train,"Apakah teks berikut ini hatespeech ""@AHMADDHANIPRAST aku katakan anjing kpd ahmad dani, boleh....aku katakan babi kpd ahmad dhani, boleh...""?",iya
6310,id_hatespeech,id_hatespeech_nusantara_text,b161b715-84c6-4f2a-86f9-5f4649dac925,hate_or_noHate_zs_noopt_apakah_yes_or_no,train,"Apakah teks berikut ini hatespeech ""@Bisniscom haha memaki untuk melawan mah harus, drpd ditindas pemimpin munafik melindungi penista agama, dll. Agama no 1 (islam), taubat rot""?",iya
6311,id_hatespeech,id_hatespeech_nusantara_text,b161b715-84c6-4f2a-86f9-5f4649dac925,hate_or_noHate_zs_noopt_apakah_yes_or_no,train,"Apakah teks berikut ini hatespeech ""@Anakran63208433 @5ec4a1e80d3c48c @aniesbaswedan pikiran anak bani kampret g beda jauh sma penista agama. Penfitnah, Penipu Dan Garong..""?",iya
6312,id_hatespeech,id_hatespeech_nusantara_text,b161b715-84c6-4f2a-86f9-5f4649dac925,hate_or_noHate_zs_noopt_apakah_yes_or_no,train,"Apakah teks berikut ini hatespeech ""@Gemacan70 itu yg cewe pake kerudung ngapain ya? Setiap kali konfrensi pers ada aja.. Pencitraan Islami kaliiii... Bwahaha..!!""?",iya
6313,id_hatespeech,id_hatespeech_nusantara_text,b161b715-84c6-4f2a-86f9-5f4649dac925,hate_or_noHate_zs_noopt_apakah_yes_or_no,train,"Apakah teks berikut ini hatespeech ""@republikaonline spt ahok dulu .. nasdem disusul dg cs nya .. yg mendukung paslon penista agama dan tukang caci maki tai tai ..""?",iya
6314,id_hatespeech,id_hatespeech_nusantara_text,b161b715-84c6-4f2a-86f9-5f4649dac925,hate_or_noHate_zs_noopt_apakah_yes_or_no,train,"Apakah teks berikut ini hatespeech ""@topan_julian1 kalo mecin jangan dijadiin cemilan mangkannya kang. Jadi begonya bego banget.""?",iya
6315,id_hatespeech,id_hatespeech_nusantara_text,b161b715-84c6-4f2a-86f9-5f4649dac925,hate_or_noHate_zs_noopt_apakah_yes_or_no,train,"Apakah teks berikut ini hatespeech ""@ulinyusron cm didoain kalau saya mah ketemu si penista agama langsung saya ceburin laut yg direklamasi ijin sembunyi2 buat tumbal reklamasi""?",iya
6316,id_hatespeech,id_hatespeech_nusantara_text,b161b715-84c6-4f2a-86f9-5f4649dac925,hate_or_noHate_zs_noopt_apakah_yes_or_no,train,"Apakah teks berikut ini hatespeech ""@ymerdeka33 @ach_qodr @basuki_btp cabe2an bisa nya hanya bbm.n facrbook.n!! Masalah politik mana tau doi, tau nya berita2 sampah pencitraan""?",iya
6317,id_hatespeech,id_hatespeech_nusantara_text,b161b715-84c6-4f2a-86f9-5f4649dac925,hate_or_noHate_zs_noopt_apakah_yes_or_no,train,"Apakah teks berikut ini hatespeech ""INI MANUSIA APA ANJING MATI-MATIAN RELA JADI MURTADZ DEMI BABI AHOK KAFIR. https://t.co/2XXN5CFdVM""?",iya
6318,id_hatespeech,id_hatespeech_nusantara_text,b161b715-84c6-4f2a-86f9-5f4649dac925,hate_or_noHate_zs_noopt_apakah_yes_or_no,train,"Apakah teks berikut ini hatespeech ""ini semua berawal dari AHOK JAMBAN yg dibela aparat, para kristen serta china kafir yang lain semakin berani menghi https://t.co/qUutkrlsP3""?",iya
6319,id_hatespeech,id_hatespeech_nusantara_text,b161b715-84c6-4f2a-86f9-5f4649dac925,hate_or_noHate_zs_noopt_apakah_yes_or_no,train,"Apakah teks berikut ini hatespeech ""Kami lebih resah anda jd presiden!!!! hidup anda penuh drama dan pencitraan, main FTV aja joko judulnya https://t.co/T2BUgLTnUO""?",iya
6320,id_hatespeech,id_hatespeech_nusantara_text,b161b715-84c6-4f2a-86f9-5f4649dac925,hate_or_noHate_zs_noopt_apakah_yes_or_no,train,"Apakah teks berikut ini hatespeech ""Mana bisa percya lagi,sdgkan induknya penista smp skrg lum ditahan tp malah dibela. https://t.co/Oc1vGdX0Z4""?",iya
6321,id_hatespeech,id_hatespeech_nusantara_text,b161b715-84c6-4f2a-86f9-5f4649dac925,hate_or_noHate_zs_noopt_apakah_yes_or_no,train,"Apakah teks berikut ini hatespeech ""Mari seluruh Muslim CYBER Army mulai skrg ganti semua sebutan A....K menjadi Terdakwa Penista Agama !""?",iya
6322,id_hatespeech,id_hatespeech_nusantara_text,b161b715-84c6-4f2a-86f9-5f4649dac925,hate_or_noHate_zs_noopt_apakah_yes_or_no,train,"Apakah teks berikut ini hatespeech ""Orang Islam lebih suka si HOAX penista agama, menjaga lisan dan tindakan dari hal-hal yang merusak hubungan... https://t.co/FLhW31wXdU""?",iya
6323,id_hatespeech,id_hatespeech_nusantara_text,b161b715-84c6-4f2a-86f9-5f4649dac925,hate_or_noHate_zs_noopt_apakah_yes_or_no,train,"Apakah teks berikut ini hatespeech ""RT @izzah_pandeka: #Nomor2Koruptor negeri para korup diasuh cino babi https://t.co/wJXalyPxPn""?",iya
6324,id_hatespeech,id_hatespeech_nusantara_text,b161b715-84c6-4f2a-86f9-5f4649dac925,hate_or_noHate_zs_noopt_apakah_yes_or_no,train,"Apakah teks berikut ini hatespeech ""RT @Gemacan70: Hajar bleh hanya untuk bela #Nomor2Koruptor...cuihhhhhh https://t.co/o4nnZBkNYS""?",iya
6325,id_hatespeech,id_hatespeech_nusantara_text,b161b715-84c6-4f2a-86f9-5f4649dac925,hate_or_noHate_zs_noopt_apakah_yes_or_no,train,"Apakah teks berikut ini hatespeech ""RT @korban_gusur: @RakyatBiasa1945 Ada CEBONG GENDHENG NGAMUK2 belain si HOMO PENISTA AGAMA!! HAHAHA @OshMuslim @RebusKentang @m3g4""?",iya
6326,id_hatespeech,id_hatespeech_nusantara_text,b161b715-84c6-4f2a-86f9-5f4649dac925,hate_or_noHate_zs_noopt_apakah_yes_or_no,train,"Apakah teks berikut ini hatespeech ""RT @Ustadtengku1: @RizieqSyihabFPI tolol itu banyak yg bela penista agama walau sudah tersangka""?",iya
6327,id_hatespeech,id_hatespeech_nusantara_text,b161b715-84c6-4f2a-86f9-5f4649dac925,hate_or_noHate_zs_noopt_apakah_yes_or_no,train,"Apakah teks berikut ini hatespeech ""Orang punya saksi anjing dikasus babi.. Tolol https://t.co/ssePg5FCXm""?",iya
6328,id_hatespeech,id_hatespeech_nusantara_text,b161b715-84c6-4f2a-86f9-5f4649dac925,hate_or_noHate_zs_noopt_apakah_yes_or_no,train,"Apakah teks berikut ini hatespeech ""Si Ahok kampret emang gak becus kerja. Pencitraan mlulu tuh si Ahok kampret. https://t.co/yM5ViOFvpc""?",iya
6329,id_hatespeech,id_hatespeech_nusantara_text,b161b715-84c6-4f2a-86f9-5f4649dac925,hate_or_noHate_zs_noopt_apakah_yes_or_no,train,"Apakah teks berikut ini hatespeech ""Sini lu, kami enggak mau kampung kami didatangi sama penista agama, https://t.co/1z3MtHs9ck""?",iya
6330,id_hatespeech,id_hatespeech_nusantara_text,b161b715-84c6-4f2a-86f9-5f4649dac925,hate_or_noHate_zs_noopt_apakah_yes_or_no,train,"Apakah teks berikut ini hatespeech ""Tanda2 kiamat x yak, masih banyak aja orang muslim yg mengingkari Al-Quran dan pilih Penista Agama. #Nomor2Koruptor #Nomor2Koruptor""?",iya
6331,id_hatespeech,id_hatespeech_nusantara_text,b161b715-84c6-4f2a-86f9-5f4649dac925,hate_or_noHate_zs_noopt_apakah_yes_or_no,train,"Apakah teks berikut ini hatespeech ""#JanganMauDibohongiAhok sebab Ahok Sumber Kekacauan Politik, Ramaikan Aski 313 FIGHT!! https://t.co/WOBxlxvZnx""?",iya
6332,id_hatespeech,id_hatespeech_nusantara_text,b161b715-84c6-4f2a-86f9-5f4649dac925,hate_or_noHate_zs_noopt_apakah_yes_or_no,train,"Apakah teks berikut ini hatespeech ""#MataNajwaDebatJakarta Anies anda SADIS. Topengmu terbuka lebar malam ini. Biar warga DKI yg menilai...apa yg anda katakan adalah PENGECUT""?",iya
6333,id_hatespeech,id_hatespeech_nusantara_text,b161b715-84c6-4f2a-86f9-5f4649dac925,hate_or_noHate_zs_noopt_apakah_yes_or_no,train,"Apakah teks berikut ini hatespeech ""Anies congornya aja gede. Realisasinya gak ada. Janji terus dari awal bisanya paling korupsi. Balik jadi dosen aja bangsat.""?",iya
6334,id_hatespeech,id_hatespeech_nusantara_text,b161b715-84c6-4f2a-86f9-5f4649dac925,hate_or_noHate_zs_noopt_apakah_yes_or_no,train,"Apakah teks berikut ini hatespeech ""#MataNajwaDebatJakarta Hebatnya, Ahok masih mau salaman loh sm Pak Anies yang Amat terhormat. Idih gw sih ogah.""?",iya
6335,id_hatespeech,id_hatespeech_nusantara_text,b161b715-84c6-4f2a-86f9-5f4649dac925,hate_or_noHate_zs_noopt_apakah_yes_or_no,train,"Apakah teks berikut ini hatespeech ""#MataNajwaDebatJakarta kalau untuk urusan bacot memang anis nya juaranya..memang kita bakal makan bacot di jakarta..haha..paslon yg aneh gede bacot doang.""?",iya
6336,id_hatespeech,id_hatespeech_nusantara_text,b161b715-84c6-4f2a-86f9-5f4649dac925,hate_or_noHate_zs_noopt_apakah_yes_or_no,train,"Apakah teks berikut ini hatespeech ""#MataNajwaDebatJakarta pak anies banyak omdo dulu waktu jd menteri terobosannya apa?? skrg ngomong ky sok Jago bgt""?",iya
6337,id_hatespeech,id_hatespeech_nusantara_text,b161b715-84c6-4f2a-86f9-5f4649dac925,hate_or_noHate_zs_noopt_apakah_yes_or_no,train,"Apakah teks berikut ini hatespeech ""#MataNajwaDebatJakarta si Cina Babi ahok bloon banget. Sok pinter banget lagi. Asal bukan Ahok""?",iya
6338,id_hatespeech,id_hatespeech_nusantara_text,b161b715-84c6-4f2a-86f9-5f4649dac925,hate_or_noHate_zs_noopt_apakah_yes_or_no,train,"Apakah teks berikut ini hatespeech ""#MataNajwaDebatJakarta lucu banget jawaban ahok.. gak nyambung. Ditanya apa di jawab apa. Kena skak mat d pertanyaan isu agama tdi. Dasar cina tolol hahaha""?",iya
6339,id_hatespeech,id_hatespeech_nusantara_text,b161b715-84c6-4f2a-86f9-5f4649dac925,hate_or_noHate_zs_noopt_apakah_yes_or_no,train,"Apakah teks berikut ini hatespeech ""#MataNajwaDebatJakarta topeng anda hari ini fix terbuka @aniesbaswedan .. anda sama dgn yg mendukung anda.. BAU BUSUK""?",iya
6340,id_hatespeech,id_hatespeech_nusantara_text,b161b715-84c6-4f2a-86f9-5f4649dac925,hate_or_noHate_zs_noopt_apakah_yes_or_no,train,"Apakah teks berikut ini hatespeech ""#MataNajwaDebatJakarta Pak Anies suka nyinyir, suka memutar balik kan fakta, ga punya program yg jelas bisanya jelekkan kinerja pak Basuki""?",iya
6341,id_hatespeech,id_hatespeech_nusantara_text,b161b715-84c6-4f2a-86f9-5f4649dac925,hate_or_noHate_zs_noopt_apakah_yes_or_no,train,"Apakah teks berikut ini hatespeech ""Babi... iya memang si Ahok gak jauh kayak Babi..""?",iya
6342,id_hatespeech,id_hatespeech_nusantara_text,b161b715-84c6-4f2a-86f9-5f4649dac925,hate_or_noHate_zs_noopt_apakah_yes_or_no,train,"Apakah teks berikut ini hatespeech ""Si tengkuk babi sipit bangke agen dajjal mau jadi onta hahaha. Orang waras juga tau kasus ahok dipaksakan!!""?",iya
6343,id_hatespeech,id_hatespeech_nusantara_text,b161b715-84c6-4f2a-86f9-5f4649dac925,hate_or_noHate_zs_noopt_apakah_yes_or_no,train,"Apakah teks berikut ini hatespeech ""itu kan kata ahok kafir..umat islam anti ahok karena ahok itu kafr ditambah ahok itu cina yg suka makan babi & bir""?",iya
6344,id_hatespeech,id_hatespeech_nusantara_text,b161b715-84c6-4f2a-86f9-5f4649dac925,hate_or_noHate_zs_noopt_apakah_yes_or_no,train,"Apakah teks berikut ini hatespeech ""gw harus bilang Babi Ahok apa dong selain kafir, gw hanya pengen gerombolannyA Babi Ahok merasakan bagaiamana klo di anjing2in, Bangsat2in""?",iya
6345,id_hatespeech,id_hatespeech_nusantara_text,b161b715-84c6-4f2a-86f9-5f4649dac925,hate_or_noHate_zs_noopt_apakah_yes_or_no,train,"Apakah teks berikut ini hatespeech ""sibabi china sangat biadab memperlakukan kaum PRIBUMI, dan para jongon2 spt banser & nu nusantara mendukung ketimpangan ini, biadabnya mrk!""?",iya
6346,id_hatespeech,id_hatespeech_nusantara_text,b161b715-84c6-4f2a-86f9-5f4649dac925,hate_or_noHate_zs_noopt_apakah_yes_or_no,train,"Apakah teks berikut ini hatespeech ""ahok kafir takut debat dengan rakyat asli pribumi nelayan dan para pakar reklamasi dari rakyat.. ahok kafir bencong""?",iya
6347,id_hatespeech,id_hatespeech_nusantara_text,b161b715-84c6-4f2a-86f9-5f4649dac925,hate_or_noHate_zs_noopt_apakah_yes_or_no,train,"Apakah teks berikut ini hatespeech ""nampaknya sudah satu paket penyokong cina babi pasti juga sokong LGBT""?",iya
6348,id_hatespeech,id_hatespeech_nusantara_text,b161b715-84c6-4f2a-86f9-5f4649dac925,hate_or_noHate_zs_noopt_apakah_yes_or_no,train,"Apakah teks berikut ini hatespeech ""kebiadaban ahok cina kafir anak2 rakyat kecil pribumi dan ibu2 islam semua digusur dari rumahnya serta kehidupannya""?",iya
6349,id_hatespeech,id_hatespeech_nusantara_text,b161b715-84c6-4f2a-86f9-5f4649dac925,hate_or_noHate_zs_noopt_apakah_yes_or_no,train,"Apakah teks berikut ini hatespeech ""tim ahok yg otak wc otak tumpul justru anies itu sdh komit sekali dgn pancasila ,ahok kafir sgt tdk bs berpancasila""?",iya
6350,id_hatespeech,id_hatespeech_nusantara_text,b161b715-84c6-4f2a-86f9-5f4649dac925,hate_or_noHate_zs_noopt_apakah_yes_or_no,train,"Apakah teks berikut ini hatespeech ""#MataNajwaDebatJakarta Pak Anies sudah meninggalkan ketenangan dan ketulusannya dalam debat malam ini, mjd agitatif dan licik. semoga kalah kau anjing""?",iya
6351,id_hatespeech,id_hatespeech_nusantara_text,b161b715-84c6-4f2a-86f9-5f4649dac925,hate_or_noHate_zs_noopt_apakah_yes_or_no,train,"Apakah teks berikut ini hatespeech ""SELAMA PROSES #SidangAhok WASPADAI ULAMA2 KUBU AHOK..YAKNI ULAMA2 ""MUNAFIK"" YANG SESAT DAN MENYESATKAN..!!""?",iya
6352,id_hatespeech,id_hatespeech_nusantara_text,b161b715-84c6-4f2a-86f9-5f4649dac925,hate_or_noHate_zs_noopt_apakah_yes_or_no,train,"Apakah teks berikut ini hatespeech ""anies akan merangkul dua2nya untuk persatuan tidak spt ente dangkal & cekak intelektual hanya jadi budak ahok kafir.""?",iya
6353,id_hatespeech,id_hatespeech_nusantara_text,b161b715-84c6-4f2a-86f9-5f4649dac925,hate_or_noHate_zs_noopt_apakah_yes_or_no,train,"Apakah teks berikut ini hatespeech ""kebiadaban ahok cina kafir rakyat kecil yg jadi PKL & asongan2 digusur2 dan dianiaya spt teroris, ahok kafir biadab""?",iya
6354,id_hatespeech,id_hatespeech_nusantara_text,b161b715-84c6-4f2a-86f9-5f4649dac925,hate_or_noHate_zs_noopt_apakah_yes_or_no,train,"Apakah teks berikut ini hatespeech ""RT @LeonartoRabono: tapi kenyataanya jutaan rakyat kecil asli pribumi yg miskin justru semakin dimiskinkan oleh ahok cina kafir....""?",iya
6355,id_hatespeech,id_hatespeech_nusantara_text,b161b715-84c6-4f2a-86f9-5f4649dac925,hate_or_noHate_zs_noopt_apakah_yes_or_no,train,"Apakah teks berikut ini hatespeech ""Itulah Indonesia. Yg dibully org yg bener.Yg salah dan binatang2 seperti nomor tiga dibiarin berkeliaran #matanajwadebatjakarta pak an https://t.co/jYSg6x1A""?",iya
6356,id_hatespeech,id_hatespeech_nusantara_text,b161b715-84c6-4f2a-86f9-5f4649dac925,hate_or_noHate_zs_noopt_apakah_yes_or_no,train,"Apakah teks berikut ini hatespeech ""#SidangAhok smg sipenista agama n ateknya matinya tdk wjar n jasadnya tdk dtrma tnh n dia tdk prnh mrs kn sorga,aamiin semoga tuhan setuju""?",iya
6357,id_hatespeech,id_hatespeech_nusantara_text,b161b715-84c6-4f2a-86f9-5f4649dac925,hate_or_noHate_zs_noopt_apakah_yes_or_no,train,"Apakah teks berikut ini hatespeech ""iya,kelasnya penista agama,bs nya cm ngebacot doang yg arogan sk blg taik"" nenek lu,oh ya sumber waras n nama d kasus E ktp apkabar?skakmat""?",iya
6358,id_hatespeech,id_hatespeech_nusantara_text,b161b715-84c6-4f2a-86f9-5f4649dac925,hate_or_noHate_zs_noopt_apakah_yes_or_no,train,"Apakah teks berikut ini hatespeech ""Penjarakan semua cina kafir dan ateis! Termasuk Ahok pemimpin babi tukang korupsi!""?",iya
6359,id_hatespeech,id_hatespeech_nusantara_text,b161b715-84c6-4f2a-86f9-5f4649dac925,hate_or_noHate_zs_noopt_apakah_yes_or_no,train,"Apakah teks berikut ini hatespeech ""Kampanye rasis ngmg nya pihak ahok yg di untungkan.. Goblok kafir mana ada di untungkan.. Kalau pada di perkosa bunuh lu enak berduit""?",iya
6360,id_hatespeech,id_hatespeech_nusantara_text,b161b715-84c6-4f2a-86f9-5f4649dac925,hate_or_noHate_zs_noopt_apakah_yes_or_no,train,"Apakah teks berikut ini hatespeech ""hahaha idiot bilang kpd orang2 kafir terurama para nasrani pendukung2 ahok kafir jangan memasuki wilayah2 syariat islam""?",iya
6361,id_hatespeech,id_hatespeech_nusantara_text,b161b715-84c6-4f2a-86f9-5f4649dac925,hate_or_noHate_zs_noopt_apakah_yes_or_no,train,"Apakah teks berikut ini hatespeech ""I HASIL MAKMAK KALIAN JUAL PUKINYA. BAGI KSLIAN YG BERPIHAK KEPADA PKI DAN SI AHOK ANAK CHINA ANJING KAFIR INI. SERTA NKRI BUKAN DIDAPAT""?",iya
6362,id_hatespeech,id_hatespeech_nusantara_text,b161b715-84c6-4f2a-86f9-5f4649dac925,hate_or_noHate_zs_noopt_apakah_yes_or_no,train,"Apakah teks berikut ini hatespeech ""Tim pendukung sakit jiwa, kehilangan akal sehat & ide #IklanAhokJahat""?",iya
6363,id_hatespeech,id_hatespeech_nusantara_text,b161b715-84c6-4f2a-86f9-5f4649dac925,hate_or_noHate_zs_noopt_apakah_yes_or_no,train,"Apakah teks berikut ini hatespeech ""#IklanAhokJahat Hati hati Mereka Mulai Prustasi dan Memainkan Cara cara Kasar !! Karena hasil dari berbagai survei si penista agama kalah!!""?",iya
6364,id_hatespeech,id_hatespeech_nusantara_text,b161b715-84c6-4f2a-86f9-5f4649dac925,hate_or_noHate_zs_noopt_apakah_yes_or_no,train,"Apakah teks berikut ini hatespeech ""HOOKK, masuk gorong"" aja loe #IklanAhokJahat""?",iya
6365,id_hatespeech,id_hatespeech_nusantara_text,b161b715-84c6-4f2a-86f9-5f4649dac925,hate_or_noHate_zs_noopt_apakah_yes_or_no,train,"Apakah teks berikut ini hatespeech ""Kayak gini nih kampanye Tim AniesSandiUno ke kampung2 mengintimidasi masyarakat. Kampungan ye? #ASUtenan""?",iya
6366,id_hatespeech,id_hatespeech_nusantara_text,b161b715-84c6-4f2a-86f9-5f4649dac925,hate_or_noHate_zs_noopt_apakah_yes_or_no,train,"Apakah teks berikut ini hatespeech ""SI KUTIL BABI TELAH MELECEHKAN PRIBUMI DAN UMAT ISLAM #IklanAhokJahat""?",iya
6367,id_hatespeech,id_hatespeech_nusantara_text,b161b715-84c6-4f2a-86f9-5f4649dac925,hate_or_noHate_zs_noopt_apakah_yes_or_no,train,"Apakah teks berikut ini hatespeech ""NGOMONG AJA ENTE SAMA KACA! MEMECAH BELAH KERUKUNAN LAGI HOK ENTE BISANYA. NGACO! #IklanAhokJahat""?",iya
6368,id_hatespeech,id_hatespeech_nusantara_text,b161b715-84c6-4f2a-86f9-5f4649dac925,hate_or_noHate_zs_noopt_apakah_yes_or_no,train,"Apakah teks berikut ini hatespeech ""#iklanahokjahat Terorist nyata di Indonesia... Bukan wahabi, bukan Onta Tapi Babi Babi milik Cina Penebar Teror sesungguhnya....""?",iya
6369,id_hatespeech,id_hatespeech_nusantara_text,b161b715-84c6-4f2a-86f9-5f4649dac925,hate_or_noHate_zs_noopt_apakah_yes_or_no,train,"Apakah teks berikut ini hatespeech ""RT @TerorisSocmed: Sadarlah wahai anak Bangsa, Ibu Pertiwi Sedang Diporakporandakan Oleh Manusia BIADAB @basuki_btp Sebagai Aktor Utama""?",iya
6370,id_hatespeech,id_hatespeech_nusantara_text,b161b715-84c6-4f2a-86f9-5f4649dac925,hate_or_noHate_zs_noopt_apakah_yes_or_no,train,"Apakah teks berikut ini hatespeech ""Sepertinya gerombolan @basuki_btp rindu kerusuhan, hati2 dikabul Tuhan #IklanAhokJahat""?",iya
6371,id_hatespeech,id_hatespeech_nusantara_text,b161b715-84c6-4f2a-86f9-5f4649dac925,hate_or_noHate_zs_noopt_apakah_yes_or_no,train,"Apakah teks berikut ini hatespeech ""Ahok and Bani serbet and wereng Coklat MEMANCING UMAT MUSLIM supaya marah? dengan #IklanAhokJahat. KALIAN ITU KUMPULAN ORANG SINTING""?",iya
6372,id_hatespeech,id_hatespeech_nusantara_text,b161b715-84c6-4f2a-86f9-5f4649dac925,hate_or_noHate_zs_noopt_apakah_yes_or_no,train,"Apakah teks berikut ini hatespeech ""#IklanAhokJahat baru ada direzim jokopret,setan,iblis,dajjal dibangkitkan dr kuburnya. Mereka gembira berpesta pora setelah lama dibelenggu""?",iya
6373,id_hatespeech,id_hatespeech_nusantara_text,b161b715-84c6-4f2a-86f9-5f4649dac925,hate_or_noHate_zs_noopt_apakah_yes_or_no,train,"Apakah teks berikut ini hatespeech ""Yang anti cina & mau ganyang cina tuh siapaaaa..??? kami cuma anti AHOK sang Penista Agama! #kampanyeAhokJahat #IklanAhokJahat #kampanyeSARA""?",iya
6374,id_hatespeech,id_hatespeech_nusantara_text,b161b715-84c6-4f2a-86f9-5f4649dac925,hate_or_noHate_zs_noopt_apakah_yes_or_no,train,"Apakah teks berikut ini hatespeech ""Udah bingung kalik mau pakai cara apa untuk kampanye. Sampai2 bikin fitnah yang kayak begituan. Depresi ya takut kalah? #IklanAhokJahat""?",iya
6375,id_hatespeech,id_hatespeech_nusantara_text,b161b715-84c6-4f2a-86f9-5f4649dac925,hate_or_noHate_zs_noopt_apakah_yes_or_no,train,"Apakah teks berikut ini hatespeech ""Tahukah Anda apa persamaan antara malin kundang dengan Ahok? mereka berdua sama-sam DURHAKA!!!!!!! #ASBAK #iklanahokjahat #kampanyeahokjahat""?",iya
6376,id_hatespeech,id_hatespeech_nusantara_text,b161b715-84c6-4f2a-86f9-5f4649dac925,hate_or_noHate_zs_noopt_apakah_yes_or_no,train,"Apakah teks berikut ini hatespeech ""HADUH KELAKUANMU HOK, SOK-SOKAN MENJAGA KEBERAGAMAN PADAHAL PROVOKATOR & RASIS!! #IklanAhokJahat""?",iya
6377,id_hatespeech,id_hatespeech_nusantara_text,b161b715-84c6-4f2a-86f9-5f4649dac925,hate_or_noHate_zs_noopt_apakah_yes_or_no,train,"Apakah teks berikut ini hatespeech ""RT @sarwandi_sr: #IklanAhokJahat bikin darah mendidih. bangsat penuh dengan propaganda. emang lo kira islam radikal ?Kalau kami mau""?",iya
6378,id_hatespeech,id_hatespeech_nusantara_text,b161b715-84c6-4f2a-86f9-5f4649dac925,hate_or_noHate_zs_noopt_apakah_yes_or_no,train,"Apakah teks berikut ini hatespeech ""Kapolda Babi! Biadap dan Bodoh! Gak punya otak kali.""?",iya
6379,id_hatespeech,id_hatespeech_nusantara_text,b161b715-84c6-4f2a-86f9-5f4649dac925,hate_or_noHate_zs_noopt_apakah_yes_or_no,train,"Apakah teks berikut ini hatespeech ""Jangan2 lagi deh @basuki_btp hina islam, anda itu manusia hina dibandingkan agama yang mulia, anda bukan siapa2 & bukan apa2 #IklanAhokJahat""?",iya
6380,id_hatespeech,id_hatespeech_nusantara_text,b161b715-84c6-4f2a-86f9-5f4649dac925,hate_or_noHate_zs_noopt_apakah_yes_or_no,train,"Apakah teks berikut ini hatespeech ""AHOK KAFIR DAN BUDAK2NYA ATAU ANJING2 NYA HANYA SEBAGAI SAMPAH AGAMA ISLAM DAN SAMPAH MASYARAKAT""?",iya
6381,id_hatespeech,id_hatespeech_nusantara_text,b161b715-84c6-4f2a-86f9-5f4649dac925,hate_or_noHate_zs_noopt_apakah_yes_or_no,train,"Apakah teks berikut ini hatespeech ""umat agama islam dijakarta sangat haram dan sangat najis sekali dengan ahok kafir kristen...""?",iya
6382,id_hatespeech,id_hatespeech_nusantara_text,b161b715-84c6-4f2a-86f9-5f4649dac925,hate_or_noHate_zs_noopt_apakah_yes_or_no,train,"Apakah teks berikut ini hatespeech ""19 april CNN kibarkan bendera kuning atas kematian ahok-djarot....""?",iya
6383,id_hatespeech,id_hatespeech_nusantara_text,b161b715-84c6-4f2a-86f9-5f4649dac925,hate_or_noHate_zs_noopt_apakah_yes_or_no,train,"Apakah teks berikut ini hatespeech ""itulah akibat ulah orang2 kafir nasrani persis seperti ahok kafir yg melarang jilbab kepada anak2 sekokah di jakarta....""?",iya
6384,id_hatespeech,id_hatespeech_nusantara_text,b161b715-84c6-4f2a-86f9-5f4649dac925,hate_or_noHate_zs_noopt_apakah_yes_or_no,train,"Apakah teks berikut ini hatespeech ""baswedan pantas jadi gubernur jakarta dan komisioner KPK..... ahok kafir pantasnya jadi germo di alexis....""?",iya
6385,id_hatespeech,id_hatespeech_nusantara_text,b161b715-84c6-4f2a-86f9-5f4649dac925,hate_or_noHate_zs_noopt_apakah_yes_or_no,train,"Apakah teks berikut ini hatespeech ""RT @yudijannis: #IklanAhokJahat bagaimana klo kita ganyang beneran hok?itu sih maunya elo ya hok,adu domba pribumi dengan tionghoa!!jangan""?",iya
6386,id_hatespeech,id_hatespeech_nusantara_text,b161b715-84c6-4f2a-86f9-5f4649dac925,hate_or_noHate_zs_noopt_apakah_yes_or_no,train,"Apakah teks berikut ini hatespeech ""masalahnya djarot tidak bisa memikirkan rakyat kecil pribumi bisanya hanya membabu kpd cina2 betul2 songong jongkok.""?",iya
6387,id_hatespeech,id_hatespeech_nusantara_text,b161b715-84c6-4f2a-86f9-5f4649dac925,hate_or_noHate_zs_noopt_apakah_yes_or_no,train,"Apakah teks berikut ini hatespeech ""otak wc otak babi yg menerima ahok kafir & kamu, ahok kafir bkn sekedar menghina sdh anggap islam itu sampah""?",iya
6388,id_hatespeech,id_hatespeech_nusantara_text,b161b715-84c6-4f2a-86f9-5f4649dac925,hate_or_noHate_zs_noopt_apakah_yes_or_no,train,"Apakah teks berikut ini hatespeech ""DALAM PUTARAN DUA NANTI JIKA SAMPAI AHOK KAFIR CURANG UMAT ISLAM SUDAH KOMITMEN JAKARTA AKAN DIJADIKAN LAUTAN API, SUDAH TIDAK MIKIR HUKUM""?",iya
6389,id_hatespeech,id_hatespeech_nusantara_text,b161b715-84c6-4f2a-86f9-5f4649dac925,hate_or_noHate_zs_noopt_apakah_yes_or_no,train,"Apakah teks berikut ini hatespeech ""#IKLANAHOKJAHAT AHOK MENCIPTAKAN BARA API ANTARA RAKYAT PRIBUMI DENGAN TIONGHOA YG DIBALUT DENGAN PHOBIA.... AHOK KAFIR RASIS...""?",iya
6390,id_hatespeech,id_hatespeech_nusantara_text,b161b715-84c6-4f2a-86f9-5f4649dac925,hate_or_noHate_zs_noopt_apakah_yes_or_no,train,"Apakah teks berikut ini hatespeech ""jangan heran pemerintahan jokowi sekarang ini budaknya kulinya cina2 ahok kafir dan 9 naga...""?",iya
6391,id_hatespeech,id_hatespeech_nusantara_text,b161b715-84c6-4f2a-86f9-5f4649dac925,hate_or_noHate_zs_noopt_apakah_yes_or_no,train,"Apakah teks berikut ini hatespeech ""Ya itu namanya cawgub goblok gak ngerti peraturan debat....kelihatan bego dan liciknya itu sandiaga uno.""?",iya
6392,id_hatespeech,id_hatespeech_nusantara_text,b161b715-84c6-4f2a-86f9-5f4649dac925,hate_or_noHate_zs_noopt_apakah_yes_or_no,train,"Apakah teks berikut ini hatespeech ""BODOH jika para pendukung ahok yg Muslim tidak tersinggung sama sekali ! Tapi bisa aja sih Qur'an d hina saja mrka diam #IklanAhokJahat""?",iya
6393,id_hatespeech,id_hatespeech_nusantara_text,b161b715-84c6-4f2a-86f9-5f4649dac925,hate_or_noHate_zs_noopt_apakah_yes_or_no,train,"Apakah teks berikut ini hatespeech ""Gubraaaaak!!!! Malu liatnya... Untung semalem debat ga kaya MATA NAJWA.. Coba kalo formatnya sama pasti Ringsek dah pasangan ASU...""?",iya
6394,id_hatespeech,id_hatespeech_nusantara_text,b161b715-84c6-4f2a-86f9-5f4649dac925,hate_or_noHate_zs_noopt_apakah_yes_or_no,train,"Apakah teks berikut ini hatespeech ""YG JELAS OTAK AHOK-DJAROT SUDAH SANGAT TUMPUL SANGAT LOYO DAN STRESS..... SUDAH JEBOL HARUS DICOPOT DAN DIGANTI.....""?",iya
6395,id_hatespeech,id_hatespeech_nusantara_text,b161b715-84c6-4f2a-86f9-5f4649dac925,hate_or_noHate_zs_noopt_apakah_yes_or_no,train,"Apakah teks berikut ini hatespeech ""AHOK KAFIR BUKAN HANYA MALING TAPI JUGA GARONG, LAHAN LAUT MILIK NELAYAN DIRAMPOK & DIRAMPAS UNTUK REKLAMASI YG MENGUNTUNGKAN CINA2 KAFIR..""?",iya
6396,id_hatespeech,id_hatespeech_nusantara_text,b161b715-84c6-4f2a-86f9-5f4649dac925,hate_or_noHate_zs_noopt_apakah_yes_or_no,train,"Apakah teks berikut ini hatespeech ""Sumpah bego bgt sih kesel gue. Kenapa ada org yg vote makhluk kayak Sandiaga Uno coba. Oh agama""?",iya
6397,id_hatespeech,id_hatespeech_nusantara_text,b161b715-84c6-4f2a-86f9-5f4649dac925,hate_or_noHate_zs_noopt_apakah_yes_or_no,train,"Apakah teks berikut ini hatespeech ""responden2 yangg goblok2 belum faham & juga wartawan beritasatu juga goblok, nanti klo anies-sandy sudah memimpin sangat mudah""?",iya
6398,id_hatespeech,id_hatespeech_nusantara_text,b161b715-84c6-4f2a-86f9-5f4649dac925,hate_or_noHate_zs_noopt_apakah_yes_or_no,train,"Apakah teks berikut ini hatespeech ""FPI RENOVASI MASJID ITU SANGAT TEPAT, AHOK KAFIR KRISTEN NGAPAIN NGURUSI MASJID2 APA HUBUNGANNYA.....""?",iya
6399,id_hatespeech,id_hatespeech_nusantara_text,b161b715-84c6-4f2a-86f9-5f4649dac925,hate_or_noHate_zs_noopt_apakah_yes_or_no,train,"Apakah teks berikut ini hatespeech ""MENGAPA ahoker KRISTEN & MUNAFIK tidak berhenti mengolok2 GEREJA stiap hari? Apakah mereka memang dibriefing ahok untuk menghina si BUMI DATAR?""?",iya
6400,id_hatespeech,id_hatespeech_nusantara_text,b161b715-84c6-4f2a-86f9-5f4649dac925,hate_or_noHate_zs_noopt_apakah_yes_or_no,train,"Apakah teks berikut ini hatespeech ""uma surveynya si Botak yg menangkan Ahok. Karena apa? Karena dia Cina Kristen. Bukti kalo si Botak dukung sesama Cina Kristen""?",iya
6401,id_hatespeech,id_hatespeech_nusantara_text,b161b715-84c6-4f2a-86f9-5f4649dac925,hate_or_noHate_zs_noopt_apakah_yes_or_no,train,"Apakah teks berikut ini hatespeech ""AHOK PEMECAH BELAH UMMAT, AJARAN KRISTEN KONYOL, demi meraup suara muslim, JELAS AHOK INI RASIS, PKI TULEN""?",iya
6402,id_hatespeech,id_hatespeech_nusantara_text,b161b715-84c6-4f2a-86f9-5f4649dac925,hate_or_noHate_zs_noopt_apakah_yes_or_no,train,"Apakah teks berikut ini hatespeech ""Woy @aagym lu udah nonton yang ini? Fitnah? Pale lu peyang gym. https://t.co/U3QhuJpwg""?",iya
6403,id_hatespeech,id_hatespeech_nusantara_text,b161b715-84c6-4f2a-86f9-5f4649dac925,hate_or_noHate_zs_noopt_apakah_yes_or_no,train,"Apakah teks berikut ini hatespeech ""Ahok :memilih pemimpin Berdasarkan agama melanggar konstitusi. Sebaiknya BABI INI DI BUNGKUS aja, CONGORNYAPECAH BELAH UMAT BERAGAMA.""?",iya
6404,id_hatespeech,id_hatespeech_nusantara_text,b161b715-84c6-4f2a-86f9-5f4649dac925,hate_or_noHate_zs_noopt_apakah_yes_or_no,train,"Apakah teks berikut ini hatespeech ""Saya pribumi, Kristen dan mendukung Ahok. Tapi saya paling anti dengan manusia2 bodoh dan goblok seperti Steven Hadisurya Sulistyo.""?",iya
6405,id_hatespeech,id_hatespeech_nusantara_text,b161b715-84c6-4f2a-86f9-5f4649dac925,hate_or_noHate_zs_noopt_apakah_yes_or_no,train,"Apakah teks berikut ini hatespeech ""Maksudnya terbukti KORUPSI dan PENISTAAN agama nya ya om, Bangsat lo, TAIK LO, maaf gw pake Bahasa Babi Ahok.""?",iya
6406,id_hatespeech,id_hatespeech_nusantara_text,b161b715-84c6-4f2a-86f9-5f4649dac925,hate_or_noHate_zs_noopt_apakah_yes_or_no,train,"Apakah teks berikut ini hatespeech ""Ehh TAIK, Bangsat lo, Omongan elo kayak IwAn bopeng, yg MO potong leher TNI, Bangsat lo IwAn bopeng, baek2in TNI. TAIK LO,""?",iya
6407,id_hatespeech,id_hatespeech_nusantara_text,b161b715-84c6-4f2a-86f9-5f4649dac925,hate_or_noHate_zs_noopt_apakah_yes_or_no,train,"Apakah teks berikut ini hatespeech ""Ehh anak anjing Ahok, Kelan itu blon siuman, mending emut2 bool basuki lagi aja sana, kasih tau sama Babi yg lain, bool basuki wangi gitu""?",iya
6408,id_hatespeech,id_hatespeech_nusantara_text,b161b715-84c6-4f2a-86f9-5f4649dac925,hate_or_noHate_zs_noopt_apakah_yes_or_no,train,"Apakah teks berikut ini hatespeech ""CWE CAKEP TP BEGO.PANTES GK LAKU.SI AHOK CINA BAU TAI.MAKAN BUBUR ENCER.AHOK FAHAM KOMUNIS.MENISTA ISLAM & KRISTEN""?",iya
6409,id_hatespeech,id_hatespeech_nusantara_text,b161b715-84c6-4f2a-86f9-5f4649dac925,hate_or_noHate_zs_noopt_apakah_yes_or_no,train,"Apakah teks berikut ini hatespeech ""Dan ajeng pasti paham si Babi Ahok klo bicara santun, BANGSAT, TAIK, ANJING, SETAN LO, dngn intonasi yg familiar tuntuna""?",iya
6410,id_hatespeech,id_hatespeech_nusantara_text,b161b715-84c6-4f2a-86f9-5f4649dac925,hate_or_noHate_zs_noopt_apakah_yes_or_no,train,"Apakah teks berikut ini hatespeech ""Itu dia, BUNUH AJA YG DIDEPAN MATA, DIA MAFIA KORUPTOR NYA, PENISTA AGAMA PULA, PANGGILAN POPULAR NYA BABI AHOK""?",iya
6411,id_hatespeech,id_hatespeech_nusantara_text,b161b715-84c6-4f2a-86f9-5f4649dac925,hate_or_noHate_zs_noopt_apakah_yes_or_no,train,"Apakah teks berikut ini hatespeech ""Gimana dgn Sumber waras.. Trans Jakarta ko jokowi diem ajah.... Harusnya si kutil babi ahok di ganyang""?",iya
6412,id_hatespeech,id_hatespeech_nusantara_text,b161b715-84c6-4f2a-86f9-5f4649dac925,hate_or_noHate_zs_noopt_apakah_yes_or_no,train,"Apakah teks berikut ini hatespeech ""Muka Si BABi Ahok Tuh Yg Mirip SERBET Lantai....@basuki_btp...""?",iya
6413,id_hatespeech,id_hatespeech_nusantara_text,b161b715-84c6-4f2a-86f9-5f4649dac925,hate_or_noHate_zs_noopt_apakah_yes_or_no,train,"Apakah teks berikut ini hatespeech ""Betul bang hancurkan merka bang, musnahkan china babi dibumi pertiwi indonesia, berkedok reklamasi itu ahok""?",iya
6414,id_hatespeech,id_hatespeech_nusantara_text,b161b715-84c6-4f2a-86f9-5f4649dac925,hate_or_noHate_zs_noopt_apakah_yes_or_no,train,"Apakah teks berikut ini hatespeech ""Sapa Yg bilang Ahok anti korupsi!?, klo grombolannyA NGOMONG gtu wajar, AHOK ITU MAFIA KORUPTOR SANG PENISTA AGAMA YG DILINDUNGI ISTANA PKI""?",iya
6415,id_hatespeech,id_hatespeech_nusantara_text,b161b715-84c6-4f2a-86f9-5f4649dac925,hate_or_noHate_zs_noopt_apakah_yes_or_no,train,"Apakah teks berikut ini hatespeech ""Gw juga ngimpi SENTILIN BIJI BABI AHOK, pcetar Pcetar, langsung kejang2 die, ngadu ke Jkw, Jkw: makanye sunat dulu, bru NGOMONG Almaidah.""?",iya
6416,id_hatespeech,id_hatespeech_nusantara_text,b161b715-84c6-4f2a-86f9-5f4649dac925,hate_or_noHate_zs_noopt_apakah_yes_or_no,train,"Apakah teks berikut ini hatespeech ""Mudah2an gw ketemu sama SI BABI IWAN BOPENG DI TPS nya anjing Ahok""?",iya
6417,id_hatespeech,id_hatespeech_nusantara_text,fd489c1d-f519-4d6f-9de4-9a9ed872720a,hate_or_noHate_zs_opt_kategori,train,"Menurutmu, apakah teks berikut: RT @spardaxyz: Fadli Zon Minta Mendagri Segera Menonaktifkan Ahok Jadi Gubernur DKI https:\/\/t.co\/KH5vIRwPdO, termasuk dalam kategori ujaran kebencian atau tidak?
- iya
- tidak",tidak
6418,id_hatespeech,id_hatespeech_nusantara_text,fd489c1d-f519-4d6f-9de4-9a9ed872720a,hate_or_noHate_zs_opt_kategori,train,"Menurutmu, apakah teks berikut: RT @baguscondromowo: Mereka terus melukai aksi dalam rangka memenjarakan Ahok atau Ahok gagal dalam Pilkada., termasuk dalam kategori ujaran kebencian atau tidak?
- iya
- tidak",tidak
6419,id_hatespeech,id_hatespeech_nusantara_text,fd489c1d-f519-4d6f-9de4-9a9ed872720a,hate_or_noHate_zs_opt_kategori,train,"Menurutmu, apakah teks berikut: Sylvi: bagaimana gurbernur melakukan kekerasan perempuan? Buktinya banyak ibu2 mau foto bareng #DebatFinalPilkadaJKT, termasuk dalam kategori ujaran kebencian atau tidak?
- iya
- tidak",tidak
6420,id_hatespeech,id_hatespeech_nusantara_text,fd489c1d-f519-4d6f-9de4-9a9ed872720a,hate_or_noHate_zs_opt_kategori,train,"Menurutmu, apakah teks berikut: Ahmad Dhani Tak Puas Debat Pilkada, Masalah Jalan di Bekasi Belum Sempat Terungkap https:\/\/t.co\/m3HopPLUID\u2026, termasuk dalam kategori ujaran kebencian atau tidak?
- iya
- tidak",tidak
6421,id_hatespeech,id_hatespeech_nusantara_text,fd489c1d-f519-4d6f-9de4-9a9ed872720a,hate_or_noHate_zs_opt_kategori,train,"Menurutmu, apakah teks berikut: RT @lisdaulay28: Waspada KTP palsu.....kawal PILKADA https:\/\/t.co\/OOoERQV4SM, termasuk dalam kategori ujaran kebencian atau tidak?
- iya
- tidak",tidak
6422,id_hatespeech,id_hatespeech_nusantara_text,fd489c1d-f519-4d6f-9de4-9a9ed872720a,hate_or_noHate_zs_opt_kategori,train,"Menurutmu, apakah teks berikut: @felixsiauw masih bnyak hal agamis yg bisa dibahas, kenapa ke pilkada terus, apa tingkat keimanan anda cuma sebatas pilkada????, termasuk dalam kategori ujaran kebencian atau tidak?
- iya
- tidak",tidak
6423,id_hatespeech,id_hatespeech_nusantara_text,fd489c1d-f519-4d6f-9de4-9a9ed872720a,hate_or_noHate_zs_opt_kategori,train,"Menurutmu, apakah teks berikut: @saidaqil apa maksud pernyataan. Anda? Apa anda mengaminkan kriminalisasi Ahok?? Hati2 jg dg mulutmu pak! https:\/\/t.co\/H4ODVaY0Md, termasuk dalam kategori ujaran kebencian atau tidak?
- iya
- tidak",tidak
6424,id_hatespeech,id_hatespeech_nusantara_text,fd489c1d-f519-4d6f-9de4-9a9ed872720a,hate_or_noHate_zs_opt_kategori,train,"Menurutmu, apakah teks berikut: Ahok Akan Integrasikan Transportasi Publik dengan Sistem Single Ticketing\u2026 https:\/\/t.co\/42PH7pqV0b #infoTribun, termasuk dalam kategori ujaran kebencian atau tidak?
- iya
- tidak",tidak
6425,id_hatespeech,id_hatespeech_nusantara_text,fd489c1d-f519-4d6f-9de4-9a9ed872720a,hate_or_noHate_zs_opt_kategori,train,"Menurutmu, apakah teks berikut: Ahok mampu melawan korupsi di ibukota, bangun infrastruktur, mencoba memperbaiki dengan berbagai trobosan dan works well., termasuk dalam kategori ujaran kebencian atau tidak?
- iya
- tidak",tidak
6426,id_hatespeech,id_hatespeech_nusantara_text,fd489c1d-f519-4d6f-9de4-9a9ed872720a,hate_or_noHate_zs_opt_kategori,train,"Menurutmu, apakah teks berikut: Awasi Kecurangan Pilkada, Agus - Sylvi Pakai Aplikasi Ini https:\/\/t.co\/xWZW4nUFIU, termasuk dalam kategori ujaran kebencian atau tidak?
- iya
- tidak",tidak
6427,id_hatespeech,id_hatespeech_nusantara_text,fd489c1d-f519-4d6f-9de4-9a9ed872720a,hate_or_noHate_zs_opt_kategori,train,"Menurutmu, apakah teks berikut: Bisa gak kita seperti Jokowi dan Ahok? Aku kalem, kamu tegas saling melengkapi. :'), termasuk dalam kategori ujaran kebencian atau tidak?
- iya
- tidak",tidak
6428,id_hatespeech,id_hatespeech_nusantara_text,fd489c1d-f519-4d6f-9de4-9a9ed872720a,hate_or_noHate_zs_opt_kategori,train,"Menurutmu, apakah teks berikut: Bos mau makan di istana ga, Di undang noh makan di istana Gebang tapinya https:\/\/t.co\/ns6cUYCpUj, termasuk dalam kategori ujaran kebencian atau tidak?
- iya
- tidak",tidak
6429,id_hatespeech,id_hatespeech_nusantara_text,fd489c1d-f519-4d6f-9de4-9a9ed872720a,hate_or_noHate_zs_opt_kategori,train,"Menurutmu, apakah teks berikut: Cuti Habis Ahok Jadi Gubernur DKI Lagi? Pengamat: Jangan Mengada-ada | Republika Online https:\/\/t.co\/T3kzvq9E4e, termasuk dalam kategori ujaran kebencian atau tidak?
- iya
- tidak",tidak
6430,id_hatespeech,id_hatespeech_nusantara_text,fd489c1d-f519-4d6f-9de4-9a9ed872720a,hate_or_noHate_zs_opt_kategori,train,"Menurutmu, apakah teks berikut: Debat terakhir Pilkada DKI Jakarta digelar Jumat malam. https:\/\/t.co\/e9ixz6Jllr, termasuk dalam kategori ujaran kebencian atau tidak?
- iya
- tidak",tidak
6431,id_hatespeech,id_hatespeech_nusantara_text,fd489c1d-f519-4d6f-9de4-9a9ed872720a,hate_or_noHate_zs_opt_kategori,train,"Menurutmu, apakah teks berikut: Demonstran FPD Malteng Desak Bawaslu Hentikan Sementara Tahapan Pilkada Maluku Tengah, termasuk dalam kategori ujaran kebencian atau tidak?
- iya
- tidak",tidak
6432,id_hatespeech,id_hatespeech_nusantara_text,fd489c1d-f519-4d6f-9de4-9a9ed872720a,hate_or_noHate_zs_opt_kategori,train,"Menurutmu, apakah teks berikut: Dulu Didesak Berhentikan Ahok Ngeles Usai Masa Cuti Pilkada, Sekarang Kampanye Mau Habis Kemendagri Ragu-ragu https:\/\/t.co\/92ss4trDcX, termasuk dalam kategori ujaran kebencian atau tidak?
- iya
- tidak",tidak
6433,id_hatespeech,id_hatespeech_nusantara_text,fd489c1d-f519-4d6f-9de4-9a9ed872720a,hate_or_noHate_zs_opt_kategori,train,"Menurutmu, apakah teks berikut: Gila gara2 pilkada, beberapa tokoh menampakkan watak aslinya., termasuk dalam kategori ujaran kebencian atau tidak?
- iya
- tidak",tidak
6434,id_hatespeech,id_hatespeech_nusantara_text,fd489c1d-f519-4d6f-9de4-9a9ed872720a,hate_or_noHate_zs_opt_kategori,train,"Menurutmu, apakah teks berikut: Gontor Izinkan Santrinya Pulang Kampung Nyoblos Pilkada DKI | Republika Online https:\/\/t.co\/JhNOT8ecNz, termasuk dalam kategori ujaran kebencian atau tidak?
- iya
- tidak",tidak
6435,id_hatespeech,id_hatespeech_nusantara_text,fd489c1d-f519-4d6f-9de4-9a9ed872720a,hate_or_noHate_zs_opt_kategori,train,"Menurutmu, apakah teks berikut: Gubernur non-aktif DKI Jakarta, Basuki Tjahaja Purnama atau Ahok, berencana merombak struktur jabatan pegawai... https:\/\/t.co\/cdKEZxF9xO, termasuk dalam kategori ujaran kebencian atau tidak?
- iya
- tidak",tidak
6436,id_hatespeech,id_hatespeech_nusantara_text,fd489c1d-f519-4d6f-9de4-9a9ed872720a,hate_or_noHate_zs_opt_kategori,train,"Menurutmu, apakah teks berikut: HEBAT .. !!! Imam Besar Masjid Istiqlal : Kalimat Ahok 100% Tidak Ada Penistaan AGAMA .. !! SEBARKAN, termasuk dalam kategori ujaran kebencian atau tidak?
- iya
- tidak",tidak
6437,id_hatespeech,id_hatespeech_nusantara_text,fd489c1d-f519-4d6f-9de4-9a9ed872720a,hate_or_noHate_zs_opt_kategori,train,"Menurutmu, apakah teks berikut: Ibu2 aja, kalo beli telor pake milih2 sblm ditimbang. Pdh telor kan mirip2. Ibu2 itu tahu, telor ada yg busuk, termasuk dalam kategori ujaran kebencian atau tidak?
- iya
- tidak",tidak
6438,id_hatespeech,id_hatespeech_nusantara_text,fd489c1d-f519-4d6f-9de4-9a9ed872720a,hate_or_noHate_zs_opt_kategori,train,"Menurutmu, apakah teks berikut: Ini Jawaban Ahok Saat Ditanya Terkait Persiapan Debat Pilgub Terakhir Besok https:\/\/t.co\/S6rlsAR7Y9, termasuk dalam kategori ujaran kebencian atau tidak?
- iya
- tidak",tidak
6439,id_hatespeech,id_hatespeech_nusantara_text,fd489c1d-f519-4d6f-9de4-9a9ed872720a,hate_or_noHate_zs_opt_kategori,train,"Menurutmu, apakah teks berikut: Ini Pesan Ahok di Hari Pers Nasional #KitaPastiPernah https:\/\/t.co\/h0L6mrjM3R, termasuk dalam kategori ujaran kebencian atau tidak?
- iya
- tidak",tidak
6440,id_hatespeech,id_hatespeech_nusantara_text,fd489c1d-f519-4d6f-9de4-9a9ed872720a,hate_or_noHate_zs_opt_kategori,train,"Menurutmu, apakah teks berikut: Istighotsah Bersama Ahok Catut Logo NU https:\/\/t.co\/U2rPY3C25R, termasuk dalam kategori ujaran kebencian atau tidak?
- iya
- tidak",tidak
6441,id_hatespeech,id_hatespeech_nusantara_text,fd489c1d-f519-4d6f-9de4-9a9ed872720a,hate_or_noHate_zs_opt_kategori,train,"Menurutmu, apakah teks berikut: Itu yang ngomong jangan pilih Ahok Djarot pernah ngerasain banjir ga sih? :(, termasuk dalam kategori ujaran kebencian atau tidak?
- iya
- tidak",tidak
6442,id_hatespeech,id_hatespeech_nusantara_text,fd489c1d-f519-4d6f-9de4-9a9ed872720a,hate_or_noHate_zs_opt_kategori,train,"Menurutmu, apakah teks berikut: Iya aja deh dripada hoax..., termasuk dalam kategori ujaran kebencian atau tidak?
- iya
- tidak",tidak
6443,id_hatespeech,id_hatespeech_nusantara_text,fd489c1d-f519-4d6f-9de4-9a9ed872720a,hate_or_noHate_zs_opt_kategori,train,"Menurutmu, apakah teks berikut: Jadi teringat para pelacur.belia yg dijual orang tuanya.sendiri di pantura.demi sesuap nasi https:\/\/t.co\/X5DdR7m693, termasuk dalam kategori ujaran kebencian atau tidak?
- iya
- tidak",tidak
6444,id_hatespeech,id_hatespeech_nusantara_text,fd489c1d-f519-4d6f-9de4-9a9ed872720a,hate_or_noHate_zs_opt_kategori,train,"Menurutmu, apakah teks berikut: jadi yg nyebar hoax ketahuan dong ada akun twitter nya lho, termasuk dalam kategori ujaran kebencian atau tidak?
- iya
- tidak",tidak
6445,id_hatespeech,id_hatespeech_nusantara_text,fd489c1d-f519-4d6f-9de4-9a9ed872720a,hate_or_noHate_zs_opt_kategori,train,"Menurutmu, apakah teks berikut: Mpok @sylviana_murni-nya tolong Mas @AgusYudhoyono, termasuk dalam kategori ujaran kebencian atau tidak?
- iya
- tidak",tidak
6446,id_hatespeech,id_hatespeech_nusantara_text,fd489c1d-f519-4d6f-9de4-9a9ed872720a,hate_or_noHate_zs_opt_kategori,train,"Menurutmu, apakah teks berikut: Ke Bidara beli mangga. Pulang nye liwat Slipi. Jangan lupa ingetin tetangga. Untuk milih Agus sylvi. #7HariLagiMilihAHY #AgusBersamaUlama, termasuk dalam kategori ujaran kebencian atau tidak?
- iya
- tidak",tidak
6447,id_hatespeech,id_hatespeech_nusantara_text,fd489c1d-f519-4d6f-9de4-9a9ed872720a,hate_or_noHate_zs_opt_kategori,train,"Menurutmu, apakah teks berikut: Serius tapi ada selipan hiburannya \ud83d\ude06\ud83d\ude06\ud83d\ude06 #pilkadadki2017 #DebatFinalPilkadaJKT, termasuk dalam kategori ujaran kebencian atau tidak?
- iya
- tidak",tidak
6448,id_hatespeech,id_hatespeech_nusantara_text,fd489c1d-f519-4d6f-9de4-9a9ed872720a,hate_or_noHate_zs_opt_kategori,train,"Menurutmu, apakah teks berikut: Sylvie sukses blunder bikin paslon 1 drop elektabilitasnya dengan fitnah dan spin salah pilih kader #DebatFinalPilkadaJKT, termasuk dalam kategori ujaran kebencian atau tidak?
- iya
- tidak",tidak
6449,id_hatespeech,id_hatespeech_nusantara_text,fd489c1d-f519-4d6f-9de4-9a9ed872720a,hate_or_noHate_zs_opt_kategori,train,"Menurutmu, apakah teks berikut: Ahok: mari berlomba program #DebatFinalPilkadaJKT, termasuk dalam kategori ujaran kebencian atau tidak?
- iya
- tidak",tidak
6450,id_hatespeech,id_hatespeech_nusantara_text,fd489c1d-f519-4d6f-9de4-9a9ed872720a,hate_or_noHate_zs_opt_kategori,train,"Menurutmu, apakah teks berikut: #DebatFinalPilkadaJKT aduh... Kecewa pertanyaan paslon 1...., termasuk dalam kategori ujaran kebencian atau tidak?
- iya
- tidak",tidak
6451,id_hatespeech,id_hatespeech_nusantara_text,fd489c1d-f519-4d6f-9de4-9a9ed872720a,hate_or_noHate_zs_opt_kategori,train,"Menurutmu, apakah teks berikut: RT @agusdansylvi: #DebatFinalPilkadaJKT Saya pilih nomor 1. Sektor informal akan dimajukan mas Agus dan Mpok Sylvi., termasuk dalam kategori ujaran kebencian atau tidak?
- iya
- tidak",tidak
6452,id_hatespeech,id_hatespeech_nusantara_text,fd489c1d-f519-4d6f-9de4-9a9ed872720a,hate_or_noHate_zs_opt_kategori,train,"Menurutmu, apakah teks berikut: RT @JTmor: Ahok pilihan terbaik untuk Jakarta, termasuk dalam kategori ujaran kebencian atau tidak?
- iya
- tidak",tidak
6453,id_hatespeech,id_hatespeech_nusantara_text,fd489c1d-f519-4d6f-9de4-9a9ed872720a,hate_or_noHate_zs_opt_kategori,train,"Menurutmu, apakah teks berikut: RT @augustfrankto: #DebatFinalPilkadaJKT Bu Silvy curhat karena pernah dimarahi sama Pak Ahok...hehe.., termasuk dalam kategori ujaran kebencian atau tidak?
- iya
- tidak",tidak
6454,id_hatespeech,id_hatespeech_nusantara_text,fd489c1d-f519-4d6f-9de4-9a9ed872720a,hate_or_noHate_zs_opt_kategori,train,"Menurutmu, apakah teks berikut: Mantap pak AHOK #DebatFinalPilkadaJKT, termasuk dalam kategori ujaran kebencian atau tidak?
- iya
- tidak",tidak
6455,id_hatespeech,id_hatespeech_nusantara_text,fd489c1d-f519-4d6f-9de4-9a9ed872720a,hate_or_noHate_zs_opt_kategori,train,"Menurutmu, apakah teks berikut: Ahok gagah kaya gatot kaca! #DebatFinalPilkadaJKT, termasuk dalam kategori ujaran kebencian atau tidak?
- iya
- tidak",tidak
6456,id_hatespeech,id_hatespeech_nusantara_text,fd489c1d-f519-4d6f-9de4-9a9ed872720a,hate_or_noHate_zs_opt_kategori,train,"Menurutmu, apakah teks berikut: Telaaaakkk nomer satuuuu. Nghahahaha #DebatFinalPilkadaJKT, termasuk dalam kategori ujaran kebencian atau tidak?
- iya
- tidak",tidak
6457,id_hatespeech,id_hatespeech_nusantara_text,fd489c1d-f519-4d6f-9de4-9a9ed872720a,hate_or_noHate_zs_opt_kategori,train,"Menurutmu, apakah teks berikut: Lomba adu program #DebatFinalPilkadaJKT #SkakSilvi, termasuk dalam kategori ujaran kebencian atau tidak?
- iya
- tidak",tidak
6458,id_hatespeech,id_hatespeech_nusantara_text,fd489c1d-f519-4d6f-9de4-9a9ed872720a,hate_or_noHate_zs_opt_kategori,train,"Menurutmu, apakah teks berikut: #DebatFinalPilkadaJKT Denger banyak program dan janji dan sering tau pas jadi ga dijalankan rasanya males aja sih., termasuk dalam kategori ujaran kebencian atau tidak?
- iya
- tidak",tidak
6459,id_hatespeech,id_hatespeech_nusantara_text,fd489c1d-f519-4d6f-9de4-9a9ed872720a,hate_or_noHate_zs_opt_kategori,train,"Menurutmu, apakah teks berikut: DEBAT CAGUB DKI ke 3 - 10 Februari 2017 - Segmen 3 Mantap Ahok SKAK Sylviana Murni\n\n#DebatFinalPilkadaJKT, termasuk dalam kategori ujaran kebencian atau tidak?
- iya
- tidak",tidak
6460,id_hatespeech,id_hatespeech_nusantara_text,fd489c1d-f519-4d6f-9de4-9a9ed872720a,hate_or_noHate_zs_opt_kategori,train,"Menurutmu, apakah teks berikut: Pertanyaan Ibu Silvy rada maksa.. #DebatFinalPilkadaJKT, termasuk dalam kategori ujaran kebencian atau tidak?
- iya
- tidak",tidak
6461,id_hatespeech,id_hatespeech_nusantara_text,fd489c1d-f519-4d6f-9de4-9a9ed872720a,hate_or_noHate_zs_opt_kategori,train,"Menurutmu, apakah teks berikut: Tanggal 15, pas pilkada nanti sy gak akan milih siapa-siapa ah!, termasuk dalam kategori ujaran kebencian atau tidak?
- iya
- tidak",tidak
6462,id_hatespeech,id_hatespeech_nusantara_text,fd489c1d-f519-4d6f-9de4-9a9ed872720a,hate_or_noHate_zs_opt_kategori,train,"Menurutmu, apakah teks berikut: Saya pribadi bakal prefer kok muslim dengan kapabilitas, tetapi lihat kondisinya Ahok menjadi pilihan plg realistis buat kemajuan DKI, termasuk dalam kategori ujaran kebencian atau tidak?
- iya
- tidak",tidak
6463,id_hatespeech,id_hatespeech_nusantara_text,fd489c1d-f519-4d6f-9de4-9a9ed872720a,hate_or_noHate_zs_opt_kategori,train,"Menurutmu, apakah teks berikut: Yang mendukung Mas Anies bukan berarti anti Pak Ahok, begitu Pula sebaliknya, termasuk dalam kategori ujaran kebencian atau tidak?
- iya
- tidak",tidak
6464,id_hatespeech,id_hatespeech_nusantara_text,fd489c1d-f519-4d6f-9de4-9a9ed872720a,hate_or_noHate_zs_opt_kategori,train,"Menurutmu, apakah teks berikut: Spanduk Tolak Salatkan Pembela Penista Agama juga Muncul di Kalibata https:\/\/t.co\/Sr1PbYtigN, termasuk dalam kategori ujaran kebencian atau tidak?
- iya
- tidak",tidak
6465,id_hatespeech,id_hatespeech_nusantara_text,fd489c1d-f519-4d6f-9de4-9a9ed872720a,hate_or_noHate_zs_opt_kategori,train,"Menurutmu, apakah teks berikut: #DebatFinalPilkadaJKT Telak banget anjir ngakak!, termasuk dalam kategori ujaran kebencian atau tidak?
- iya
- tidak",tidak
6466,id_hatespeech,id_hatespeech_nusantara_text,fd489c1d-f519-4d6f-9de4-9a9ed872720a,hate_or_noHate_zs_opt_kategori,train,"Menurutmu, apakah teks berikut: Ayo berlomba program jangan fitnah2 #DebatFinalPilkadaJKT, termasuk dalam kategori ujaran kebencian atau tidak?
- iya
- tidak",tidak
6467,id_hatespeech,id_hatespeech_nusantara_text,fd489c1d-f519-4d6f-9de4-9a9ed872720a,hate_or_noHate_zs_opt_kategori,train,"Menurutmu, apakah teks berikut: RT @deelestari: Akhirnya nggak ngantuk lagi! Yeay! #DebatFinalPilkadaJKT, termasuk dalam kategori ujaran kebencian atau tidak?
- iya
- tidak",tidak
6468,id_hatespeech,id_hatespeech_nusantara_text,fd489c1d-f519-4d6f-9de4-9a9ed872720a,hate_or_noHate_zs_opt_kategori,train,"Menurutmu, apakah teks berikut: Duh dibilang ga punya program paslon 1... kesian kesian kesian ... #debatfinalpilkadajkt, termasuk dalam kategori ujaran kebencian atau tidak?
- iya
- tidak",tidak
6469,id_hatespeech,id_hatespeech_nusantara_text,fd489c1d-f519-4d6f-9de4-9a9ed872720a,hate_or_noHate_zs_opt_kategori,train,"Menurutmu, apakah teks berikut: Tuntut Keadilan Bagi Penista Agama, Puluhan Jawara Betawi Ikuti Aksi 212 Jilid II https:\/\/t.co\/HWVuoZyYov, termasuk dalam kategori ujaran kebencian atau tidak?
- iya
- tidak",tidak
6470,id_hatespeech,id_hatespeech_nusantara_text,fd489c1d-f519-4d6f-9de4-9a9ed872720a,hate_or_noHate_zs_opt_kategori,train,"Menurutmu, apakah teks berikut: Keras nih ahok #DebatFinalPilkadaJKT, termasuk dalam kategori ujaran kebencian atau tidak?
- iya
- tidak",tidak
6471,id_hatespeech,id_hatespeech_nusantara_text,fd489c1d-f519-4d6f-9de4-9a9ed872720a,hate_or_noHate_zs_opt_kategori,train,"Menurutmu, apakah teks berikut: Paslon 3 Anies Sandiaga Uno 15 Feb 2017 Utk Jakarta Indonesia Raya OK OCE, termasuk dalam kategori ujaran kebencian atau tidak?
- iya
- tidak",tidak
6472,id_hatespeech,id_hatespeech_nusantara_text,fd489c1d-f519-4d6f-9de4-9a9ed872720a,hate_or_noHate_zs_opt_kategori,train,"Menurutmu, apakah teks berikut: Sesuai namanya: RONDE FINAL\n\n#DebatFinalPilkadaJKT, termasuk dalam kategori ujaran kebencian atau tidak?
- iya
- tidak",tidak
6473,id_hatespeech,id_hatespeech_nusantara_text,fd489c1d-f519-4d6f-9de4-9a9ed872720a,hate_or_noHate_zs_opt_kategori,train,"Menurutmu, apakah teks berikut: Mendagri Tambah Pusing, Ketika MA Emoh Keluarkan Fatwa Status Gubernur Penista Agama https:\/\/t.co\/J34aMQiMNi, termasuk dalam kategori ujaran kebencian atau tidak?
- iya
- tidak",tidak
6474,id_hatespeech,id_hatespeech_nusantara_text,fd489c1d-f519-4d6f-9de4-9a9ed872720a,hate_or_noHate_zs_opt_kategori,train,"Menurutmu, apakah teks berikut: Tolong adu program, termasuk dalam kategori ujaran kebencian atau tidak?
- iya
- tidak",tidak
6475,id_hatespeech,id_hatespeech_nusantara_text,fd489c1d-f519-4d6f-9de4-9a9ed872720a,hate_or_noHate_zs_opt_kategori,train,"Menurutmu, apakah teks berikut: Genderang perang makin kencang #DebatFinalPilkadaJKT, termasuk dalam kategori ujaran kebencian atau tidak?
- iya
- tidak",tidak
6476,id_hatespeech,id_hatespeech_nusantara_text,fd489c1d-f519-4d6f-9de4-9a9ed872720a,hate_or_noHate_zs_opt_kategori,train,"Menurutmu, apakah teks berikut: Mpok sylvi udah mulai emosi \ud83d\ude02\n #DebatFinalPilkadaJKT, termasuk dalam kategori ujaran kebencian atau tidak?
- iya
- tidak",tidak
6477,id_hatespeech,id_hatespeech_nusantara_text,fd489c1d-f519-4d6f-9de4-9a9ed872720a,hate_or_noHate_zs_opt_kategori,train,"Menurutmu, apakah teks berikut: Some people gabisa bedain kasar sama tegas. #DebatFinalPilkadaJKT, termasuk dalam kategori ujaran kebencian atau tidak?
- iya
- tidak",tidak
6478,id_hatespeech,id_hatespeech_nusantara_text,fd489c1d-f519-4d6f-9de4-9a9ed872720a,hate_or_noHate_zs_opt_kategori,train,"Menurutmu, apakah teks berikut: Beliau para pemimpin hebat Indonesia! Kita bangga https:\/\/t.co\/NAWbps9Xpt https:\/\/t.co\/5cC2U9AIEv, termasuk dalam kategori ujaran kebencian atau tidak?
- iya
- tidak",tidak
6479,id_hatespeech,id_hatespeech_nusantara_text,fd489c1d-f519-4d6f-9de4-9a9ed872720a,hate_or_noHate_zs_opt_kategori,train,"Menurutmu, apakah teks berikut: @InformasiDKI mungkin bu silvy jg pengen foto sama pak ahok hihihi #DebatFinalPilkadaJKT, termasuk dalam kategori ujaran kebencian atau tidak?
- iya
- tidak",tidak
6480,id_hatespeech,id_hatespeech_nusantara_text,fd489c1d-f519-4d6f-9de4-9a9ed872720a,hate_or_noHate_zs_opt_kategori,train,"Menurutmu, apakah teks berikut: #DebatFinalPilkadaJKT Mulai saling serang deh, termasuk dalam kategori ujaran kebencian atau tidak?
- iya
- tidak",tidak
6481,id_hatespeech,id_hatespeech_nusantara_text,fd489c1d-f519-4d6f-9de4-9a9ed872720a,hate_or_noHate_zs_opt_kategori,train,"Menurutmu, apakah teks berikut: RT @InaKinoy: baca ini dulu lah biar mendinginkan suasana #DebatFinalPilkadaJKT https:\/\/t.co\/Em9GCKc4qe, termasuk dalam kategori ujaran kebencian atau tidak?
- iya
- tidak",tidak
6482,id_hatespeech,id_hatespeech_nusantara_text,fd489c1d-f519-4d6f-9de4-9a9ed872720a,hate_or_noHate_zs_opt_kategori,train,"Menurutmu, apakah teks berikut: ayo berlomba program jgn pitnah doank.. #DebatFinalPilkadaJKT #BadjaPastimenang, termasuk dalam kategori ujaran kebencian atau tidak?
- iya
- tidak",tidak
6483,id_hatespeech,id_hatespeech_nusantara_text,fd489c1d-f519-4d6f-9de4-9a9ed872720a,hate_or_noHate_zs_opt_kategori,train,"Menurutmu, apakah teks berikut: RT @qronoz: Pokoknya kalo Ahok udah ngomong: Aduuuuuuh KELAR. #DebatFinalPilkadaJKT, termasuk dalam kategori ujaran kebencian atau tidak?
- iya
- tidak",tidak
6484,id_hatespeech,id_hatespeech_nusantara_text,fd489c1d-f519-4d6f-9de4-9a9ed872720a,hate_or_noHate_zs_opt_kategori,train,"Menurutmu, apakah teks berikut: Senjata makan tuan #DebatFinalPilkadaJKT #DebatFinalDKI, termasuk dalam kategori ujaran kebencian atau tidak?
- iya
- tidak",tidak
6485,id_hatespeech,id_hatespeech_nusantara_text,fd489c1d-f519-4d6f-9de4-9a9ed872720a,hate_or_noHate_zs_opt_kategori,train,"Menurutmu, apakah teks berikut: Ahok kekerasan verbal? Masa koruptor dielus2 #DebatFinalPilkadaJKT, termasuk dalam kategori ujaran kebencian atau tidak?
- iya
- tidak",tidak
6486,id_hatespeech,id_hatespeech_nusantara_text,fd489c1d-f519-4d6f-9de4-9a9ed872720a,hate_or_noHate_zs_opt_kategori,train,"Menurutmu, apakah teks berikut: RT @qronoz: Gak ada program yang mau diserang yang diserang karakternya. AHaY! \ud83d\ude02 #DebatFinalPilkadaJKT, termasuk dalam kategori ujaran kebencian atau tidak?
- iya
- tidak",tidak
6487,id_hatespeech,id_hatespeech_nusantara_text,fd489c1d-f519-4d6f-9de4-9a9ed872720a,hate_or_noHate_zs_opt_kategori,train,"Menurutmu, apakah teks berikut: Terkait Jakarta tak Ramah anak apa tanggapan Pak @aniesbaswedan https:\/\/t.co\/ufA55UWBcI, termasuk dalam kategori ujaran kebencian atau tidak?
- iya
- tidak",tidak
6488,id_hatespeech,id_hatespeech_nusantara_text,fd489c1d-f519-4d6f-9de4-9a9ed872720a,hate_or_noHate_zs_opt_kategori,train,"Menurutmu, apakah teks berikut: emang OK OCE anies dan sandi dalam mengatasi urbanisasi dan lapangan kerja #DebatFinalPilkadaJKT https:\/\/t.co\/BrCeCZSkux, termasuk dalam kategori ujaran kebencian atau tidak?
- iya
- tidak",tidak
6489,id_hatespeech,id_hatespeech_nusantara_text,fd489c1d-f519-4d6f-9de4-9a9ed872720a,hate_or_noHate_zs_opt_kategori,train,"Menurutmu, apakah teks berikut: Suporternya mulai kampungan paslon masih ngomong jg ...... #DebatFinalPilkadaJKT, termasuk dalam kategori ujaran kebencian atau tidak?
- iya
- tidak",tidak
6490,id_hatespeech,id_hatespeech_nusantara_text,fd489c1d-f519-4d6f-9de4-9a9ed872720a,hate_or_noHate_zs_opt_kategori,train,"Menurutmu, apakah teks berikut: Mulai seru ni #DebatFinalPilkadaJKT, termasuk dalam kategori ujaran kebencian atau tidak?
- iya
- tidak",tidak
6491,id_hatespeech,id_hatespeech_nusantara_text,fd489c1d-f519-4d6f-9de4-9a9ed872720a,hate_or_noHate_zs_opt_kategori,train,"Menurutmu, apakah teks berikut: #DebatFinalPilkadaJKT nangis nangis ketonjok lagi, termasuk dalam kategori ujaran kebencian atau tidak?
- iya
- tidak",tidak
6492,id_hatespeech,id_hatespeech_nusantara_text,fd489c1d-f519-4d6f-9de4-9a9ed872720a,hate_or_noHate_zs_opt_kategori,train,"Menurutmu, apakah teks berikut: RT @Kafyonaa: JADI DEBAT TERAKHIR NANTI MALAM PILIHANMU JATUH KE PASLON YANG MANA? #DebatFinalPilkadaJKT #Debat3PilkadaDKI, termasuk dalam kategori ujaran kebencian atau tidak?
- iya
- tidak",tidak
6493,id_hatespeech,id_hatespeech_nusantara_text,fd489c1d-f519-4d6f-9de4-9a9ed872720a,hate_or_noHate_zs_opt_kategori,train,"Menurutmu, apakah teks berikut: RT @magendajuang: Wkwkwk udah dah pilih Anies Sandi aja :) #DebatFinalPilkadaJKT https:\/\/t.co\/hMXhjyHBnJ, termasuk dalam kategori ujaran kebencian atau tidak?
- iya
- tidak",tidak
6494,id_hatespeech,id_hatespeech_nusantara_text,fd489c1d-f519-4d6f-9de4-9a9ed872720a,hate_or_noHate_zs_opt_kategori,train,"Menurutmu, apakah teks berikut: fitnah lebih kejam loh dari pembunuhan #DebatFinalPilkadaJKT, termasuk dalam kategori ujaran kebencian atau tidak?
- iya
- tidak",tidak
6495,id_hatespeech,id_hatespeech_nusantara_text,fd489c1d-f519-4d6f-9de4-9a9ed872720a,hate_or_noHate_zs_opt_kategori,train,"Menurutmu, apakah teks berikut: mari #debatsehat. jangan coba pakai #datasesat. #DebatFinalPilkadaJKT #DebatFinalDiKompasTV, termasuk dalam kategori ujaran kebencian atau tidak?
- iya
- tidak",tidak
6496,id_hatespeech,id_hatespeech_nusantara_text,fd489c1d-f519-4d6f-9de4-9a9ed872720a,hate_or_noHate_zs_opt_kategori,train,"Menurutmu, apakah teks berikut: RT @prastow: Apapun itu, keberanian Ahok membongkar mafia anggaran menjadi tonggak penting menuju APBD yg kredibel dan akuntabel., termasuk dalam kategori ujaran kebencian atau tidak?
- iya
- tidak",tidak
6497,id_hatespeech,id_hatespeech_nusantara_text,fd489c1d-f519-4d6f-9de4-9a9ed872720a,hate_or_noHate_zs_opt_kategori,train,"Menurutmu, apakah teks berikut: RT @SydSalesman: inilah wujud nasional-is-me dagangannya @pandji ... hebat! https:\/\/t.co\/0fYIG6c2xl, termasuk dalam kategori ujaran kebencian atau tidak?
- iya
- tidak",tidak
6498,id_hatespeech,id_hatespeech_nusantara_text,fd489c1d-f519-4d6f-9de4-9a9ed872720a,hate_or_noHate_zs_opt_kategori,train,"Menurutmu, apakah teks berikut: Pak dosen makin keliatan aslinya :(, termasuk dalam kategori ujaran kebencian atau tidak?
- iya
- tidak",tidak
6499,id_hatespeech,id_hatespeech_nusantara_text,fd489c1d-f519-4d6f-9de4-9a9ed872720a,hate_or_noHate_zs_opt_kategori,train,"Menurutmu, apakah teks berikut: RT @gabriellaanDini: Dulu di awal kampanye bukannya uda deklarasi anti SARA??? Tadinya gw pikir no.3 lebih mending dari no.1, termasuk dalam kategori ujaran kebencian atau tidak?
- iya
- tidak",tidak
6500,id_hatespeech,id_hatespeech_nusantara_text,fd489c1d-f519-4d6f-9de4-9a9ed872720a,hate_or_noHate_zs_opt_kategori,train,"Menurutmu, apakah teks berikut: #DebatFinalPilkadaJKT mateng mpok Silvy di bombardir Pak Ahok... jawaban cerdas Pak Ahok.., termasuk dalam kategori ujaran kebencian atau tidak?
- iya
- tidak",tidak
6501,id_hatespeech,id_hatespeech_nusantara_text,fd489c1d-f519-4d6f-9de4-9a9ed872720a,hate_or_noHate_zs_opt_kategori,train,"Menurutmu, apakah teks berikut: #DebatFinalPilkadaJKT mohon tenang, termasuk dalam kategori ujaran kebencian atau tidak?
- iya
- tidak",tidak
6502,id_hatespeech,id_hatespeech_nusantara_text,fd489c1d-f519-4d6f-9de4-9a9ed872720a,hate_or_noHate_zs_opt_kategori,train,"Menurutmu, apakah teks berikut: Yg no.1 nih ngomongin hal yg di luar program mulu ya. Ngga ada bhan ya bwt serang lawan.. Cape dehh! #DebatFinalDKI #DebatFinalPilkadaJKT, termasuk dalam kategori ujaran kebencian atau tidak?
- iya
- tidak",tidak
6503,id_hatespeech,id_hatespeech_nusantara_text,fd489c1d-f519-4d6f-9de4-9a9ed872720a,hate_or_noHate_zs_opt_kategori,train,"Menurutmu, apakah teks berikut: Cinta pak Ahok pokoknya #DebatFinalPilkadaJKT, termasuk dalam kategori ujaran kebencian atau tidak?
- iya
- tidak",tidak
6504,id_hatespeech,id_hatespeech_nusantara_text,fd489c1d-f519-4d6f-9de4-9a9ed872720a,hate_or_noHate_zs_opt_kategori,train,"Menurutmu, apakah teks berikut: #DebatFinalPilkadaJKT nggak cuma ibu2 yang pengen foto sama Ahok bapak2 juga lho, termasuk dalam kategori ujaran kebencian atau tidak?
- iya
- tidak",tidak
6505,id_hatespeech,id_hatespeech_nusantara_text,fd489c1d-f519-4d6f-9de4-9a9ed872720a,hate_or_noHate_zs_opt_kategori,train,"Menurutmu, apakah teks berikut: Mas Agus saya akui malam ini....rambut kamu bagus! #DebatFinalPilkadaJKT, termasuk dalam kategori ujaran kebencian atau tidak?
- iya
- tidak",tidak
6506,id_hatespeech,id_hatespeech_nusantara_text,fd489c1d-f519-4d6f-9de4-9a9ed872720a,hate_or_noHate_zs_opt_kategori,train,"Menurutmu, apakah teks berikut: RT @republikaonline: Ahok Janji Berani Tutup Tempat Hiburan Malam yang Jual Narkoba, termasuk dalam kategori ujaran kebencian atau tidak?
- iya
- tidak",tidak
6507,id_hatespeech,id_hatespeech_nusantara_text,fd489c1d-f519-4d6f-9de4-9a9ed872720a,hate_or_noHate_zs_opt_kategori,train,"Menurutmu, apakah teks berikut: Agus-Sylvi sisipkan bahasa jawa saat debat https:\/\/t.co\/fGTfXgaINx, termasuk dalam kategori ujaran kebencian atau tidak?
- iya
- tidak",tidak
6508,id_hatespeech,id_hatespeech_nusantara_text,fd489c1d-f519-4d6f-9de4-9a9ed872720a,hate_or_noHate_zs_opt_kategori,train,"Menurutmu, apakah teks berikut: RT @hariadhi: Ahok udah perhatikan penyandang disabilitas, jauuuh sebelum kandidat lain berjanji #NobarAhokDjarot #BadjaPastiJuara, termasuk dalam kategori ujaran kebencian atau tidak?
- iya
- tidak",tidak
6509,id_hatespeech,id_hatespeech_nusantara_text,fd489c1d-f519-4d6f-9de4-9a9ed872720a,hate_or_noHate_zs_opt_kategori,train,"Menurutmu, apakah teks berikut: Ahok keren!!! #DebatFinalPilkadaJKT, termasuk dalam kategori ujaran kebencian atau tidak?
- iya
- tidak",tidak
6510,id_hatespeech,id_hatespeech_nusantara_text,fd489c1d-f519-4d6f-9de4-9a9ed872720a,hate_or_noHate_zs_opt_kategori,train,"Menurutmu, apakah teks berikut: Gimana ya Tim Ahok kok makin disudutkan(?) Mungkin karena ini final kali y, termasuk dalam kategori ujaran kebencian atau tidak?
- iya
- tidak",tidak
6511,id_hatespeech,id_hatespeech_nusantara_text,fd489c1d-f519-4d6f-9de4-9a9ed872720a,hate_or_noHate_zs_opt_kategori,train,"Menurutmu, apakah teks berikut: Nih fakta buat yg asbun. #BadjaPastimenang #DebatFinalPilkadaJKT, termasuk dalam kategori ujaran kebencian atau tidak?
- iya
- tidak",tidak
6512,id_hatespeech,id_hatespeech_nusantara_text,fd489c1d-f519-4d6f-9de4-9a9ed872720a,hate_or_noHate_zs_opt_kategori,train,"Menurutmu, apakah teks berikut: Siap-siap meme CCTV. #DebatFinalPilkadaJKT #Debat3PilkadaDKI #DebatFinalDKI, termasuk dalam kategori ujaran kebencian atau tidak?
- iya
- tidak",tidak
6513,id_hatespeech,id_hatespeech_nusantara_text,fd489c1d-f519-4d6f-9de4-9a9ed872720a,hate_or_noHate_zs_opt_kategori,train,"Menurutmu, apakah teks berikut: Nyinyir tingkat nasional #DebatFinalPilkadaJKT, termasuk dalam kategori ujaran kebencian atau tidak?
- iya
- tidak",tidak
6514,id_hatespeech,id_hatespeech_nusantara_text,fd489c1d-f519-4d6f-9de4-9a9ed872720a,hate_or_noHate_zs_opt_kategori,train,"Menurutmu, apakah teks berikut: Drama bgt itu :(( #DebatFinalPilkadaJKT, termasuk dalam kategori ujaran kebencian atau tidak?
- iya
- tidak",tidak
6515,id_hatespeech,id_hatespeech_nusantara_text,fd489c1d-f519-4d6f-9de4-9a9ed872720a,hate_or_noHate_zs_opt_kategori,train,"Menurutmu, apakah teks berikut: Ini judulnya Debat atau nyerang paslon 2 ?????? #DebatFinalPilkadaJKT, termasuk dalam kategori ujaran kebencian atau tidak?
- iya
- tidak",tidak
6516,id_hatespeech,id_hatespeech_nusantara_text,fd489c1d-f519-4d6f-9de4-9a9ed872720a,hate_or_noHate_zs_opt_kategori,train,"Menurutmu, apakah teks berikut: Lha kok menyerang gitu ya #DebatFinalPilkadaJKT, termasuk dalam kategori ujaran kebencian atau tidak?
- iya
- tidak",tidak
6517,id_hatespeech,id_hatespeech_nusantara_text,fd489c1d-f519-4d6f-9de4-9a9ed872720a,hate_or_noHate_zs_opt_kategori,train,"Menurutmu, apakah teks berikut: Debat sama berantem beda tipis #DebatFinalPilkadaJKT, termasuk dalam kategori ujaran kebencian atau tidak?
- iya
- tidak",tidak
6518,id_hatespeech,id_hatespeech_nusantara_text,fd489c1d-f519-4d6f-9de4-9a9ed872720a,hate_or_noHate_zs_opt_kategori,train,"Menurutmu, apakah teks berikut: Orang tegas dibilang maki-maki orang -_- #DebatFinalPilkadaJKT, termasuk dalam kategori ujaran kebencian atau tidak?
- iya
- tidak",tidak
6519,id_hatespeech,id_hatespeech_nusantara_text,fd489c1d-f519-4d6f-9de4-9a9ed872720a,hate_or_noHate_zs_opt_kategori,train,"Menurutmu, apakah teks berikut: 1 atau 2 perempuan berbeda dengan kaum perempuan #DebatFinalPilkadaJK, termasuk dalam kategori ujaran kebencian atau tidak?
- iya
- tidak",tidak
6520,id_hatespeech,id_hatespeech_nusantara_text,fd489c1d-f519-4d6f-9de4-9a9ed872720a,hate_or_noHate_zs_opt_kategori,train,"Menurutmu, apakah teks berikut: mantap OK OCE anies sandi dalam mengatasi urbanisasi dan lapangan kerja, termasuk dalam kategori ujaran kebencian atau tidak?
- iya
- tidak",tidak
6521,id_hatespeech,id_hatespeech_nusantara_text,fd489c1d-f519-4d6f-9de4-9a9ed872720a,hate_or_noHate_zs_opt_kategori,train,"Menurutmu, apakah teks berikut: RT @WisnuDewobroto: Ga seru nih. selalu mengungkit masa lalu :). kekerasan Verbal semua pernah lakukan manusia biasa. #DebatFinalPilkadaJKT, termasuk dalam kategori ujaran kebencian atau tidak?
- iya
- tidak",tidak
6522,id_hatespeech,id_hatespeech_nusantara_text,fd489c1d-f519-4d6f-9de4-9a9ed872720a,hate_or_noHate_zs_opt_kategori,train,"Menurutmu, apakah teks berikut: satu perempuan bukan semua perempuan #DebatFinalPilkadaJKT, termasuk dalam kategori ujaran kebencian atau tidak?
- iya
- tidak",tidak
6523,id_hatespeech,id_hatespeech_nusantara_text,fd489c1d-f519-4d6f-9de4-9a9ed872720a,hate_or_noHate_zs_opt_kategori,train,"Menurutmu, apakah teks berikut: #DebatFinalPilkadaJKT Pertanyaan paslon 1 dpt dikategorikan sbg kekerasan dalam debat., termasuk dalam kategori ujaran kebencian atau tidak?
- iya
- tidak",tidak
6524,id_hatespeech,id_hatespeech_nusantara_text,fd489c1d-f519-4d6f-9de4-9a9ed872720a,hate_or_noHate_zs_opt_kategori,train,"Menurutmu, apakah teks berikut: @jokowi pak maafkan saya. Biarkan malam ini saja saya memposting ujaran kebencian. Hanya malam ini saja pak xoxo #DebatFinalPilkadaJKT, termasuk dalam kategori ujaran kebencian atau tidak?
- iya
- tidak",tidak
6525,id_hatespeech,id_hatespeech_nusantara_text,fd489c1d-f519-4d6f-9de4-9a9ed872720a,hate_or_noHate_zs_opt_kategori,train,"Menurutmu, apakah teks berikut: Semoga Allah memenangkan pak Anies-sandi https:\/\/t.co\/sns0rXRw3f, termasuk dalam kategori ujaran kebencian atau tidak?
- iya
- tidak",tidak
6526,id_hatespeech,id_hatespeech_nusantara_text,fd489c1d-f519-4d6f-9de4-9a9ed872720a,hate_or_noHate_zs_opt_kategori,train,"Menurutmu, apakah teks berikut: #DebatFinalPilkadaJKT non muslim coblos Ahok muslim coblos Djarot. Bagaimana?, termasuk dalam kategori ujaran kebencian atau tidak?
- iya
- tidak",tidak
6527,id_hatespeech,id_hatespeech_nusantara_text,fd489c1d-f519-4d6f-9de4-9a9ed872720a,hate_or_noHate_zs_opt_kategori,train,"Menurutmu, apakah teks berikut: #DebatFinalPilkadaJKT *pemimpin harus dapat ciptakan suasana damai tentram dan bukan adu domba atau hasutan, termasuk dalam kategori ujaran kebencian atau tidak?
- iya
- tidak",tidak
6528,id_hatespeech,id_hatespeech_nusantara_text,fd489c1d-f519-4d6f-9de4-9a9ed872720a,hate_or_noHate_zs_opt_kategori,train,"Menurutmu, apakah teks berikut: Saya bertanya kepada Bapak Presiden dan Kapolri OK OCE tuh apaan? #DebatFinalPilkadaJKT, termasuk dalam kategori ujaran kebencian atau tidak?
- iya
- tidak",tidak
6529,id_hatespeech,id_hatespeech_nusantara_text,fd489c1d-f519-4d6f-9de4-9a9ed872720a,hate_or_noHate_zs_opt_kategori,train,"Menurutmu, apakah teks berikut: Keliatan banget keberpihakan media #DebatFinalPilkadaJKT, termasuk dalam kategori ujaran kebencian atau tidak?
- iya
- tidak",tidak
6530,id_hatespeech,id_hatespeech_nusantara_text,fd489c1d-f519-4d6f-9de4-9a9ed872720a,hate_or_noHate_zs_opt_kategori,train,"Menurutmu, apakah teks berikut: RT @di_HatiKecil: Bagus nih ilustrasinya #DebatFinalPilkadaJKT https:\/\/t.co\/zAQLqrBiUF, termasuk dalam kategori ujaran kebencian atau tidak?
- iya
- tidak",tidak
6531,id_hatespeech,id_hatespeech_nusantara_text,fd489c1d-f519-4d6f-9de4-9a9ed872720a,hate_or_noHate_zs_opt_kategori,train,"Menurutmu, apakah teks berikut: RT @rezaoktovian: Ahok terlalu keren :'), termasuk dalam kategori ujaran kebencian atau tidak?
- iya
- tidak",tidak
6532,id_hatespeech,id_hatespeech_nusantara_text,fd489c1d-f519-4d6f-9de4-9a9ed872720a,hate_or_noHate_zs_opt_kategori,train,"Menurutmu, apakah teks berikut: isinya timeline twitter cm pilkada.. membosankan sekali.., termasuk dalam kategori ujaran kebencian atau tidak?
- iya
- tidak",tidak
6533,id_hatespeech,id_hatespeech_nusantara_text,fd489c1d-f519-4d6f-9de4-9a9ed872720a,hate_or_noHate_zs_opt_kategori,train,"Menurutmu, apakah teks berikut: Mohon tenang mohon tenang #DebatFinalPilkadaJKT, termasuk dalam kategori ujaran kebencian atau tidak?
- iya
- tidak",tidak
6534,id_hatespeech,id_hatespeech_nusantara_text,fd489c1d-f519-4d6f-9de4-9a9ed872720a,hate_or_noHate_zs_opt_kategori,train,"Menurutmu, apakah teks berikut: ah diulang. Jawabannya bisa beda kan? #DebatFinalPilkadaJKT, termasuk dalam kategori ujaran kebencian atau tidak?
- iya
- tidak",tidak
6535,id_hatespeech,id_hatespeech_nusantara_text,fd489c1d-f519-4d6f-9de4-9a9ed872720a,hate_or_noHate_zs_opt_kategori,train,"Menurutmu, apakah teks berikut: Perasaan bukan pertanyaan itu deh yg td dijawab om @aniesbaswedan audionya ga keluar atau ia ya? #DebatFinalPilkadaJKT, termasuk dalam kategori ujaran kebencian atau tidak?
- iya
- tidak",tidak
6536,id_hatespeech,id_hatespeech_nusantara_text,fd489c1d-f519-4d6f-9de4-9a9ed872720a,hate_or_noHate_zs_opt_kategori,train,"Menurutmu, apakah teks berikut: Boleh tinggal di pinggir kali meski bukan tanahnya boleh jualan di pinggir jalan, termasuk dalam kategori ujaran kebencian atau tidak?
- iya
- tidak",tidak
6537,id_hatespeech,id_hatespeech_nusantara_text,fd489c1d-f519-4d6f-9de4-9a9ed872720a,hate_or_noHate_zs_opt_kategori,train,"Menurutmu, apakah teks berikut: RT @rigenz123: Sehatkan Warga DKI Melalui #JakartaBerlari Barulah Pembangunan Dapat Sejahterakan Warganya. #DebatFinalPilkadaJKT, termasuk dalam kategori ujaran kebencian atau tidak?
- iya
- tidak",tidak
6538,id_hatespeech,id_hatespeech_nusantara_text,fd489c1d-f519-4d6f-9de4-9a9ed872720a,hate_or_noHate_zs_opt_kategori,train,"Menurutmu, apakah teks berikut: kalau kamu diputuskan pacar tanpa sebab mungkin program OKE OCE bisa jadi solusi nya #DebatFinalPilkadaJKT, termasuk dalam kategori ujaran kebencian atau tidak?
- iya
- tidak",tidak
6539,id_hatespeech,id_hatespeech_nusantara_text,fd489c1d-f519-4d6f-9de4-9a9ed872720a,hate_or_noHate_zs_opt_kategori,train,"Menurutmu, apakah teks berikut: Melibatkan yang paham pada bidangnya untuk duduk bersama memecahkan solusi. Cara kepemimpinan yg cerdas ! #DebatFinalPilkadaJKT, termasuk dalam kategori ujaran kebencian atau tidak?
- iya
- tidak",tidak
6540,id_hatespeech,id_hatespeech_nusantara_text,fd489c1d-f519-4d6f-9de4-9a9ed872720a,hate_or_noHate_zs_opt_kategori,train,"Menurutmu, apakah teks berikut: Justru laki-laki lah yang sering mengalami kekerasan verbal. Berapa kali dirimu dimarahi istrimu..? Ayo ngaku., termasuk dalam kategori ujaran kebencian atau tidak?
- iya
- tidak",tidak
6541,id_hatespeech,id_hatespeech_nusantara_text,fd489c1d-f519-4d6f-9de4-9a9ed872720a,hate_or_noHate_zs_opt_kategori,train,"Menurutmu, apakah teks berikut: RT @TirtoID: Soal gerakan-gerakan ala @aniesbaswedan #PeriksaData #DebatFinalPilkadaJKT, termasuk dalam kategori ujaran kebencian atau tidak?
- iya
- tidak",tidak
6542,id_hatespeech,id_hatespeech_nusantara_text,fd489c1d-f519-4d6f-9de4-9a9ed872720a,hate_or_noHate_zs_opt_kategori,train,"Menurutmu, apakah teks berikut: Mayoritas warga Jakarta ingin dipimpin Gubernur baru. Emang iya? #DebatFinalPilkadaJKT, termasuk dalam kategori ujaran kebencian atau tidak?
- iya
- tidak",tidak
6543,id_hatespeech,id_hatespeech_nusantara_text,fd489c1d-f519-4d6f-9de4-9a9ed872720a,hate_or_noHate_zs_opt_kategori,train,"Menurutmu, apakah teks berikut: Paslon 1 selalu nyerang paslon 2 ni #DebatFinalPilkadaJKT, termasuk dalam kategori ujaran kebencian atau tidak?
- iya
- tidak",tidak
6544,id_hatespeech,id_hatespeech_nusantara_text,fd489c1d-f519-4d6f-9de4-9a9ed872720a,hate_or_noHate_zs_opt_kategori,train,"Menurutmu, apakah teks berikut: RT @JktMajuBersama: Upaya Anies-Sandi untuk mendukung perempuan menjadi pelaku UKM :) #DebatFinalPilkadaJKT, termasuk dalam kategori ujaran kebencian atau tidak?
- iya
- tidak",tidak
6545,id_hatespeech,id_hatespeech_nusantara_text,fd489c1d-f519-4d6f-9de4-9a9ed872720a,hate_or_noHate_zs_opt_kategori,train,"Menurutmu, apakah teks berikut: Salah satu indikator meningkatnya kualitas hidup warga Jkt adl terus bisa tersenyum seperti Pak Djarot malam ini, termasuk dalam kategori ujaran kebencian atau tidak?
- iya
- tidak",tidak
6546,id_hatespeech,id_hatespeech_nusantara_text,fd489c1d-f519-4d6f-9de4-9a9ed872720a,hate_or_noHate_zs_opt_kategori,train,"Menurutmu, apakah teks berikut: Tontonan yg wajib ditunggu sehabis #DebatFinalPilkadaJKT, termasuk dalam kategori ujaran kebencian atau tidak?
- iya
- tidak",tidak
6547,id_hatespeech,id_hatespeech_nusantara_text,fd489c1d-f519-4d6f-9de4-9a9ed872720a,hate_or_noHate_zs_opt_kategori,train,"Menurutmu, apakah teks berikut: RT @ainouun: Pak Ahok : penyandang disabilitas bukan hanya mereka, suatu saat kita juga bisa jadi. #DebatFinalPilkadaJKT, termasuk dalam kategori ujaran kebencian atau tidak?
- iya
- tidak",tidak
6548,id_hatespeech,id_hatespeech_nusantara_text,fd489c1d-f519-4d6f-9de4-9a9ed872720a,hate_or_noHate_zs_opt_kategori,train,"Menurutmu, apakah teks berikut: RT @tribunjateng: Saat Jeda, Ahok dan Djarot Sapa Ganjar Pranowo dari Atas Panggung, termasuk dalam kategori ujaran kebencian atau tidak?
- iya
- tidak",tidak
6549,id_hatespeech,id_hatespeech_nusantara_text,fd489c1d-f519-4d6f-9de4-9a9ed872720a,hate_or_noHate_zs_opt_kategori,train,"Menurutmu, apakah teks berikut: @Boojaee sayang hyung cuma pencitraan :* wkwk, termasuk dalam kategori ujaran kebencian atau tidak?
- iya
- tidak",tidak
6550,id_hatespeech,id_hatespeech_nusantara_text,fd489c1d-f519-4d6f-9de4-9a9ed872720a,hate_or_noHate_zs_opt_kategori,train,"Menurutmu, apakah teks berikut: @kurawa Msh inget sm ibu penjual kue di balaikota, cm Pak Ahok yg tau klo si ibu sakit, ibu itu langsung diurus ke rs. Ini bukan pencitraan., termasuk dalam kategori ujaran kebencian atau tidak?
- iya
- tidak",tidak
6551,id_hatespeech,id_hatespeech_nusantara_text,fd489c1d-f519-4d6f-9de4-9a9ed872720a,hate_or_noHate_zs_opt_kategori,train,"Menurutmu, apakah teks berikut: Biar jajan naik sejuta https://t.co/veZ5PXxDfr, termasuk dalam kategori ujaran kebencian atau tidak?
- iya
- tidak",tidak
6552,id_hatespeech,id_hatespeech_nusantara_text,fd489c1d-f519-4d6f-9de4-9a9ed872720a,hate_or_noHate_zs_opt_kategori,train,"Menurutmu, apakah teks berikut: bio gw belum diganti astagfirullah rusak pencitraan cewe cantik, termasuk dalam kategori ujaran kebencian atau tidak?
- iya
- tidak",tidak
6553,id_hatespeech,id_hatespeech_nusantara_text,fd489c1d-f519-4d6f-9de4-9a9ed872720a,hate_or_noHate_zs_opt_kategori,train,"Menurutmu, apakah teks berikut: #MataNajwaDebatJakarta Ya ampun udh closing statement msh aja commentnya ky gitu ya, termasuk dalam kategori ujaran kebencian atau tidak?
- iya
- tidak",tidak
6554,id_hatespeech,id_hatespeech_nusantara_text,fd489c1d-f519-4d6f-9de4-9a9ed872720a,hate_or_noHate_zs_opt_kategori,train,"Menurutmu, apakah teks berikut: Hah uda closing statement?? Cepet bener?? #DebatFinalPilkadaJKT, termasuk dalam kategori ujaran kebencian atau tidak?
- iya
- tidak",tidak
6555,id_hatespeech,id_hatespeech_nusantara_text,fd489c1d-f519-4d6f-9de4-9a9ed872720a,hate_or_noHate_zs_opt_kategori,train,"Menurutmu, apakah teks berikut: RT @digembok: #DebatFinalPilkadaJKT kali ini keren.Biasanya ada sesi tanya-jawab Kali ini ada SESI CURHAT, termasuk dalam kategori ujaran kebencian atau tidak?
- iya
- tidak",tidak
6556,id_hatespeech,id_hatespeech_nusantara_text,fd489c1d-f519-4d6f-9de4-9a9ed872720a,hate_or_noHate_zs_opt_kategori,train,"Menurutmu, apakah teks berikut: Ketiga paslon gagal menjawab pertanyaan yang jawabannya harus memuji kebaikan paslon lain, termasuk dalam kategori ujaran kebencian atau tidak?
- iya
- tidak",tidak
6557,id_hatespeech,id_hatespeech_nusantara_text,fd489c1d-f519-4d6f-9de4-9a9ed872720a,hate_or_noHate_zs_opt_kategori,train,"Menurutmu, apakah teks berikut: Mari berjuang bersama SBYudhoyono utk memenangkan #SaduddinDhani di #PilkadaKabBekasi2017 #BekasiSAH #BekasiBerjaya, termasuk dalam kategori ujaran kebencian atau tidak?
- iya
- tidak",tidak
6558,id_hatespeech,id_hatespeech_nusantara_text,fd489c1d-f519-4d6f-9de4-9a9ed872720a,hate_or_noHate_zs_opt_kategori,train,"Menurutmu, apakah teks berikut: Jikapun aparatur bisa dibeli, kyai dan santri oplosan dibeli. Masih ada yng ASLI, siap MELAWAN KETIDAKADILAN https://t.co/riloAH9gAd, termasuk dalam kategori ujaran kebencian atau tidak?
- iya
- tidak",tidak
6559,id_hatespeech,id_hatespeech_nusantara_text,fd489c1d-f519-4d6f-9de4-9a9ed872720a,hate_or_noHate_zs_opt_kategori,train,"Menurutmu, apakah teks berikut: Pasangan mana yang unggul dalam debat kandidat Gubernur-Wagub DKI Jakarta Malam Ini?, termasuk dalam kategori ujaran kebencian atau tidak?
- iya
- tidak",tidak
6560,id_hatespeech,id_hatespeech_nusantara_text,fd489c1d-f519-4d6f-9de4-9a9ed872720a,hate_or_noHate_zs_opt_kategori,train,"Menurutmu, apakah teks berikut: Keberagaman itu datang dr hati terdalam, bukan dr pencitraan #Tetap3 #JKTBeragam, termasuk dalam kategori ujaran kebencian atau tidak?
- iya
- tidak",tidak
6561,id_hatespeech,id_hatespeech_nusantara_text,fd489c1d-f519-4d6f-9de4-9a9ed872720a,hate_or_noHate_zs_opt_kategori,train,"Menurutmu, apakah teks berikut: Membangun bangsa dan negara ini engga cukup dengan metoda pencitraan saja ,tanpa teruji lewat rekam jejak dan integritas tokohnya, termasuk dalam kategori ujaran kebencian atau tidak?
- iya
- tidak",tidak
6562,id_hatespeech,id_hatespeech_nusantara_text,fd489c1d-f519-4d6f-9de4-9a9ed872720a,hate_or_noHate_zs_opt_kategori,train,"Menurutmu, apakah teks berikut: RT @adelladellaide: Bersikap baik dan menjaga prilaku di depan umum bukan berarti pencitraan, bukan pula ""menjadi orang lain""., termasuk dalam kategori ujaran kebencian atau tidak?
- iya
- tidak",tidak
6563,id_hatespeech,id_hatespeech_nusantara_text,fd489c1d-f519-4d6f-9de4-9a9ed872720a,hate_or_noHate_zs_opt_kategori,train,"Menurutmu, apakah teks berikut: RT @FiersaBesari: Saat jujur, ada yg curiga. Saat berbuat baik, ada yg menuduh pencitraan. Saat bahagia, ada yg iri. Abaikan., termasuk dalam kategori ujaran kebencian atau tidak?
- iya
- tidak",tidak
6564,id_hatespeech,id_hatespeech_nusantara_text,fd489c1d-f519-4d6f-9de4-9a9ed872720a,hate_or_noHate_zs_opt_kategori,train,"Menurutmu, apakah teks berikut: Umat Islam yg peduli agama mrk, tentu tdk akan tergoda dg trik2 konyol seperti ini, InshaAllah umat Islam sdh sadar https://t.co/PFH1MPsKFO, termasuk dalam kategori ujaran kebencian atau tidak?
- iya
- tidak",tidak
6565,id_hatespeech,id_hatespeech_nusantara_text,fd489c1d-f519-4d6f-9de4-9a9ed872720a,hate_or_noHate_zs_opt_kategori,train,"Menurutmu, apakah teks berikut: #AniesIntoleran \nAnies Baswedan, tak lagi memiliki integritas dan kredibilitas sebagai seorang pemimpin. https://t.co/rv053Gt4j8, termasuk dalam kategori ujaran kebencian atau tidak?
- iya
- tidak",tidak
6566,id_hatespeech,id_hatespeech_nusantara_text,fd489c1d-f519-4d6f-9de4-9a9ed872720a,hate_or_noHate_zs_opt_kategori,train,"Menurutmu, apakah teks berikut: @agusriyadi12345 Apakah perlu semua berita ahok harus menggunakan penista agama. Misalnya Penista agama sedang kampanye di Jakarta pusat., termasuk dalam kategori ujaran kebencian atau tidak?
- iya
- tidak",tidak
6567,id_hatespeech,id_hatespeech_nusantara_text,fd489c1d-f519-4d6f-9de4-9a9ed872720a,hate_or_noHate_zs_opt_kategori,train,"Menurutmu, apakah teks berikut: @agusriyadi12345 Apakah tidak sadis, jika semua berita tentang ahok, judulnya diawali degan Terdakwa penista agama bukan menggunakan nama?, termasuk dalam kategori ujaran kebencian atau tidak?
- iya
- tidak",tidak
6568,id_hatespeech,id_hatespeech_nusantara_text,fd489c1d-f519-4d6f-9de4-9a9ed872720a,hate_or_noHate_zs_opt_kategori,train,"Menurutmu, apakah teks berikut: @Altefalken kemarin kan ada berita tentang penyakit mengingitis dari Babi, mksd gw apa nyambungnya sama ahok?, termasuk dalam kategori ujaran kebencian atau tidak?
- iya
- tidak",tidak
6569,id_hatespeech,id_hatespeech_nusantara_text,fd489c1d-f519-4d6f-9de4-9a9ed872720a,hate_or_noHate_zs_opt_kategori,train,"Menurutmu, apakah teks berikut: @ISejunnie @AHMADDHANIPRAST artis korea bisa world tour ahmad dhani bisa ?, termasuk dalam kategori ujaran kebencian atau tidak?
- iya
- tidak",tidak
6570,id_hatespeech,id_hatespeech_nusantara_text,fd489c1d-f519-4d6f-9de4-9a9ed872720a,hate_or_noHate_zs_opt_kategori,train,"Menurutmu, apakah teks berikut: @HaqueMarissa ,, ahok di jakarta , daging babi di bali apa hubungan nya ya??, termasuk dalam kategori ujaran kebencian atau tidak?
- iya
- tidak",tidak
6571,id_hatespeech,id_hatespeech_nusantara_text,fd489c1d-f519-4d6f-9de4-9a9ed872720a,hate_or_noHate_zs_opt_kategori,train,"Menurutmu, apakah teks berikut: Ahmad Dhani Bangkrut Ditagih Utang Melalui Video, Mantan Istrinya Jadi Janda Kaya Raya: Hampir setahun berlalu, https://t.co/22InRwRR26, termasuk dalam kategori ujaran kebencian atau tidak?
- iya
- tidak",tidak
6572,id_hatespeech,id_hatespeech_nusantara_text,fd489c1d-f519-4d6f-9de4-9a9ed872720a,hate_or_noHate_zs_opt_kategori,train,"Menurutmu, apakah teks berikut: Ahmad Dhani Sentil AHOK, eh Sandiaga Uno cengar cengir.!: https://t.co/vhDAAa3ShI melalui @YouTube, termasuk dalam kategori ujaran kebencian atau tidak?
- iya
- tidak",tidak
6573,id_hatespeech,id_hatespeech_nusantara_text,fd489c1d-f519-4d6f-9de4-9a9ed872720a,hate_or_noHate_zs_opt_kategori,train,"Menurutmu, apakah teks berikut: Hehhee.. Makanya jangan mengagumi sesorng berlebihan.. Kecuali kepada Rasulullah.. https://t.co/ZXVB2DiRMg, termasuk dalam kategori ujaran kebencian atau tidak?
- iya
- tidak",tidak
6574,id_hatespeech,id_hatespeech_nusantara_text,fd489c1d-f519-4d6f-9de4-9a9ed872720a,hate_or_noHate_zs_opt_kategori,train,"Menurutmu, apakah teks berikut: #MataNajwaDebatJakarta acara uda abis menurut kalian debat sapa yang betul-betul memaparkan prog dan solusi?, termasuk dalam kategori ujaran kebencian atau tidak?
- iya
- tidak",tidak
6575,id_hatespeech,id_hatespeech_nusantara_text,fd489c1d-f519-4d6f-9de4-9a9ed872720a,hate_or_noHate_zs_opt_kategori,train,"Menurutmu, apakah teks berikut: Mereka (koruptor) meletakkan kitab suci ditempat paling rendah...tapi masih sok jadi pemilik kapling surga... https://t.co/oj5YN3WBeI, termasuk dalam kategori ujaran kebencian atau tidak?
- iya
- tidak",tidak
6576,id_hatespeech,id_hatespeech_nusantara_text,fd489c1d-f519-4d6f-9de4-9a9ed872720a,hate_or_noHate_zs_opt_kategori,train,"Menurutmu, apakah teks berikut: RT @99Ohhani: Woww dukungan Rakyat Palestina ke Ahok yg dituduhSbg penista Agama ?? mrk Mengelu2kan Ahok !!!Ahok is The Best https://t.co/, termasuk dalam kategori ujaran kebencian atau tidak?
- iya
- tidak",tidak
6577,id_hatespeech,id_hatespeech_nusantara_text,fd489c1d-f519-4d6f-9de4-9a9ed872720a,hate_or_noHate_zs_opt_kategori,train,"Menurutmu, apakah teks berikut: Pencitraan di socmed itu boleh-boleh aja. Tapi harus bisa tanggung jawab sama citra yang udh dibikin. Jangan sampe jadi malu-maluin. Kasian., termasuk dalam kategori ujaran kebencian atau tidak?
- iya
- tidak",tidak
6578,id_hatespeech,id_hatespeech_nusantara_text,fd489c1d-f519-4d6f-9de4-9a9ed872720a,hate_or_noHate_zs_opt_kategori,train,"Menurutmu, apakah teks berikut: RT @kompascom: Kasus Kicauan Ahmad Dhani Dilimpahkan ke Polres Metro Jakarta Selatan. https://t.co/uJ0m7JernN, termasuk dalam kategori ujaran kebencian atau tidak?
- iya
- tidak",tidak
6579,id_hatespeech,id_hatespeech_nusantara_text,fd489c1d-f519-4d6f-9de4-9a9ed872720a,hate_or_noHate_zs_opt_kategori,train,"Menurutmu, apakah teks berikut: RT @kv_kahfi: Komplit bgt yaaaa..... Heran nya msh aja yg percaya dan idolain dia https://t.co/PNTYRAnaJO, termasuk dalam kategori ujaran kebencian atau tidak?
- iya
- tidak",tidak
6580,id_hatespeech,id_hatespeech_nusantara_text,fd489c1d-f519-4d6f-9de4-9a9ed872720a,hate_or_noHate_zs_opt_kategori,train,"Menurutmu, apakah teks berikut: RT @m0th3rb04rd__: bagaimana keadilan bisa tercipta jika si penista agama belum di vonis penjara\n #BerjamaahTolakReklamasi, termasuk dalam kategori ujaran kebencian atau tidak?
- iya
- tidak",tidak
6581,id_hatespeech,id_hatespeech_nusantara_text,fd489c1d-f519-4d6f-9de4-9a9ed872720a,hate_or_noHate_zs_opt_kategori,train,"Menurutmu, apakah teks berikut: RT @TeddyGusnaidi: Bro.. Kalau yg dimaksud Fatwa Penista agama, MUI gak pernah mengeluarkan Fatwa. https://t.co/x9uXhqJKCa, termasuk dalam kategori ujaran kebencian atau tidak?
- iya
- tidak",tidak
6582,id_hatespeech,id_hatespeech_nusantara_text,fd489c1d-f519-4d6f-9de4-9a9ed872720a,hate_or_noHate_zs_opt_kategori,train,"Menurutmu, apakah teks berikut: RT @TeddyGusnaidi: Sidang hari ini makin menguatkan bahwa Ahok bukan penista agama.. Ada yang bisa bantah?? \nhttps://t.co/2Ksj4snR1t, termasuk dalam kategori ujaran kebencian atau tidak?
- iya
- tidak",tidak
6583,id_hatespeech,id_hatespeech_nusantara_text,fd489c1d-f519-4d6f-9de4-9a9ed872720a,hate_or_noHate_zs_opt_kategori,train,"Menurutmu, apakah teks berikut: Sebut Ahok Bukan Akademisi, Ahmad Dhani: Secara Intelektual, Lebih Intelek Bang Anies https://t.co/YrzfmMV1LG, termasuk dalam kategori ujaran kebencian atau tidak?
- iya
- tidak",tidak
6584,id_hatespeech,id_hatespeech_nusantara_text,fd489c1d-f519-4d6f-9de4-9a9ed872720a,hate_or_noHate_zs_opt_kategori,train,"Menurutmu, apakah teks berikut: Yg melakukan Penista Agama sesungguhnya, agama yg suci digunakan alat untuk mengejar jabatan (kekuasaan) https://t.co/hKvZIpm8ZS, termasuk dalam kategori ujaran kebencian atau tidak?
- iya
- tidak",tidak
6585,id_hatespeech,id_hatespeech_nusantara_text,fd489c1d-f519-4d6f-9de4-9a9ed872720a,hate_or_noHate_zs_opt_kategori,train,"Menurutmu, apakah teks berikut: Kalah di Pilkada Bekasi, Ahmad Dhani Jadi Juru Kampanye Pasangan Anies-Sandi https://t.co/oIZpN8hYnd #NenengYes https://t.co/FGOhKhXWxt, termasuk dalam kategori ujaran kebencian atau tidak?
- iya
- tidak",tidak
6586,id_hatespeech,id_hatespeech_nusantara_text,fd489c1d-f519-4d6f-9de4-9a9ed872720a,hate_or_noHate_zs_opt_kategori,train,"Menurutmu, apakah teks berikut: #MataNajwaDebatJakarta Bravo closing statement Anies malam ini.kalau nggak ada debat saya nggak mungkin nonton mata najwa sdh lama tdk suka., termasuk dalam kategori ujaran kebencian atau tidak?
- iya
- tidak",tidak
6587,id_hatespeech,id_hatespeech_nusantara_text,fd489c1d-f519-4d6f-9de4-9a9ed872720a,hate_or_noHate_zs_opt_kategori,train,"Menurutmu, apakah teks berikut: #MataNajwaDebatJakarta jawaban terakhir Anis jadi bikin ingat jawaban dia pas debat kemarin, ""jawaban anda menarik tapi tidak nyambung"", termasuk dalam kategori ujaran kebencian atau tidak?
- iya
- tidak",tidak
6588,id_hatespeech,id_hatespeech_nusantara_text,fd489c1d-f519-4d6f-9de4-9a9ed872720a,hate_or_noHate_zs_opt_kategori,train,"Menurutmu, apakah teks berikut: #MataNajwaDebatJakarta buzzer ahok lagi kerja keras nih,.ayo kerja2 tar gajian ga turun, termasuk dalam kategori ujaran kebencian atau tidak?
- iya
- tidak",tidak
6589,id_hatespeech,id_hatespeech_nusantara_text,fd489c1d-f519-4d6f-9de4-9a9ed872720a,hate_or_noHate_zs_opt_kategori,train,"Menurutmu, apakah teks berikut: #MataNajwaDebatJakarta kerendahan hati dan lawan kerendahan hati kelihatan banget.., termasuk dalam kategori ujaran kebencian atau tidak?
- iya
- tidak",tidak
6590,id_hatespeech,id_hatespeech_nusantara_text,fd489c1d-f519-4d6f-9de4-9a9ed872720a,hate_or_noHate_zs_opt_kategori,train,"Menurutmu, apakah teks berikut: #MataNajwaDebatJakarta kok gaya pak @aniesbaswedan kayak SBY ya?, termasuk dalam kategori ujaran kebencian atau tidak?
- iya
- tidak",tidak
6591,id_hatespeech,id_hatespeech_nusantara_text,fd489c1d-f519-4d6f-9de4-9a9ed872720a,hate_or_noHate_zs_opt_kategori,train,"Menurutmu, apakah teks berikut: #MataNajwaDebatJakarta kenyataannya si anis nyaman bgt dgn isu sara kok , kan nguntungin anis , pura2 sok bijak pdhl menikmati isu sara ,, termasuk dalam kategori ujaran kebencian atau tidak?
- iya
- tidak",tidak
6592,id_hatespeech,id_hatespeech_nusantara_text,fd489c1d-f519-4d6f-9de4-9a9ed872720a,hate_or_noHate_zs_opt_kategori,train,"Menurutmu, apakah teks berikut: #MataNajwaDebatJakarta nyesel liat debat tidak bermutu cuma bisa mencela.., termasuk dalam kategori ujaran kebencian atau tidak?
- iya
- tidak",tidak
6593,id_hatespeech,id_hatespeech_nusantara_text,fd489c1d-f519-4d6f-9de4-9a9ed872720a,hate_or_noHate_zs_opt_kategori,train,"Menurutmu, apakah teks berikut: #MataNajwaDebatJakarta.kesimpulan: Saya tdk rela punya Gub seorg Anies dan sy percaya Ahok akan menang. Salam 2 jari., termasuk dalam kategori ujaran kebencian atau tidak?
- iya
- tidak",tidak
6594,id_hatespeech,id_hatespeech_nusantara_text,fd489c1d-f519-4d6f-9de4-9a9ed872720a,hate_or_noHate_zs_opt_kategori,train,"Menurutmu, apakah teks berikut: @ibnusungeb ahoker panas dingin ahok kalah debat Sama Anis. #MataNajwaDebatJakarta, termasuk dalam kategori ujaran kebencian atau tidak?
- iya
- tidak",tidak
6595,id_hatespeech,id_hatespeech_nusantara_text,fd489c1d-f519-4d6f-9de4-9a9ed872720a,hate_or_noHate_zs_opt_kategori,train,"Menurutmu, apakah teks berikut: Ada yg tahu ga backsound penutup mata najwa ini siapa musisinya dan apa judulnya? #MataNajwaDebatJakarta, termasuk dalam kategori ujaran kebencian atau tidak?
- iya
- tidak",tidak
6596,id_hatespeech,id_hatespeech_nusantara_text,fd489c1d-f519-4d6f-9de4-9a9ed872720a,hate_or_noHate_zs_opt_kategori,train,"Menurutmu, apakah teks berikut: #MataNajwaDebatJakarta p ahok apapun hanya Utk rakyat, p anies tkt dicurangi... Ngerti bedanya.., termasuk dalam kategori ujaran kebencian atau tidak?
- iya
- tidak",tidak
6597,id_hatespeech,id_hatespeech_nusantara_text,fd489c1d-f519-4d6f-9de4-9a9ed872720a,hate_or_noHate_zs_opt_kategori,train,"Menurutmu, apakah teks berikut: @MataNajwa mantapppp Mata Najwa diskusi lebih hidup dan mendidik,,, jauh berkualitas di banding debat yg selenggarakan KPU, termasuk dalam kategori ujaran kebencian atau tidak?
- iya
- tidak",tidak
6598,id_hatespeech,id_hatespeech_nusantara_text,fd489c1d-f519-4d6f-9de4-9a9ed872720a,hate_or_noHate_zs_opt_kategori,train,"Menurutmu, apakah teks berikut: @MataNajwa mbak najwa..ayo ""ketengah"" lagi sedikit..jgn terlihat ke kiri, dgn meminta terus pak anies cpt2 menyelesaikan kalimat2nya.., termasuk dalam kategori ujaran kebencian atau tidak?
- iya
- tidak",tidak
6599,id_hatespeech,id_hatespeech_nusantara_text,fd489c1d-f519-4d6f-9de4-9a9ed872720a,hate_or_noHate_zs_opt_kategori,train,"Menurutmu, apakah teks berikut: Dan soal soal ribut-ribut pribumi vs non pribumi yang ramai di beranda saya itu, sebenarnya maksudnya apa? ikut..., termasuk dalam kategori ujaran kebencian atau tidak?
- iya
- tidak",tidak
6600,id_hatespeech,id_hatespeech_nusantara_text,fd489c1d-f519-4d6f-9de4-9a9ed872720a,hate_or_noHate_zs_opt_kategori,train,"Menurutmu, apakah teks berikut: Sedih liat pak anies saat ini, tokoh yang dulu saya kagumi kenapa jadi seperti ini ;') #MataNajwaDebatJakarta, termasuk dalam kategori ujaran kebencian atau tidak?
- iya
- tidak",tidak
6601,id_hatespeech,id_hatespeech_nusantara_text,fd489c1d-f519-4d6f-9de4-9a9ed872720a,hate_or_noHate_zs_opt_kategori,train,"Menurutmu, apakah teks berikut: Awal sp akhir @aniesbaswedan bisanya cm serang pribadi @basuki_btp gak ada program yg perlu dibanggakan #MataNajwaDebatJakarta, termasuk dalam kategori ujaran kebencian atau tidak?
- iya
- tidak",tidak
6602,id_hatespeech,id_hatespeech_nusantara_text,fd489c1d-f519-4d6f-9de4-9a9ed872720a,hate_or_noHate_zs_opt_kategori,train,"Menurutmu, apakah teks berikut: Gimana nih om @pandji pasti ikut gedeg juga kan dengerin retorika ga ada wawasan. Tapi gimana udah terlanjur ya. #matanajwadebatjakarta, termasuk dalam kategori ujaran kebencian atau tidak?
- iya
- tidak",tidak
6603,id_hatespeech,id_hatespeech_nusantara_text,fd489c1d-f519-4d6f-9de4-9a9ed872720a,hate_or_noHate_zs_opt_kategori,train,"Menurutmu, apakah teks berikut: Haduhhhh Pak Anies.. Terus pendukung anda yang didatengin ke Jakarta itu dari mana pak? Dari luar jakarta kan #MataNajwaDebatJakarta, termasuk dalam kategori ujaran kebencian atau tidak?
- iya
- tidak",tidak
6604,id_hatespeech,id_hatespeech_nusantara_text,fd489c1d-f519-4d6f-9de4-9a9ed872720a,hate_or_noHate_zs_opt_kategori,train,"Menurutmu, apakah teks berikut: Haha anies pendemo2 dr jawa barat kok ga ngomen. Takut kalah ya haha #MataNajwaDebatJakarta, termasuk dalam kategori ujaran kebencian atau tidak?
- iya
- tidak",tidak
6605,id_hatespeech,id_hatespeech_nusantara_text,fd489c1d-f519-4d6f-9de4-9a9ed872720a,hate_or_noHate_zs_opt_kategori,train,"Menurutmu, apakah teks berikut: #MataNajwaDebatJakarta pak uno habis 62M istrinya ga marah ya pak? Saya mo beli sepatu 300rb aja istri saya marah2 pak, termasuk dalam kategori ujaran kebencian atau tidak?
- iya
- tidak",tidak
6606,id_hatespeech,id_hatespeech_nusantara_text,fd489c1d-f519-4d6f-9de4-9a9ed872720a,hate_or_noHate_zs_opt_kategori,train,"Menurutmu, apakah teks berikut: #MataNajwaDebatJakarta jangan suka menyerang, ini bukan perang,. mengapa ingin ibadah harus menyerang orang.., termasuk dalam kategori ujaran kebencian atau tidak?
- iya
- tidak",tidak
6607,id_hatespeech,id_hatespeech_nusantara_text,fd489c1d-f519-4d6f-9de4-9a9ed872720a,hate_or_noHate_zs_opt_kategori,train,"Menurutmu, apakah teks berikut: #MataNajwaDebatJakarta Paslon 3 serang terus dengan membawa2 hal2 yg biasa menyerang, tp Paslon 2 tenang menjawabnya, termasuk dalam kategori ujaran kebencian atau tidak?
- iya
- tidak",tidak
6608,id_hatespeech,id_hatespeech_nusantara_text,fd489c1d-f519-4d6f-9de4-9a9ed872720a,hate_or_noHate_zs_opt_kategori,train,"Menurutmu, apakah teks berikut: Aahhh akuh sedih, akuh org depok ternyata ngga boleh ke jakarta pak mANIES jahattttt #MataNajwaDebatJakarta, termasuk dalam kategori ujaran kebencian atau tidak?
- iya
- tidak",tidak
6609,id_hatespeech,id_hatespeech_nusantara_text,fd489c1d-f519-4d6f-9de4-9a9ed872720a,hate_or_noHate_zs_opt_kategori,train,"Menurutmu, apakah teks berikut: #MataNajwaDebatJakarta saludd utk mata najwa, berbobot sekali perdebatan malam ini.., termasuk dalam kategori ujaran kebencian atau tidak?
- iya
- tidak",tidak
6610,id_hatespeech,id_hatespeech_nusantara_text,fd489c1d-f519-4d6f-9de4-9a9ed872720a,hate_or_noHate_zs_opt_kategori,train,"Menurutmu, apakah teks berikut: Jadilah orang yang bertanggung jawab atas segala tindakan anda. dengan demikian anda akan menuai hal yang positif. #SidangAhok, termasuk dalam kategori ujaran kebencian atau tidak?
- iya
- tidak",tidak
6611,id_hatespeech,id_hatespeech_nusantara_text,fd489c1d-f519-4d6f-9de4-9a9ed872720a,hate_or_noHate_zs_opt_kategori,train,"Menurutmu, apakah teks berikut: Menurut Anda, apakah #SidangAhok Dugaan Penistaan Agama dgn Terdakwa @basuki_btp murni isyu Pilkada DKI Jakarta atau murni demi Islam???, termasuk dalam kategori ujaran kebencian atau tidak?
- iya
- tidak",tidak
6612,id_hatespeech,id_hatespeech_nusantara_text,fd489c1d-f519-4d6f-9de4-9a9ed872720a,hate_or_noHate_zs_opt_kategori,train,"Menurutmu, apakah teks berikut: Semua kejujuran akan mendapatkan pahala dari surga. Sabar ya Pak Basuki #FreeAhok https://t.co/NlgbEcj4Jc, termasuk dalam kategori ujaran kebencian atau tidak?
- iya
- tidak",tidak
6613,id_hatespeech,id_hatespeech_nusantara_text,fd489c1d-f519-4d6f-9de4-9a9ed872720a,hate_or_noHate_zs_opt_kategori,train,"Menurutmu, apakah teks berikut: Jadilah orang yang bertanggung jawab atas segala tindakan anda. dengan demikian anda akan menuai hal yang positif. #SidangAhok, termasuk dalam kategori ujaran kebencian atau tidak?
- iya
- tidak",tidak
6614,id_hatespeech,id_hatespeech_nusantara_text,fd489c1d-f519-4d6f-9de4-9a9ed872720a,hate_or_noHate_zs_opt_kategori,train,"Menurutmu, apakah teks berikut: #MataNajwaDebatJakarta terima kasih telah memberikan pendidikan demokrasi pada rakyat Indonesia, khususnya Jakarta., termasuk dalam kategori ujaran kebencian atau tidak?
- iya
- tidak",tidak
6615,id_hatespeech,id_hatespeech_nusantara_text,fd489c1d-f519-4d6f-9de4-9a9ed872720a,hate_or_noHate_zs_opt_kategori,train,"Menurutmu, apakah teks berikut: Keberagaman itu datang dr hati terdalam, bukan dr pencitraan #Tetap3 #JKTBeragam, termasuk dalam kategori ujaran kebencian atau tidak?
- iya
- tidak",tidak
6616,id_hatespeech,id_hatespeech_nusantara_text,fd489c1d-f519-4d6f-9de4-9a9ed872720a,hate_or_noHate_zs_opt_kategori,train,"Menurutmu, apakah teks berikut: Membangun bangsa dan negara ini engga cukup dengan metoda pencitraan saja ,tanpa teruji lewat rekam jejak dan integritas tokohnya, termasuk dalam kategori ujaran kebencian atau tidak?
- iya
- tidak",tidak
6617,id_hatespeech,id_hatespeech_nusantara_text,fd489c1d-f519-4d6f-9de4-9a9ed872720a,hate_or_noHate_zs_opt_kategori,train,"Menurutmu, apakah teks berikut: jangan ada keberpihakan dalam badan hukum karena itu akan merusak demokrasi #important #MataNajwaDebatJakarta, termasuk dalam kategori ujaran kebencian atau tidak?
- iya
- tidak",tidak
6618,id_hatespeech,id_hatespeech_nusantara_text,fd489c1d-f519-4d6f-9de4-9a9ed872720a,hate_or_noHate_zs_opt_kategori,train,"Menurutmu, apakah teks berikut: Jika lo bisa menceritakan kembali kalimat2 yg dilontarkan Anies di @MataNajwa dgn bahasa lo sendiri, lo luar biasa. #MataNajwaDebatJakarta, termasuk dalam kategori ujaran kebencian atau tidak?
- iya
- tidak",tidak
6619,id_hatespeech,id_hatespeech_nusantara_text,fd489c1d-f519-4d6f-9de4-9a9ed872720a,hate_or_noHate_zs_opt_kategori,train,"Menurutmu, apakah teks berikut: kalau liat sosmed, Pak Ahok menang telak. Namun sayang, hanya kata-kata manis lah yg diserap bbrp warga kecil. #matanajwadebatjakarta, termasuk dalam kategori ujaran kebencian atau tidak?
- iya
- tidak",tidak
6620,id_hatespeech,id_hatespeech_nusantara_text,fd489c1d-f519-4d6f-9de4-9a9ed872720a,hate_or_noHate_zs_opt_kategori,train,"Menurutmu, apakah teks berikut: Seharusnya mah basuki sudah bebas ya kan? #FreeAhok https://t.co/Mw3k0vYweF, termasuk dalam kategori ujaran kebencian atau tidak?
- iya
- tidak",tidak
6621,id_hatespeech,id_hatespeech_nusantara_text,fd489c1d-f519-4d6f-9de4-9a9ed872720a,hate_or_noHate_zs_opt_kategori,train,"Menurutmu, apakah teks berikut: Kenapa debat @MataNajwa ini, Ahok makin keliatan diatas angin ya. Kliatan dia sangat menguasai problem solusi tata kelola Jakarta., termasuk dalam kategori ujaran kebencian atau tidak?
- iya
- tidak",tidak
6622,id_hatespeech,id_hatespeech_nusantara_text,fd489c1d-f519-4d6f-9de4-9a9ed872720a,hate_or_noHate_zs_opt_kategori,train,"Menurutmu, apakah teks berikut: Kalau lihat Ahok itu kayak lihat power rangers merah, termasuk dalam kategori ujaran kebencian atau tidak?
- iya
- tidak",tidak
6623,id_hatespeech,id_hatespeech_nusantara_text,fd489c1d-f519-4d6f-9de4-9a9ed872720a,hate_or_noHate_zs_opt_kategori,train,"Menurutmu, apakah teks berikut: Kesimpulan. Ahok spt biasa fokus detail ke program. Anies terlalu fokus menjatuhkan lawan #MataNajwaDebatJakarta, termasuk dalam kategori ujaran kebencian atau tidak?
- iya
- tidak",tidak
6624,id_hatespeech,id_hatespeech_nusantara_text,fd489c1d-f519-4d6f-9de4-9a9ed872720a,hate_or_noHate_zs_opt_kategori,train,"Menurutmu, apakah teks berikut: pertunjukan yang sangat membuat saya serius dan gak mau diganggu, selamat untuk pak @aniesbaswedan buat gagasan nya #MataNajwaDebatJakarta, termasuk dalam kategori ujaran kebencian atau tidak?
- iya
- tidak",tidak
6625,id_hatespeech,id_hatespeech_nusantara_text,fd489c1d-f519-4d6f-9de4-9a9ed872720a,hate_or_noHate_zs_opt_kategori,train,"Menurutmu, apakah teks berikut: Jangan berpihak...melayani rakyat dengan sepenuh hati..Tuhan yang memberi kekuasaan.. Tuhan yang mengambil..-ahok#MataNajwaDebatJakarta, termasuk dalam kategori ujaran kebencian atau tidak?
- iya
- tidak",tidak
6626,id_hatespeech,id_hatespeech_nusantara_text,fd489c1d-f519-4d6f-9de4-9a9ed872720a,hate_or_noHate_zs_opt_kategori,train,"Menurutmu, apakah teks berikut: Pak Ahok jangan blunder dong Pak..dari tadi udah bagus. Pertanyaannya komitmen menerima hasil kontestasi. #MataNajwaDebatJakarta, termasuk dalam kategori ujaran kebencian atau tidak?
- iya
- tidak",tidak
6627,id_hatespeech,id_hatespeech_nusantara_text,fd489c1d-f519-4d6f-9de4-9a9ed872720a,hate_or_noHate_zs_opt_kategori,train,"Menurutmu, apakah teks berikut: jangan ada keberpihakan dalam badan hukum karena itu akan merusak demokrasi #important #MataNajwaDebatJakarta, termasuk dalam kategori ujaran kebencian atau tidak?
- iya
- tidak",tidak
6628,id_hatespeech,id_hatespeech_nusantara_text,fd489c1d-f519-4d6f-9de4-9a9ed872720a,hate_or_noHate_zs_opt_kategori,train,"Menurutmu, apakah teks berikut: Jika lo bisa menceritakan kembali kalimat2 yg dilontarkan Anies di @MataNajwa dgn bahasa lo sendiri, lo luar biasa. #MataNajwaDebatJakarta, termasuk dalam kategori ujaran kebencian atau tidak?
- iya
- tidak",tidak
6629,id_hatespeech,id_hatespeech_nusantara_text,fd489c1d-f519-4d6f-9de4-9a9ed872720a,hate_or_noHate_zs_opt_kategori,train,"Menurutmu, apakah teks berikut: Kenapa debat @MataNajwa ini, Ahok makin keliatan diatas angin ya. Kliatan dia sangat menguasai problem solusi tata kelola Jakarta., termasuk dalam kategori ujaran kebencian atau tidak?
- iya
- tidak",tidak
6630,id_hatespeech,id_hatespeech_nusantara_text,fd489c1d-f519-4d6f-9de4-9a9ed872720a,hate_or_noHate_zs_opt_kategori,train,"Menurutmu, apakah teks berikut: Kiranya Jakarta semakin baik. Selamat berjuang buat Pak Ahok dan Pak Anies ! #MataNajwaDebatJakarta, termasuk dalam kategori ujaran kebencian atau tidak?
- iya
- tidak",tidak
6631,id_hatespeech,id_hatespeech_nusantara_text,fd489c1d-f519-4d6f-9de4-9a9ed872720a,hate_or_noHate_zs_opt_kategori,train,"Menurutmu, apakah teks berikut: Masihkah Ahoker debat soal program? Jlebb.. KO kena uppercut Anies soal KJP. Pergubnya blm di rubah.. @roemahdjoeang @NetizenTofa @cepot234, termasuk dalam kategori ujaran kebencian atau tidak?
- iya
- tidak",tidak
6632,id_hatespeech,id_hatespeech_nusantara_text,fd489c1d-f519-4d6f-9de4-9a9ed872720a,hate_or_noHate_zs_opt_kategori,train,"Menurutmu, apakah teks berikut: RT @alysap_: Semua penganut agama harus dapet hak yang sama - Ahok #MataNajwaDebatJakarta, termasuk dalam kategori ujaran kebencian atau tidak?
- iya
- tidak",tidak
6633,id_hatespeech,id_hatespeech_nusantara_text,fd489c1d-f519-4d6f-9de4-9a9ed872720a,hate_or_noHate_zs_opt_kategori,train,"Menurutmu, apakah teks berikut: Aku heran kenapa ilklan kampanye #AhokDjarot yg terbaru itu begitu, ini aku loh yang bingung bkn akuang,asiang, atau aming #IklanAhokJahat, termasuk dalam kategori ujaran kebencian atau tidak?
- iya
- tidak",tidak
6634,id_hatespeech,id_hatespeech_nusantara_text,fd489c1d-f519-4d6f-9de4-9a9ed872720a,hate_or_noHate_zs_opt_kategori,train,"Menurutmu, apakah teks berikut: Abis nyoblos streaming video perkembangan Pilkada 2017 pake #SisaKuotaGakHangus dari @IM3Ooredoo kuota ga habis deh, termasuk dalam kategori ujaran kebencian atau tidak?
- iya
- tidak",tidak
6635,id_hatespeech,id_hatespeech_nusantara_text,fd489c1d-f519-4d6f-9de4-9a9ed872720a,hate_or_noHate_zs_opt_kategori,train,"Menurutmu, apakah teks berikut: muslim sedang diuji di negara yg mayoritas Islam..semoga kita smua bisa bersabar dan menahan utk tidak berbicara kasar sbg balasan, termasuk dalam kategori ujaran kebencian atau tidak?
- iya
- tidak",tidak
6636,id_hatespeech,id_hatespeech_nusantara_text,fd489c1d-f519-4d6f-9de4-9a9ed872720a,hate_or_noHate_zs_opt_kategori,train,"Menurutmu, apakah teks berikut: Kiranya Jakarta semakin baik. Selamat berjuang buat Pak Ahok dan Pak Anies ! #MataNajwaDebatJakarta, termasuk dalam kategori ujaran kebencian atau tidak?
- iya
- tidak",tidak
6637,id_hatespeech,id_hatespeech_nusantara_text,fd489c1d-f519-4d6f-9de4-9a9ed872720a,hate_or_noHate_zs_opt_kategori,train,"Menurutmu, apakah teks berikut: RT @grcllafrn: Pak Anies, inget, apa yg kau tabur itu yang akan kau tuai nanti... jadi takut sendiri :"") #MataNajwaDebatJakarta, termasuk dalam kategori ujaran kebencian atau tidak?
- iya
- tidak",tidak
6638,id_hatespeech,id_hatespeech_nusantara_text,fd489c1d-f519-4d6f-9de4-9a9ed872720a,hate_or_noHate_zs_opt_kategori,train,"Menurutmu, apakah teks berikut: RT @kompascom: Bagaimana metode penarikan sampel hitung cepat yg dilakukan Litbang Kompas dlm Pilkada DKI Jakarta 2017? Simak disini, termasuk dalam kategori ujaran kebencian atau tidak?
- iya
- tidak",tidak
6639,id_hatespeech,id_hatespeech_nusantara_text,fd489c1d-f519-4d6f-9de4-9a9ed872720a,hate_or_noHate_zs_opt_kategori,train,"Menurutmu, apakah teks berikut: mnding diem aja pak @basuki_btp semua pergerakanmu pasti disalahkan, klo wktunya menang ntar jga menang.... #IklanAhokJahat, termasuk dalam kategori ujaran kebencian atau tidak?
- iya
- tidak",tidak
6640,id_hatespeech,id_hatespeech_nusantara_text,fd489c1d-f519-4d6f-9de4-9a9ed872720a,hate_or_noHate_zs_opt_kategori,train,"Menurutmu, apakah teks berikut: RT @netmediatama: Perbincangan menarik di Quick Count Pilkada 2017 bersama @irakoesno. #NETPilkada https:\/\/t.co\/odbVw4uWMr, termasuk dalam kategori ujaran kebencian atau tidak?
- iya
- tidak",tidak
6641,id_hatespeech,id_hatespeech_nusantara_text,fd489c1d-f519-4d6f-9de4-9a9ed872720a,hate_or_noHate_zs_opt_kategori,train,"Menurutmu, apakah teks berikut: Bersyukur menutup kampanye hari ini dengan berdoa agar PILKADA DKI Jakarta pada 15 Februari 2017 berjalan dengan lancar, termasuk dalam kategori ujaran kebencian atau tidak?
- iya
- tidak",tidak
6642,id_hatespeech,id_hatespeech_nusantara_text,fd489c1d-f519-4d6f-9de4-9a9ed872720a,hate_or_noHate_zs_opt_kategori,train,"Menurutmu, apakah teks berikut: Julia Perez Kecewa Gagal Nyoblos Pilkada DKI 2017 di TPS 15 RSCM https:\/\/t.co\/vajPLioiek, termasuk dalam kategori ujaran kebencian atau tidak?
- iya
- tidak",tidak
6643,id_hatespeech,id_hatespeech_nusantara_text,fd489c1d-f519-4d6f-9de4-9a9ed872720a,hate_or_noHate_zs_opt_kategori,train,"Menurutmu, apakah teks berikut: Disediakan Ambulans untuk Pasien Mencoblos pada Pilkada DKI 2017, termasuk dalam kategori ujaran kebencian atau tidak?
- iya
- tidak",tidak
6644,id_hatespeech,id_hatespeech_nusantara_text,fd489c1d-f519-4d6f-9de4-9a9ed872720a,hate_or_noHate_zs_opt_kategori,train,"Menurutmu, apakah teks berikut: RT @miekarinayam: Saya bertanya apakah saya memang tak boleh ikut Pilkada 2017? Apakah saya kehilangan hak saya yg dijamin konstitusi?, termasuk dalam kategori ujaran kebencian atau tidak?
- iya
- tidak",tidak
6645,id_hatespeech,id_hatespeech_nusantara_text,fd489c1d-f519-4d6f-9de4-9a9ed872720a,hate_or_noHate_zs_opt_kategori,train,"Menurutmu, apakah teks berikut: Ya Allah! Anis dan Sandi bakal jadi Gubernur DKI Jakarta terpilih di tahun ini, termasuk dalam kategori ujaran kebencian atau tidak?
- iya
- tidak",tidak
6646,id_hatespeech,id_hatespeech_nusantara_text,fd489c1d-f519-4d6f-9de4-9a9ed872720a,hate_or_noHate_zs_opt_kategori,train,"Menurutmu, apakah teks berikut: Domisili gue di Jakpus bela-belain ke TPS yg berlokasi di Jakbar dgn bermodal e-KTP buat ikutan Pilkada 2017., termasuk dalam kategori ujaran kebencian atau tidak?
- iya
- tidak",tidak
6647,id_hatespeech,id_hatespeech_nusantara_text,fd489c1d-f519-4d6f-9de4-9a9ed872720a,hate_or_noHate_zs_opt_kategori,train,"Menurutmu, apakah teks berikut: RT @netmediatama: Presiden @jokowi menggunakan hak suaranya untuk Pilkada DKI Jakarta 2017 di TPS 4 Gambir Jakarta Pusat. #NETPilkada, termasuk dalam kategori ujaran kebencian atau tidak?
- iya
- tidak",tidak
6648,id_hatespeech,id_hatespeech_nusantara_text,fd489c1d-f519-4d6f-9de4-9a9ed872720a,hate_or_noHate_zs_opt_kategori,train,"Menurutmu, apakah teks berikut: RT @boelatboelat: agree pak @basuki_btp kekuasaan itu Tuhan yang kasih, walau dijatuhkan, Tuhan akan menaikkan :) #MataNajwaDebatJakarta, termasuk dalam kategori ujaran kebencian atau tidak?
- iya
- tidak",tidak
6649,id_hatespeech,id_hatespeech_nusantara_text,fd489c1d-f519-4d6f-9de4-9a9ed872720a,hate_or_noHate_zs_opt_kategori,train,"Menurutmu, apakah teks berikut: RT @AzzamBarbarossa: Akibat Nila Setitik Rusak Susu Sebelangga, Akibat Mulut Oknum Tak terdidik Rusak Juga Persatuan Bangsa. #IklanAhokJahat, termasuk dalam kategori ujaran kebencian atau tidak?
- iya
- tidak",tidak
6650,id_hatespeech,id_hatespeech_nusantara_text,fd489c1d-f519-4d6f-9de4-9a9ed872720a,hate_or_noHate_zs_opt_kategori,train,"Menurutmu, apakah teks berikut: Mudah-mudahan Novel baswedan tidak alami kebutaan pada matanya. Kalau sampai buta, saya siap mendonorkan mata saya untuk dia., termasuk dalam kategori ujaran kebencian atau tidak?
- iya
- tidak",tidak
6651,id_hatespeech,id_hatespeech_nusantara_text,fd489c1d-f519-4d6f-9de4-9a9ed872720a,hate_or_noHate_zs_opt_kategori,train,"Menurutmu, apakah teks berikut: Mengapa mereka melakukan ini, apakah bisa merubah keadaan bagi para pemilih nanti ? #IklanAhokJahat, termasuk dalam kategori ujaran kebencian atau tidak?
- iya
- tidak",tidak
6652,id_hatespeech,id_hatespeech_nusantara_text,fd489c1d-f519-4d6f-9de4-9a9ed872720a,hate_or_noHate_zs_opt_kategori,train,"Menurutmu, apakah teks berikut: RT @hariadhi: Siapa yg salah? Ahok? Iklannya? Bukan.. yang perlu diprotes adalah orang yg benar2 pake spanduk itu #IklanAhokJahat https://t, termasuk dalam kategori ujaran kebencian atau tidak?
- iya
- tidak",tidak
6653,id_hatespeech,id_hatespeech_nusantara_text,fd489c1d-f519-4d6f-9de4-9a9ed872720a,hate_or_noHate_zs_opt_kategori,train,"Menurutmu, apakah teks berikut: Sampe sekarang gue blm ngerti dp rumah 0% itu gmn skemanya. Trs emg ada ya perbankan yg mau ngasih kredit rumah gak pakai dp? #debatfinalpilkadadki, termasuk dalam kategori ujaran kebencian atau tidak?
- iya
- tidak",tidak
6654,id_hatespeech,id_hatespeech_nusantara_text,fd489c1d-f519-4d6f-9de4-9a9ed872720a,hate_or_noHate_zs_opt_kategori,train,"Menurutmu, apakah teks berikut: #debatfinalpilkadadki Bagi Anies gubernur adalah pemimpin, bukan administratur / pelayan masyarkt. Padahal melayani mencerminkan integritas., termasuk dalam kategori ujaran kebencian atau tidak?
- iya
- tidak",tidak
6655,id_hatespeech,id_hatespeech_nusantara_text,fd489c1d-f519-4d6f-9de4-9a9ed872720a,hate_or_noHate_zs_opt_kategori,train,"Menurutmu, apakah teks berikut: Kalimat Penutup Anies Ambisius, Ahok Minta Maaf, Karakter Tidak Bisa Bohong. #DebatPilkadaDKI #DebatFinalPilkadaDKI, termasuk dalam kategori ujaran kebencian atau tidak?
- iya
- tidak",tidak
6656,id_hatespeech,id_hatespeech_nusantara_text,fd489c1d-f519-4d6f-9de4-9a9ed872720a,hate_or_noHate_zs_opt_kategori,train,"Menurutmu, apakah teks berikut: pertunjukan yang sangat membuat saya serius dan gak mau diganggu, selamat untuk pak @aniesbaswedan buat gagasan nya #MataNajwaDebatJakarta, termasuk dalam kategori ujaran kebencian atau tidak?
- iya
- tidak",tidak
6657,id_hatespeech,id_hatespeech_nusantara_text,fd489c1d-f519-4d6f-9de4-9a9ed872720a,hate_or_noHate_zs_opt_kategori,train,"Menurutmu, apakah teks berikut: RT @BelaQuran: Kami tdk akan terprovokasi dgn sentimen dan jualan SARA mu itu, karena kami cinta Indonesia #IklanAhokJahat, termasuk dalam kategori ujaran kebencian atau tidak?
- iya
- tidak",tidak
6658,id_hatespeech,id_hatespeech_nusantara_text,fd489c1d-f519-4d6f-9de4-9a9ed872720a,hate_or_noHate_zs_opt_kategori,train,"Menurutmu, apakah teks berikut: Semakin umat di suguhkan #IklanAhokJahat maka akan semakin terlihat siapa yang menebar kebencian terhadap kerukunan antar umat beragama, termasuk dalam kategori ujaran kebencian atau tidak?
- iya
- tidak",tidak
6659,id_hatespeech,id_hatespeech_nusantara_text,fd489c1d-f519-4d6f-9de4-9a9ed872720a,hate_or_noHate_zs_opt_kategori,train,"Menurutmu, apakah teks berikut: Hampir semua polling Anies - Sandi yang menang. Semoga hari H nya juga demikian. #AniesSandi, termasuk dalam kategori ujaran kebencian atau tidak?
- iya
- tidak",tidak
6660,id_hatespeech,id_hatespeech_nusantara_text,fd489c1d-f519-4d6f-9de4-9a9ed872720a,hate_or_noHate_zs_opt_kategori,train,"Menurutmu, apakah teks berikut: RT @anjisudirman: @fahiraidris Yg iklankan kampanye ahox adalah yg sama sebarin spanduk syariah dan brosur black campaign. #IklanAhokJahat, termasuk dalam kategori ujaran kebencian atau tidak?
- iya
- tidak",tidak
6661,id_hatespeech,id_hatespeech_nusantara_text,fd489c1d-f519-4d6f-9de4-9a9ed872720a,hate_or_noHate_zs_opt_kategori,train,"Menurutmu, apakah teks berikut: Oke Oce akan menjadi brand dimana, semuanya menjadi OKe Oce, bahkan nanti ada kampung Oke Oce #debatfinalpilkadadki, termasuk dalam kategori ujaran kebencian atau tidak?
- iya
- tidak",tidak
6662,id_hatespeech,id_hatespeech_nusantara_text,fd489c1d-f519-4d6f-9de4-9a9ed872720a,hate_or_noHate_zs_opt_kategori,train,"Menurutmu, apakah teks berikut: RT @BelaQuran: Sungguh sgt mengherankan, mengkampanyekan kebhinekaan tp dengan menyebarkan Islamophobia, kebhinekaan yg mana yg dimaksud?, termasuk dalam kategori ujaran kebencian atau tidak?
- iya
- tidak",tidak
6663,id_hatespeech,id_hatespeech_nusantara_text,fd489c1d-f519-4d6f-9de4-9a9ed872720a,hate_or_noHate_zs_opt_kategori,train,"Menurutmu, apakah teks berikut: Debat Final Pilkada DKI Jakarta, Siapa yang Gagap, dan Siapa yang Tepat Menjawab - Adjat Sudradjat, termasuk dalam kategori ujaran kebencian atau tidak?
- iya
- tidak",tidak
6664,id_hatespeech,id_hatespeech_nusantara_text,fd489c1d-f519-4d6f-9de4-9a9ed872720a,hate_or_noHate_zs_opt_kategori,train,"Menurutmu, apakah teks berikut: Jika persoalan pemimpin hanya dikaitkan dengan lisan, maka apa bedanya gubernur dengan anak-anak? #MataNajwaDebatJakarta, termasuk dalam kategori ujaran kebencian atau tidak?
- iya
- tidak",tidak
6665,id_hatespeech,id_hatespeech_nusantara_text,fd489c1d-f519-4d6f-9de4-9a9ed872720a,hate_or_noHate_zs_opt_kategori,train,"Menurutmu, apakah teks berikut: Cerita Djarot ini diharapkan membuat para pendukung tetap berdamai. #debatfinalpilkadadki #temanahok #AniesSandi, termasuk dalam kategori ujaran kebencian atau tidak?
- iya
- tidak",tidak
6666,id_hatespeech,id_hatespeech_nusantara_text,fd489c1d-f519-4d6f-9de4-9a9ed872720a,hate_or_noHate_zs_opt_kategori,train,"Menurutmu, apakah teks berikut: Cuman mau bilang sama yang serius banget ngetweet pakai hastag #IklanAhokJahat ""Gitu aja baper""., termasuk dalam kategori ujaran kebencian atau tidak?
- iya
- tidak",tidak
6667,id_hatespeech,id_hatespeech_nusantara_text,fd489c1d-f519-4d6f-9de4-9a9ed872720a,hate_or_noHate_zs_opt_kategori,train,"Menurutmu, apakah teks berikut: Ira Koesno Didekati Anies-Sandi Lalu Marahi Pendukung Paslon Saat Debat Pilkada DKI, termasuk dalam kategori ujaran kebencian atau tidak?
- iya
- tidak",tidak
6668,id_hatespeech,id_hatespeech_nusantara_text,fd489c1d-f519-4d6f-9de4-9a9ed872720a,hate_or_noHate_zs_opt_kategori,train,"Menurutmu, apakah teks berikut: Alhamdulillah ya Allah SWT Semoga jakarta punya gubernur baru yg lebih bersahaja, bersahabat utk semuanya #AniesSandi, termasuk dalam kategori ujaran kebencian atau tidak?
- iya
- tidak",tidak
6669,id_hatespeech,id_hatespeech_nusantara_text,fd489c1d-f519-4d6f-9de4-9a9ed872720a,hate_or_noHate_zs_opt_kategori,train,"Menurutmu, apakah teks berikut: Jelang larut semalam. Diskusi dengan aktifis Golkar tingkat kelurahan. Siap bergabung dalam pemenangan #AniesSandi, termasuk dalam kategori ujaran kebencian atau tidak?
- iya
- tidak",tidak
6670,id_hatespeech,id_hatespeech_nusantara_text,fd489c1d-f519-4d6f-9de4-9a9ed872720a,hate_or_noHate_zs_opt_kategori,train,"Menurutmu, apakah teks berikut: RT @alayyubichoir: Sosok Anies Sandi harus diakui sgt mengayomi. Sangat kompeten utk membangun kerukukan & kebhinekaan di Jakarta, termasuk dalam kategori ujaran kebencian atau tidak?
- iya
- tidak",tidak
6671,id_hatespeech,id_hatespeech_nusantara_text,fd489c1d-f519-4d6f-9de4-9a9ed872720a,hate_or_noHate_zs_opt_kategori,train,"Menurutmu, apakah teks berikut: RT @nielchen99: Ngomong manis memang gampang giliran kerja bingung #MataNajwaDebatJakarta, termasuk dalam kategori ujaran kebencian atau tidak?
- iya
- tidak",tidak
6672,id_hatespeech,id_hatespeech_nusantara_text,fd489c1d-f519-4d6f-9de4-9a9ed872720a,hate_or_noHate_zs_opt_kategori,train,"Menurutmu, apakah teks berikut: 19 April adalah saat yang penting bagi warga Jakarta untuk menentukan masa depan Ibukota, termasuk dalam kategori ujaran kebencian atau tidak?
- iya
- tidak",tidak
6673,id_hatespeech,id_hatespeech_nusantara_text,fd489c1d-f519-4d6f-9de4-9a9ed872720a,hate_or_noHate_zs_opt_kategori,train,"Menurutmu, apakah teks berikut: RT @maharanisinta70: terimakasih Pak Anies pemaparantentang DP 0 ,memberi solusi bagi warga jakarta yang ingin punya rumah dan tidak nyewa terus., termasuk dalam kategori ujaran kebencian atau tidak?
- iya
- tidak",tidak
6674,id_hatespeech,id_hatespeech_nusantara_text,fd489c1d-f519-4d6f-9de4-9a9ed872720a,hate_or_noHate_zs_opt_kategori,train,"Menurutmu, apakah teks berikut: Yang aku perhatikan, Tim Mas @aniesbaswedan sibuk ngoceh tentang @basuki_btp dan programnya. Kenapa gak ngurus diri sendiri?, termasuk dalam kategori ujaran kebencian atau tidak?
- iya
- tidak",tidak
6675,id_hatespeech,id_hatespeech_nusantara_text,fd489c1d-f519-4d6f-9de4-9a9ed872720a,hate_or_noHate_zs_opt_kategori,train,"Menurutmu, apakah teks berikut: kalo pilih gubernur yg jujur, kerja nyata,anti korupsi,tegas,pinter,mlyani rakyat iklas & peduli pilih ahok djarot,.., termasuk dalam kategori ujaran kebencian atau tidak?
- iya
- tidak",tidak
6676,id_hatespeech,id_hatespeech_nusantara_text,fd489c1d-f519-4d6f-9de4-9a9ed872720a,hate_or_noHate_zs_opt_kategori,train,"Menurutmu, apakah teks berikut: RT @anies_sandi: Bisa merangkul dan menegakkan hukum. Kepemimpinan itu hadir dengan memberikan contoh & perbuatan - @aniesbaswedan, termasuk dalam kategori ujaran kebencian atau tidak?
- iya
- tidak",tidak
6677,id_hatespeech,id_hatespeech_nusantara_text,fd489c1d-f519-4d6f-9de4-9a9ed872720a,hate_or_noHate_zs_opt_kategori,train,"Menurutmu, apakah teks berikut: Hasil kerja Ahok Djarot sungai di Jakarta kembali normal, bersih dan enak dipandang, termasuk dalam kategori ujaran kebencian atau tidak?
- iya
- tidak",tidak
6678,id_hatespeech,id_hatespeech_nusantara_text,fd489c1d-f519-4d6f-9de4-9a9ed872720a,hate_or_noHate_zs_opt_kategori,train,"Menurutmu, apakah teks berikut: Ahok & Anies sama baiknya kok, sama bagusnya, sama okenya. Siapa yg kepilih yg menang tetap rakyat jakarta, termasuk dalam kategori ujaran kebencian atau tidak?
- iya
- tidak",tidak
6679,id_hatespeech,id_hatespeech_nusantara_text,fd489c1d-f519-4d6f-9de4-9a9ed872720a,hate_or_noHate_zs_opt_kategori,train,"Menurutmu, apakah teks berikut: Semoga pak basuki bisa jadi presiden,agar Indonesia lebih maju., termasuk dalam kategori ujaran kebencian atau tidak?
- iya
- tidak",tidak
6680,id_hatespeech,id_hatespeech_nusantara_text,fd489c1d-f519-4d6f-9de4-9a9ed872720a,hate_or_noHate_zs_opt_kategori,train,"Menurutmu, apakah teks berikut: Allah SWT tdk butuh anda. Tapi Anda yang butuh Allah,Rezeki, hidup matimu. Allah yg tentukan. Mau khianati Allah? yakin gak nyesel? #SidangAhok, termasuk dalam kategori ujaran kebencian atau tidak?
- iya
- tidak",tidak
6681,id_hatespeech,id_hatespeech_nusantara_text,fd489c1d-f519-4d6f-9de4-9a9ed872720a,hate_or_noHate_zs_opt_kategori,train,"Menurutmu, apakah teks berikut: #SidangAhok dilanjutkan dengan rekaman yang memuat kampanye Ahok di DPP Nasdem dan juga Pulau Seribu. | @adrieedu https://t.co/8P5P4DUcFG, termasuk dalam kategori ujaran kebencian atau tidak?
- iya
- tidak",tidak
6682,id_hatespeech,id_hatespeech_nusantara_text,fd489c1d-f519-4d6f-9de4-9a9ed872720a,hate_or_noHate_zs_opt_kategori,train,"Menurutmu, apakah teks berikut: RT @JanurOmank2626: Ahok harus bebas demi hukum demi keadilan demi kelanjutan perbaikan DKI. Semoga hakim mmpunyai sense of justice, termasuk dalam kategori ujaran kebencian atau tidak?
- iya
- tidak",tidak
6683,id_hatespeech,id_hatespeech_nusantara_text,fd489c1d-f519-4d6f-9de4-9a9ed872720a,hate_or_noHate_zs_opt_kategori,train,"Menurutmu, apakah teks berikut: Pembangkit Listrik Tenaga Panas Bumi Terbesar Dunia.. #CitiPeka #SidangAhok #Tebak2anHajiDjarot https://t.co/KtXdXZsh8H, termasuk dalam kategori ujaran kebencian atau tidak?
- iya
- tidak",tidak
6684,id_hatespeech,id_hatespeech_nusantara_text,fd489c1d-f519-4d6f-9de4-9a9ed872720a,hate_or_noHate_zs_opt_kategori,train,"Menurutmu, apakah teks berikut: RT @findririn: Dan toleransi itu, ketika muslim bisa menjalankan perintah agamanya, dan non muslim juga bisa menjalankan agamanya., termasuk dalam kategori ujaran kebencian atau tidak?
- iya
- tidak",tidak
6685,id_hatespeech,id_hatespeech_nusantara_text,fd489c1d-f519-4d6f-9de4-9a9ed872720a,hate_or_noHate_zs_opt_kategori,train,"Menurutmu, apakah teks berikut: RT @findririn: Walaupun artinya teman setia, seharusnya lebih dihindari kalau jd pemimpin, termasuk dalam kategori ujaran kebencian atau tidak?
- iya
- tidak",tidak
6686,id_hatespeech,id_hatespeech_nusantara_text,fd489c1d-f519-4d6f-9de4-9a9ed872720a,hate_or_noHate_zs_opt_kategori,train,"Menurutmu, apakah teks berikut: Semua kejujuran akan mendapatkan pahala dr surga #FreeAhok, termasuk dalam kategori ujaran kebencian atau tidak?
- iya
- tidak",tidak
6687,id_hatespeech,id_hatespeech_nusantara_text,fd489c1d-f519-4d6f-9de4-9a9ed872720a,hate_or_noHate_zs_opt_kategori,train,"Menurutmu, apakah teks berikut: Seharusnya mah basuki sudah bebas ya kan? #FreeAhok https://t.co/Mw3k0vYweF, termasuk dalam kategori ujaran kebencian atau tidak?
- iya
- tidak",tidak
6688,id_hatespeech,id_hatespeech_nusantara_text,fd489c1d-f519-4d6f-9de4-9a9ed872720a,hate_or_noHate_zs_opt_kategori,train,"Menurutmu, apakah teks berikut: RT @RuridaJihandari: Itu sidang apa drama korea sampe 20kali, lagi menunggu sidang ahok season 2 nih... Kayaknya goblin mah kalah pamornya, termasuk dalam kategori ujaran kebencian atau tidak?
- iya
- tidak",tidak
6689,id_hatespeech,id_hatespeech_nusantara_text,fd489c1d-f519-4d6f-9de4-9a9ed872720a,hate_or_noHate_zs_opt_kategori,train,"Menurutmu, apakah teks berikut: Menurut Anda, Transportasi Online manakah dikatakan ""tarif murah, aman & nyaman"" melayani ???, termasuk dalam kategori ujaran kebencian atau tidak?
- iya
- tidak",tidak
6690,id_hatespeech,id_hatespeech_nusantara_text,fd489c1d-f519-4d6f-9de4-9a9ed872720a,hate_or_noHate_zs_opt_kategori,train,"Menurutmu, apakah teks berikut: Nelayan Jakarta Sudah Disiapin Pulau Khusus oleh Pemda DKI #LunchBreak #SidangAhok, termasuk dalam kategori ujaran kebencian atau tidak?
- iya
- tidak",tidak
6691,id_hatespeech,id_hatespeech_nusantara_text,fd489c1d-f519-4d6f-9de4-9a9ed872720a,hate_or_noHate_zs_opt_kategori,train,"Menurutmu, apakah teks berikut: Adakah Potensi Radikalisme di Pilgub DKI Jakarta? #LunchBreak #SidangAhok, termasuk dalam kategori ujaran kebencian atau tidak?
- iya
- tidak",tidak
6692,id_hatespeech,id_hatespeech_nusantara_text,fd489c1d-f519-4d6f-9de4-9a9ed872720a,hate_or_noHate_zs_opt_kategori,train,"Menurutmu, apakah teks berikut: RT @NovenStjK: Siaran ulang #AhokDjarotDiRosi malam ini, saksikan yuk di @KompasTV #AhokDjarot #Temanahok, termasuk dalam kategori ujaran kebencian atau tidak?
- iya
- tidak",tidak
6693,id_hatespeech,id_hatespeech_nusantara_text,fd489c1d-f519-4d6f-9de4-9a9ed872720a,hate_or_noHate_zs_opt_kategori,train,"Menurutmu, apakah teks berikut: cuma org"" yg salah saja yg takut dgn doa itu,anda salah?? kenapa takut??? bertobatlah sebelum doa itu dinyatakan,, termasuk dalam kategori ujaran kebencian atau tidak?
- iya
- tidak",tidak
6694,id_hatespeech,id_hatespeech_nusantara_text,fd489c1d-f519-4d6f-9de4-9a9ed872720a,hate_or_noHate_zs_opt_kategori,train,"Menurutmu, apakah teks berikut: Selamat Pagi met aktifitas happy weekend Semoga kita jadi orang jujur biar hidup slalu mujur Aamiin #FreeAhok, termasuk dalam kategori ujaran kebencian atau tidak?
- iya
- tidak",tidak
6695,id_hatespeech,id_hatespeech_nusantara_text,fd489c1d-f519-4d6f-9de4-9a9ed872720a,hate_or_noHate_zs_opt_kategori,train,"Menurutmu, apakah teks berikut: Ahok dituntut 1 tahun penjara. Kemungkinan akan divonis bebas. Masalahnya, warga DKI terlanjur kehilangan pemimpin terbaik. #FreeAhok, termasuk dalam kategori ujaran kebencian atau tidak?
- iya
- tidak",tidak
6696,id_hatespeech,id_hatespeech_nusantara_text,fd489c1d-f519-4d6f-9de4-9a9ed872720a,hate_or_noHate_zs_opt_kategori,train,"Menurutmu, apakah teks berikut: Alhamdulillah tuntutan jaksa hanya 1 tahun masa percobaan 2 tahun yg artinya sbnrnya jaksa mengakui kalo Ahok itu tak bersalah #FreeAhok, termasuk dalam kategori ujaran kebencian atau tidak?
- iya
- tidak",tidak
6697,id_hatespeech,id_hatespeech_nusantara_text,fd489c1d-f519-4d6f-9de4-9a9ed872720a,hate_or_noHate_zs_opt_kategori,train,"Menurutmu, apakah teks berikut: Kalah atau menang #tetapahok. Terimakasih krn banyak ngasih pelajaran bagaimana kerja keras utk rakyat dgn bersih., termasuk dalam kategori ujaran kebencian atau tidak?
- iya
- tidak",tidak
6698,id_hatespeech,id_hatespeech_nusantara_text,fd489c1d-f519-4d6f-9de4-9a9ed872720a,hate_or_noHate_zs_opt_kategori,train,"Menurutmu, apakah teks berikut: Pilkada Serentak, Megawati Hanya Minta Jangan ada Intimidasi dan Politik Uang https:\/\/t.co\/zHhvJ4qrrY, termasuk dalam kategori ujaran kebencian atau tidak?
- iya
- tidak",tidak
6699,id_hatespeech,id_hatespeech_nusantara_text,fd489c1d-f519-4d6f-9de4-9a9ed872720a,hate_or_noHate_zs_opt_kategori,train,"Menurutmu, apakah teks berikut: #thw911 Saat Anies-Sandiaga Minta Doa Ustaz untuk Debat Pilkada https:\/\/t.co\/2odlrYteU1, termasuk dalam kategori ujaran kebencian atau tidak?
- iya
- tidak",tidak
6700,id_hatespeech,id_hatespeech_nusantara_text,fd489c1d-f519-4d6f-9de4-9a9ed872720a,hate_or_noHate_zs_opt_kategori,train,"Menurutmu, apakah teks berikut: Jangan pernah lelah mengabdi untuk Indonesia Pak @basuki_btp. #TetapAhok!, termasuk dalam kategori ujaran kebencian atau tidak?
- iya
- tidak",tidak
6701,id_hatespeech,id_hatespeech_nusantara_text,fd489c1d-f519-4d6f-9de4-9a9ed872720a,hate_or_noHate_zs_opt_kategori,train,"Menurutmu, apakah teks berikut: @LaitsSaja Jika Menang, Anies Siap Rangkul Paslon Lain Jika menang dalam kontestasi Pilkada https:\/\/t.co\/KG40YTelWX, termasuk dalam kategori ujaran kebencian atau tidak?
- iya
- tidak",tidak
6702,id_hatespeech,id_hatespeech_nusantara_text,fd489c1d-f519-4d6f-9de4-9a9ed872720a,hate_or_noHate_zs_opt_kategori,train,"Menurutmu, apakah teks berikut: @LaitsSaja TNI-Polri Bersinergi Jaga Keamanan Jelang Pilkada DKI TNI dan Polri terus bersin https:\/\/t.co\/HP77I9lffG, termasuk dalam kategori ujaran kebencian atau tidak?
- iya
- tidak",tidak
6703,id_hatespeech,id_hatespeech_nusantara_text,fd489c1d-f519-4d6f-9de4-9a9ed872720a,hate_or_noHate_zs_opt_kategori,train,"Menurutmu, apakah teks berikut: @novie_wednes72r Bismillah Inshaa ALLAH Agus Sylvi menang Pilkada DKI 1putaran dan jadi pemimpin yg amanah dan mencintai rakyat jakarta., termasuk dalam kategori ujaran kebencian atau tidak?
- iya
- tidak",tidak
6704,id_hatespeech,id_hatespeech_nusantara_text,fd489c1d-f519-4d6f-9de4-9a9ed872720a,hate_or_noHate_zs_opt_kategori,train,"Menurutmu, apakah teks berikut: Trima kasih pak uda bikin jakarta lebih baik selama bapak menjabat...., termasuk dalam kategori ujaran kebencian atau tidak?
- iya
- tidak",tidak
6705,id_hatespeech,id_hatespeech_nusantara_text,fd489c1d-f519-4d6f-9de4-9a9ed872720a,hate_or_noHate_zs_opt_kategori,train,"Menurutmu, apakah teks berikut: @nu_online sikap yang jelas dan tegas demi ketertiban dan keamanan ibu kota negara menjelang pilkada dki jakarta, termasuk dalam kategori ujaran kebencian atau tidak?
- iya
- tidak",tidak
6706,id_hatespeech,id_hatespeech_nusantara_text,fd489c1d-f519-4d6f-9de4-9a9ed872720a,hate_or_noHate_zs_opt_kategori,train,"Menurutmu, apakah teks berikut: Rencana Tuhan lebih baik dari rencana manusia. Mungkin Ahok bs bekerja kebih baik di posisi lain, termasuk dalam kategori ujaran kebencian atau tidak?
- iya
- tidak",tidak
6707,id_hatespeech,id_hatespeech_nusantara_text,fd489c1d-f519-4d6f-9de4-9a9ed872720a,hate_or_noHate_zs_opt_kategori,train,"Menurutmu, apakah teks berikut: walau kalah tp aku tetap merasa terhormat mendukung BADJA #TerimakasihAhok, termasuk dalam kategori ujaran kebencian atau tidak?
- iya
- tidak",tidak
6708,id_hatespeech,id_hatespeech_nusantara_text,fd489c1d-f519-4d6f-9de4-9a9ed872720a,hate_or_noHate_zs_opt_kategori,train,"Menurutmu, apakah teks berikut: Basuki TP Ahok Wawancara informal dengan wartawan Balaikota: https:\/\/t.co\/g7iB5H5RUL, termasuk dalam kategori ujaran kebencian atau tidak?
- iya
- tidak",tidak
6709,id_hatespeech,id_hatespeech_nusantara_text,fd489c1d-f519-4d6f-9de4-9a9ed872720a,hate_or_noHate_zs_opt_kategori,train,"Menurutmu, apakah teks berikut: Terimakasih Pak Ahok @basuki_btp #tetapahok karena kita memang siap kalah, dan selamat buat Gubernur baru, termasuk dalam kategori ujaran kebencian atau tidak?
- iya
- tidak",tidak
6710,id_hatespeech,id_hatespeech_nusantara_text,fd489c1d-f519-4d6f-9de4-9a9ed872720a,hate_or_noHate_zs_opt_kategori,train,"Menurutmu, apakah teks berikut: LUCU !! Yuk Melihat AHOK Promosikan Musik Dangdut Kepada Tamu Mancanegara, termasuk dalam kategori ujaran kebencian atau tidak?
- iya
- tidak",tidak
6711,id_hatespeech,id_hatespeech_nusantara_text,fd489c1d-f519-4d6f-9de4-9a9ed872720a,hate_or_noHate_zs_opt_kategori,train,"Menurutmu, apakah teks berikut: Minggu Tenang Pilkada, Ahok Fokus Kerja di Balai Kota: Peresmian-peresmian RPTRA CSR ditunda., termasuk dalam kategori ujaran kebencian atau tidak?
- iya
- tidak",tidak
6712,id_hatespeech,id_hatespeech_nusantara_text,fd489c1d-f519-4d6f-9de4-9a9ed872720a,hate_or_noHate_zs_opt_kategori,train,"Menurutmu, apakah teks berikut: MANTAB !! AHOK dan Pemprov DKI Jakarta Terjunkan Alat Berat Untuk Keruk Sampah di Waduk Pluit, termasuk dalam kategori ujaran kebencian atau tidak?
- iya
- tidak",tidak
6713,id_hatespeech,id_hatespeech_nusantara_text,fd489c1d-f519-4d6f-9de4-9a9ed872720a,hate_or_noHate_zs_opt_kategori,train,"Menurutmu, apakah teks berikut: Pagi Ini Polrestro Bekasi Gelar Pasukan Pilkada https:\/\/t.co\/ypRv5nNjSb, termasuk dalam kategori ujaran kebencian atau tidak?
- iya
- tidak",tidak
6714,id_hatespeech,id_hatespeech_nusantara_text,fd489c1d-f519-4d6f-9de4-9a9ed872720a,hate_or_noHate_zs_opt_kategori,train,"Menurutmu, apakah teks berikut: Pak @basuki_btp saya hanya bantu menyampaikan. Sbg orang2 di sekitar Pak Ahok bisa menyampaikan ke beliau. @kurawa. #BlusukanAhok #Gue2, termasuk dalam kategori ujaran kebencian atau tidak?
- iya
- tidak",tidak
6715,id_hatespeech,id_hatespeech_nusantara_text,fd489c1d-f519-4d6f-9de4-9a9ed872720a,hate_or_noHate_zs_opt_kategori,train,"Menurutmu, apakah teks berikut: pak ahok kalau anda jadi gubernur jangan lupa anda harus bangun provinsi Jambi buat lahan petani semua, dan jln kreta api jambi, riau, lampung, termasuk dalam kategori ujaran kebencian atau tidak?
- iya
- tidak",tidak
6716,id_hatespeech,id_hatespeech_nusantara_text,fd489c1d-f519-4d6f-9de4-9a9ed872720a,hate_or_noHate_zs_opt_kategori,train,"Menurutmu, apakah teks berikut: Partai Nasdem Optimis Menang di Pilkada Serentak 2017 https:\/\/t.co\/EOAzcxai94, termasuk dalam kategori ujaran kebencian atau tidak?
- iya
- tidak",tidak
6717,id_hatespeech,id_hatespeech_nusantara_text,fd489c1d-f519-4d6f-9de4-9a9ed872720a,hate_or_noHate_zs_opt_kategori,train,"Menurutmu, apakah teks berikut: biar kalah, tetap bangga. Sabar n iklas menerima nya. Masih bnyak jabatan lain untuk pak ahok. #TetapAhok, termasuk dalam kategori ujaran kebencian atau tidak?
- iya
- tidak",tidak
6718,id_hatespeech,id_hatespeech_nusantara_text,fd489c1d-f519-4d6f-9de4-9a9ed872720a,hate_or_noHate_zs_opt_kategori,train,"Menurutmu, apakah teks berikut: Sabar n iklas ya pak. Apa pun hasil nya. Kita tetap dukung. Di mna pun/jabatn apa pun yg bpk emban nanti. #TetapAhok, termasuk dalam kategori ujaran kebencian atau tidak?
- iya
- tidak",tidak
6719,id_hatespeech,id_hatespeech_nusantara_text,fd489c1d-f519-4d6f-9de4-9a9ed872720a,hate_or_noHate_zs_opt_kategori,train,"Menurutmu, apakah teks berikut: Wlaupun kita tak kenal,saya yakini slama ini kamu tlah bkerja kras tuk sebuah nilai yg diperjuangkan., termasuk dalam kategori ujaran kebencian atau tidak?
- iya
- tidak",tidak
6720,id_hatespeech,id_hatespeech_nusantara_text,fd489c1d-f519-4d6f-9de4-9a9ed872720a,hate_or_noHate_zs_opt_kategori,train,"Menurutmu, apakah teks berikut: RT @ahokdijegal: Kita mgk bs mendukung dia dlm hal kejujuran dan niat baik utk melayani warga, tapi gantiin dia dlm hal pekerjaan, termasuk dalam kategori ujaran kebencian atau tidak?
- iya
- tidak",tidak
6721,id_hatespeech,id_hatespeech_nusantara_text,fd489c1d-f519-4d6f-9de4-9a9ed872720a,hate_or_noHate_zs_opt_kategori,train,"Menurutmu, apakah teks berikut: Puluhan Personel Brimob Nunukan Diberangkatkan, Amankan Pilkada di Dua Provinsi, termasuk dalam kategori ujaran kebencian atau tidak?
- iya
- tidak",tidak
6722,id_hatespeech,id_hatespeech_nusantara_text,fd489c1d-f519-4d6f-9de4-9a9ed872720a,hate_or_noHate_zs_opt_kategori,train,"Menurutmu, apakah teks berikut: @basuki_btp sing sabar pak.. Simpen energi bapak untuk bagian lain Indonesia... Gusti Allah mboten sare pak..., termasuk dalam kategori ujaran kebencian atau tidak?
- iya
- tidak",tidak
6723,id_hatespeech,id_hatespeech_nusantara_text,fd489c1d-f519-4d6f-9de4-9a9ed872720a,hate_or_noHate_zs_opt_kategori,train,"Menurutmu, apakah teks berikut: Karena saya memilih dengan sehat maka saya kompensasikan dengan sarapan pagi yang, uhm, secara umum gak sehat. IMPAS, termasuk dalam kategori ujaran kebencian atau tidak?
- iya
- tidak",tidak
6724,id_hatespeech,id_hatespeech_nusantara_text,fd489c1d-f519-4d6f-9de4-9a9ed872720a,hate_or_noHate_zs_opt_kategori,train,"Menurutmu, apakah teks berikut: RT @Aktualco: Mahfud MD Heran, UU Pemda Sangat Jelas Tapi Mendagri Keukeuh Pertahankan Ahok, termasuk dalam kategori ujaran kebencian atau tidak?
- iya
- tidak",tidak
6725,id_hatespeech,id_hatespeech_nusantara_text,fd489c1d-f519-4d6f-9de4-9a9ed872720a,hate_or_noHate_zs_opt_kategori,train,"Menurutmu, apakah teks berikut: RT @AlissaWahid: Tuips, Ibu Sinta Nuriyah tidak pernah mengeluarkan pernyataan terkait pilkada DKI, termasuk dalam kategori ujaran kebencian atau tidak?
- iya
- tidak",tidak
6726,id_hatespeech,id_hatespeech_nusantara_text,fd489c1d-f519-4d6f-9de4-9a9ed872720a,hate_or_noHate_zs_opt_kategori,train,"Menurutmu, apakah teks berikut: RT @AmaliaAmelCute2: Lebih tambah jatuh hati deh jadinya Tak bisa berpaling ke pilihan yg lain Tetap ke pak ahok -Djarotlah yg terbaik, termasuk dalam kategori ujaran kebencian atau tidak?
- iya
- tidak",tidak
6727,id_hatespeech,id_hatespeech_nusantara_text,fd489c1d-f519-4d6f-9de4-9a9ed872720a,hate_or_noHate_zs_opt_kategori,train,"Menurutmu, apakah teks berikut: RT @AnakBaranusa: Yoi... Yang Jelas Pemenagnya itu hanya satu pasang calon, buka dua apa lagi tiga. 1, 2 dan 3 memiliki Peluang yg sama, termasuk dalam kategori ujaran kebencian atau tidak?
- iya
- tidak",tidak
6728,id_hatespeech,id_hatespeech_nusantara_text,fd489c1d-f519-4d6f-9de4-9a9ed872720a,hate_or_noHate_zs_opt_kategori,train,"Menurutmu, apakah teks berikut: RT @AT_AbdillahToha: Aksi 112 tampaknya akan diubah jadi zikir pilkada. Sejauh yg saya tahu, zikir adalah ibadah dekatkan diri ke Allah., termasuk dalam kategori ujaran kebencian atau tidak?
- iya
- tidak",tidak
6729,id_hatespeech,id_hatespeech_nusantara_text,fd489c1d-f519-4d6f-9de4-9a9ed872720a,hate_or_noHate_zs_opt_kategori,train,"Menurutmu, apakah teks berikut: RT @blogdokter: Janganlah karena pilkada dan kepentingan politik sesaat, persahabatan dan persaudaraan kita terputus | Kita adalah saudara., termasuk dalam kategori ujaran kebencian atau tidak?
- iya
- tidak",tidak
6730,id_hatespeech,id_hatespeech_nusantara_text,fd489c1d-f519-4d6f-9de4-9a9ed872720a,hate_or_noHate_zs_opt_kategori,train,"Menurutmu, apakah teks berikut: RT @Brani2000: Pilkada di Beltim di kampung sendiri ahok hanya 33% suara. Di Babel kalah telak. Pilkada di DKI? paling cuma 3% suara, termasuk dalam kategori ujaran kebencian atau tidak?
- iya
- tidak",tidak
6731,id_hatespeech,id_hatespeech_nusantara_text,fd489c1d-f519-4d6f-9de4-9a9ed872720a,hate_or_noHate_zs_opt_kategori,train,"Menurutmu, apakah teks berikut: RT @digembok: Ya allah... Beneran... Pak ahok akhirnya samperin si emak..., termasuk dalam kategori ujaran kebencian atau tidak?
- iya
- tidak",tidak
6732,id_hatespeech,id_hatespeech_nusantara_text,fd489c1d-f519-4d6f-9de4-9a9ed872720a,hate_or_noHate_zs_opt_kategori,train,"Menurutmu, apakah teks berikut: Terimakasih Pak @basukibtp untuk 5 tahunnya, 3 tahun sbg wakil gubernur & 2 tahun sbg gubernur!, termasuk dalam kategori ujaran kebencian atau tidak?
- iya
- tidak",tidak
6733,id_hatespeech,id_hatespeech_nusantara_text,fd489c1d-f519-4d6f-9de4-9a9ed872720a,hate_or_noHate_zs_opt_kategori,train,"Menurutmu, apakah teks berikut: RT @eliya_mkom: kesimpulannya tuips, mari kita menangkan Agus Sylvi SATU Putaran, gak perlu pakai 2 putaran segala, cuma habiskan waktu, termasuk dalam kategori ujaran kebencian atau tidak?
- iya
- tidak",tidak
6734,id_hatespeech,id_hatespeech_nusantara_text,fd489c1d-f519-4d6f-9de4-9a9ed872720a,hate_or_noHate_zs_opt_kategori,train,"Menurutmu, apakah teks berikut: Dan selamat atas kemenangannya untuk bapak Anies & Sandi. Semoga Jakarta bisa bersatu lagi, termasuk dalam kategori ujaran kebencian atau tidak?
- iya
- tidak",tidak
6735,id_hatespeech,id_hatespeech_nusantara_text,fd489c1d-f519-4d6f-9de4-9a9ed872720a,hate_or_noHate_zs_opt_kategori,train,"Menurutmu, apakah teks berikut: Bangga masih memiliki putra bangsa seperti pak Basuki dan pak Jarot., termasuk dalam kategori ujaran kebencian atau tidak?
- iya
- tidak",tidak
6736,id_hatespeech,id_hatespeech_nusantara_text,fd489c1d-f519-4d6f-9de4-9a9ed872720a,hate_or_noHate_zs_opt_kategori,train,"Menurutmu, apakah teks berikut: Temen-temen, apapun pilihannya, masih ada kehidupan setelah pilkada. Mari saling merangkul & saatnya Jakarta maju dan bahagia bersama., termasuk dalam kategori ujaran kebencian atau tidak?
- iya
- tidak",tidak
6737,id_hatespeech,id_hatespeech_nusantara_text,fd489c1d-f519-4d6f-9de4-9a9ed872720a,hate_or_noHate_zs_opt_kategori,train,"Menurutmu, apakah teks berikut: Selamat atas status barunya pak #Aniessandi, semangat ya pak, semoga semua sesuai dengan janjinya, termasuk dalam kategori ujaran kebencian atau tidak?
- iya
- tidak",tidak
6738,id_hatespeech,id_hatespeech_nusantara_text,fd489c1d-f519-4d6f-9de4-9a9ed872720a,hate_or_noHate_zs_opt_kategori,train,"Menurutmu, apakah teks berikut: Pak ahok @basukibtp tetep semangat yaaa, saya akan selalu menghargai kerja keras bapak dan saya ucapkan selamat atas kemenangan paslon nomor 3 yaitu #AniesSandi!, termasuk dalam kategori ujaran kebencian atau tidak?
- iya
- tidak",tidak
6739,id_hatespeech,id_hatespeech_nusantara_text,fd489c1d-f519-4d6f-9de4-9a9ed872720a,hate_or_noHate_zs_opt_kategori,train,"Menurutmu, apakah teks berikut: Terima kasih pak ahok pak djarot kami bangga perna di pimpin sama bapak berdua...tetap semangat...sukses terus pak, termasuk dalam kategori ujaran kebencian atau tidak?
- iya
- tidak",tidak
6740,id_hatespeech,id_hatespeech_nusantara_text,fd489c1d-f519-4d6f-9de4-9a9ed872720a,hate_or_noHate_zs_opt_kategori,train,"Menurutmu, apakah teks berikut: Terima kasih Pak Ahok-Djarot telah bersama kami beberapa tahun ini, termasuk dalam kategori ujaran kebencian atau tidak?
- iya
- tidak",tidak
6741,id_hatespeech,id_hatespeech_nusantara_text,fd489c1d-f519-4d6f-9de4-9a9ed872720a,hate_or_noHate_zs_opt_kategori,train,"Menurutmu, apakah teks berikut: RT @FerpuAdvocates: Sumarsono: Gaya Pak Ahok yg Kerja Keras Patut Dicontoh dan itu Bagus!!!, termasuk dalam kategori ujaran kebencian atau tidak?
- iya
- tidak",tidak
6742,id_hatespeech,id_hatespeech_nusantara_text,fd489c1d-f519-4d6f-9de4-9a9ed872720a,hate_or_noHate_zs_opt_kategori,train,"Menurutmu, apakah teks berikut: RT @Franstone888: Klo semua mau jujur dan pake hati nurani, Ahok adlh yg terbaik buat Jakarta. Gubernur yg jujur dan benar2 perhatian pd warga, termasuk dalam kategori ujaran kebencian atau tidak?
- iya
- tidak",tidak
6743,id_hatespeech,id_hatespeech_nusantara_text,fd489c1d-f519-4d6f-9de4-9a9ed872720a,hate_or_noHate_zs_opt_kategori,train,"Menurutmu, apakah teks berikut: Pak Ahok the best aku salut sama pak orang nya sabar dengan cobaan dari tuhan Pak Ahok is the best, termasuk dalam kategori ujaran kebencian atau tidak?
- iya
- tidak",tidak
6744,id_hatespeech,id_hatespeech_nusantara_text,fd489c1d-f519-4d6f-9de4-9a9ed872720a,hate_or_noHate_zs_opt_kategori,train,"Menurutmu, apakah teks berikut: RT @hariadhi: Makasih Pak Ahok, sudah ajarkan kami makna peduli sama rakyat. Andai di masa depan saya dpt kesempatan, termasuk dalam kategori ujaran kebencian atau tidak?
- iya
- tidak",tidak
6745,id_hatespeech,id_hatespeech_nusantara_text,fd489c1d-f519-4d6f-9de4-9a9ed872720a,hate_or_noHate_zs_opt_kategori,train,"Menurutmu, apakah teks berikut: RT @IpungLombok: Hadeuuuh.. Kenapa jadi gaduh gini Pilkada DKI ya... Padahal Pilkada serentak 2015 lalu aman aman saja?, termasuk dalam kategori ujaran kebencian atau tidak?
- iya
- tidak",tidak
6746,id_hatespeech,id_hatespeech_nusantara_text,fd489c1d-f519-4d6f-9de4-9a9ed872720a,hate_or_noHate_zs_opt_kategori,train,"Menurutmu, apakah teks berikut: RT @MbakNevi: Masyarakat Transportasi Jakarta dukung Ahok-Djarot, https:\/\/t.co\/7fdwk8XvCB, termasuk dalam kategori ujaran kebencian atau tidak?
- iya
- tidak",tidak
6747,id_hatespeech,id_hatespeech_nusantara_text,fd489c1d-f519-4d6f-9de4-9a9ed872720a,hate_or_noHate_zs_opt_kategori,train,"Menurutmu, apakah teks berikut: Saya sudah tidak tertarik melihat Debat Pilkada DKI, namun ada yang menarik. Salah satu Cagub sering mengepalkan tangan pada saat menjelas, termasuk dalam kategori ujaran kebencian atau tidak?
- iya
- tidak",tidak
6748,id_hatespeech,id_hatespeech_nusantara_text,fd489c1d-f519-4d6f-9de4-9a9ed872720a,hate_or_noHate_zs_opt_kategori,train,"Menurutmu, apakah teks berikut: Semangat terus. Maju terus di dalam TUHAN. God Bless you more and forever bpk ahok dan family, termasuk dalam kategori ujaran kebencian atau tidak?
- iya
- tidak",tidak
6749,id_hatespeech,id_hatespeech_nusantara_text,fd489c1d-f519-4d6f-9de4-9a9ed872720a,hate_or_noHate_zs_opt_kategori,train,"Menurutmu, apakah teks berikut: Selamat bertugas pak Anis, semoga Jakarta menjadi lebih baik lagi!, termasuk dalam kategori ujaran kebencian atau tidak?
- iya
- tidak",tidak
6750,id_hatespeech,id_hatespeech_nusantara_text,fd489c1d-f519-4d6f-9de4-9a9ed872720a,hate_or_noHate_zs_opt_kategori,train,"Menurutmu, apakah teks berikut: @aniesbaswedan @sandiuno selamat ya pak, kami tunggu program terealisasi. Jangan kecewakan Jakarta, termasuk dalam kategori ujaran kebencian atau tidak?
- iya
- tidak",tidak
6751,id_hatespeech,id_hatespeech_nusantara_text,fd489c1d-f519-4d6f-9de4-9a9ed872720a,hate_or_noHate_zs_opt_kategori,train,"Menurutmu, apakah teks berikut: Saya selalu mendoakan yg terbaik untk bapak dan bapak juga mendapatkan banyak ucapan dari saudara di gaza palestina, termasuk dalam kategori ujaran kebencian atau tidak?
- iya
- tidak",tidak
6752,id_hatespeech,id_hatespeech_nusantara_text,fd489c1d-f519-4d6f-9de4-9a9ed872720a,hate_or_noHate_zs_opt_kategori,train,"Menurutmu, apakah teks berikut: Selamat untk bpk @aniesbaswedan & @sandiagauno atas kemenangannya. Semoga allah memberkahi disetiap langkah yg bapak ambil aminnn salam3jari, termasuk dalam kategori ujaran kebencian atau tidak?
- iya
- tidak",tidak
6753,id_hatespeech,id_hatespeech_nusantara_text,fd489c1d-f519-4d6f-9de4-9a9ed872720a,hate_or_noHate_zs_opt_kategori,train,"Menurutmu, apakah teks berikut: RT @netmediatama: Mereka telah siap berikan yang terbaik di ajang debat terbuka!, termasuk dalam kategori ujaran kebencian atau tidak?
- iya
- tidak",tidak
6754,id_hatespeech,id_hatespeech_nusantara_text,fd489c1d-f519-4d6f-9de4-9a9ed872720a,hate_or_noHate_zs_opt_kategori,train,"Menurutmu, apakah teks berikut: Pak anies dan pak @sandiuno selamat ya sudah terpilih jd gubernur dan wagub Jakarta., termasuk dalam kategori ujaran kebencian atau tidak?
- iya
- tidak",tidak
6755,id_hatespeech,id_hatespeech_nusantara_text,fd489c1d-f519-4d6f-9de4-9a9ed872720a,hate_or_noHate_zs_opt_kategori,train,"Menurutmu, apakah teks berikut: RT @PartaiSocmed: Kejahatan perbankan yg di spin oleh tim AHY untuk kepentingan pilkada, termasuk dalam kategori ujaran kebencian atau tidak?
- iya
- tidak",tidak
6756,id_hatespeech,id_hatespeech_nusantara_text,fd489c1d-f519-4d6f-9de4-9a9ed872720a,hate_or_noHate_zs_opt_kategori,train,"Menurutmu, apakah teks berikut: RT @swamediumcom: Agus-Sylvi Diprediksi Maju di Putaran Kedua Pilkada DKI versi Survey GRP, termasuk dalam kategori ujaran kebencian atau tidak?
- iya
- tidak",tidak
6757,id_hatespeech,id_hatespeech_nusantara_text,fd489c1d-f519-4d6f-9de4-9a9ed872720a,hate_or_noHate_zs_opt_kategori,train,"Menurutmu, apakah teks berikut: RT @temanAhok: Alhamdulillah sambutan antusias warga di tiap blusukan pak Ahok selalu real. Ngga ada settingan., termasuk dalam kategori ujaran kebencian atau tidak?
- iya
- tidak",tidak
6758,id_hatespeech,id_hatespeech_nusantara_text,fd489c1d-f519-4d6f-9de4-9a9ed872720a,hate_or_noHate_zs_opt_kategori,train,"Menurutmu, apakah teks berikut: Sampai detik ini pak ahok masih harapan terbesar saya #prayforjakarta, termasuk dalam kategori ujaran kebencian atau tidak?
- iya
- tidak",tidak
6759,id_hatespeech,id_hatespeech_nusantara_text,fd489c1d-f519-4d6f-9de4-9a9ed872720a,hate_or_noHate_zs_opt_kategori,train,"Menurutmu, apakah teks berikut: Tuhan punya rencana yg indah buat Pak Ahok dan Pak Djarot, termasuk dalam kategori ujaran kebencian atau tidak?
- iya
- tidak",tidak
6760,id_hatespeech,id_hatespeech_nusantara_text,fd489c1d-f519-4d6f-9de4-9a9ed872720a,hate_or_noHate_zs_opt_kategori,train,"Menurutmu, apakah teks berikut: Selamat dan terima kasih banyak untuk pak Ahok dan pak Djarot yg sudah menunjukan bahwa negara ini masih punya orang2 baik, termasuk dalam kategori ujaran kebencian atau tidak?
- iya
- tidak",tidak
6761,id_hatespeech,id_hatespeech_nusantara_text,fd489c1d-f519-4d6f-9de4-9a9ed872720a,hate_or_noHate_zs_opt_kategori,train,"Menurutmu, apakah teks berikut: Terima kasih pak atas segala kebaikan untuk jakarta yang sudah kalian tancapkan di hati warga jakarta, termasuk dalam kategori ujaran kebencian atau tidak?
- iya
- tidak",tidak
6762,id_hatespeech,id_hatespeech_nusantara_text,fd489c1d-f519-4d6f-9de4-9a9ed872720a,hate_or_noHate_zs_opt_kategori,train,"Menurutmu, apakah teks berikut: Pasti bapak anies sandi kemungkinan besar menang, termasuk dalam kategori ujaran kebencian atau tidak?
- iya
- tidak",tidak
6763,id_hatespeech,id_hatespeech_nusantara_text,fd489c1d-f519-4d6f-9de4-9a9ed872720a,hate_or_noHate_zs_opt_kategori,train,"Menurutmu, apakah teks berikut: Terima kasih. Kepada pendukung kami, percayalah... Tuhan tahu yang terbaik. #JakartaPunyaSemua, termasuk dalam kategori ujaran kebencian atau tidak?
- iya
- tidak",tidak
6764,id_hatespeech,id_hatespeech_nusantara_text,fd489c1d-f519-4d6f-9de4-9a9ed872720a,hate_or_noHate_zs_opt_kategori,train,"Menurutmu, apakah teks berikut: Gubernur dan wakil gubernur terbaik yang pernah jakarta miliki., termasuk dalam kategori ujaran kebencian atau tidak?
- iya
- tidak",tidak
6765,id_hatespeech,id_hatespeech_nusantara_text,fd489c1d-f519-4d6f-9de4-9a9ed872720a,hate_or_noHate_zs_opt_kategori,train,"Menurutmu, apakah teks berikut: RT @triwul82: Jelang Akhir Masa Tugas, Plt Gubernur DKI Akui Kinerja Ahok https:\/\/t.co\/04ihgI5cwZ, termasuk dalam kategori ujaran kebencian atau tidak?
- iya
- tidak",tidak
6766,id_hatespeech,id_hatespeech_nusantara_text,fd489c1d-f519-4d6f-9de4-9a9ed872720a,hate_or_noHate_zs_opt_kategori,train,"Menurutmu, apakah teks berikut: RT @Wolfcrime: Pendukung yang Telah Dibaiat tapi Tak Pilih Agus-Sylvi Akan Terima Risikonya, termasuk dalam kategori ujaran kebencian atau tidak?
- iya
- tidak",tidak
6767,id_hatespeech,id_hatespeech_nusantara_text,fd489c1d-f519-4d6f-9de4-9a9ed872720a,hate_or_noHate_zs_opt_kategori,train,"Menurutmu, apakah teks berikut: Mutiara tetap mutiara Pak Ahok Djarot. Tuhan pny rencana yg lebih dahsyat utk Bapak ber2 utk Indonesia. Maju terus., termasuk dalam kategori ujaran kebencian atau tidak?
- iya
- tidak",tidak
6768,id_hatespeech,id_hatespeech_nusantara_text,fd489c1d-f519-4d6f-9de4-9a9ed872720a,hate_or_noHate_zs_opt_kategori,train,"Menurutmu, apakah teks berikut: Tuhan percayakan hal yang lebih Besar lagi kepada Pak Ahok selain hanya menjadi Gubernur Dki jakarta., termasuk dalam kategori ujaran kebencian atau tidak?
- iya
- tidak",tidak
6769,id_hatespeech,id_hatespeech_nusantara_text,fd489c1d-f519-4d6f-9de4-9a9ed872720a,hate_or_noHate_zs_opt_kategori,train,"Menurutmu, apakah teks berikut: I LOVE YOU PAK AHOK.AKU HANYA BISA BERDOA SEMOGA TUHAN MEMBERKATI. SALAM 2 JARI UNTUK PA AHOK I LOVE YOU, termasuk dalam kategori ujaran kebencian atau tidak?
- iya
- tidak",tidak
6770,id_hatespeech,id_hatespeech_nusantara_text,fd489c1d-f519-4d6f-9de4-9a9ed872720a,hate_or_noHate_zs_opt_kategori,train,"Menurutmu, apakah teks berikut: Survei Terbaru: Anies-Sandi Melejit Jauh Tinggalkan Ahok-Djarot https:\/\/t.co\/2IHhuzPsbF, termasuk dalam kategori ujaran kebencian atau tidak?
- iya
- tidak",tidak
6771,id_hatespeech,id_hatespeech_nusantara_text,fd489c1d-f519-4d6f-9de4-9a9ed872720a,hate_or_noHate_zs_opt_kategori,train,"Menurutmu, apakah teks berikut: Aku akui pak ahok itu tangguh sekali dan apa adanya, termasuk dalam kategori ujaran kebencian atau tidak?
- iya
- tidak",tidak
6772,id_hatespeech,id_hatespeech_nusantara_text,fd489c1d-f519-4d6f-9de4-9a9ed872720a,hate_or_noHate_zs_opt_kategori,train,"Menurutmu, apakah teks berikut: saya selalu mendukung dan berdoa untukmu ahokdjarot terimakasih, termasuk dalam kategori ujaran kebencian atau tidak?
- iya
- tidak",tidak
6773,id_hatespeech,id_hatespeech_nusantara_text,fd489c1d-f519-4d6f-9de4-9a9ed872720a,hate_or_noHate_zs_opt_kategori,train,"Menurutmu, apakah teks berikut: Meski Badj tak lagi menjadi pelayan rakyat...kami selalu berdoa terbaik buat Badja. Kami bangga pernah memiliki kalian., termasuk dalam kategori ujaran kebencian atau tidak?
- iya
- tidak",tidak
6774,id_hatespeech,id_hatespeech_nusantara_text,fd489c1d-f519-4d6f-9de4-9a9ed872720a,hate_or_noHate_zs_opt_kategori,train,"Menurutmu, apakah teks berikut: Mudah2han pak ahok jadi nomor satu di Indonesia, termasuk dalam kategori ujaran kebencian atau tidak?
- iya
- tidak",tidak
6775,id_hatespeech,id_hatespeech_nusantara_text,fd489c1d-f519-4d6f-9de4-9a9ed872720a,hate_or_noHate_zs_opt_kategori,train,"Menurutmu, apakah teks berikut: TPS Paslon Pilkada DKI Akan Dijaga Ketat, termasuk dalam kategori ujaran kebencian atau tidak?
- iya
- tidak",tidak
6776,id_hatespeech,id_hatespeech_nusantara_text,fd489c1d-f519-4d6f-9de4-9a9ed872720a,hate_or_noHate_zs_opt_kategori,train,"Menurutmu, apakah teks berikut: saya bukan penduduk jakarta. tapi saya kagum pada sosok ahok dan jarot.allah memang punya rencana lain.selamat pada beliau, termasuk dalam kategori ujaran kebencian atau tidak?
- iya
- tidak",tidak
6777,id_hatespeech,id_hatespeech_nusantara_text,fd489c1d-f519-4d6f-9de4-9a9ed872720a,hate_or_noHate_zs_opt_kategori,train,"Menurutmu, apakah teks berikut: Pak anies tolong bongkar lagi masjid yg di bangun pak ahok di daan mogot, termasuk dalam kategori ujaran kebencian atau tidak?
- iya
- tidak",tidak
6778,id_hatespeech,id_hatespeech_nusantara_text,fd489c1d-f519-4d6f-9de4-9a9ed872720a,hate_or_noHate_zs_opt_kategori,train,"Menurutmu, apakah teks berikut: Yang blm pada move on mending bsk piknik aja mumpung long weekend hehehe, termasuk dalam kategori ujaran kebencian atau tidak?
- iya
- tidak",tidak
6779,id_hatespeech,id_hatespeech_nusantara_text,fd489c1d-f519-4d6f-9de4-9a9ed872720a,hate_or_noHate_zs_opt_kategori,train,"Menurutmu, apakah teks berikut: Semoga bapak bisa meneladani sosok bang yos gubernur jakarta yang sangat cinta @persijajkt, termasuk dalam kategori ujaran kebencian atau tidak?
- iya
- tidak",tidak
6780,id_hatespeech,id_hatespeech_nusantara_text,fd489c1d-f519-4d6f-9de4-9a9ed872720a,hate_or_noHate_zs_opt_kategori,train,"Menurutmu, apakah teks berikut: Pemimpin yg baik pemimpin yg mengerti akan jiwa pemuda, lanjutkan pak @aniesbaswedan, termasuk dalam kategori ujaran kebencian atau tidak?
- iya
- tidak",tidak
6781,id_hatespeech,id_hatespeech_nusantara_text,fd489c1d-f519-4d6f-9de4-9a9ed872720a,hate_or_noHate_zs_opt_kategori,train,"Menurutmu, apakah teks berikut: kami disini mendulungmu untuk jakarta yg maju bukan hanya ekonomi nya tapi juga prestasi sepakbola nya, termasuk dalam kategori ujaran kebencian atau tidak?
- iya
- tidak",tidak
6782,id_hatespeech,id_hatespeech_nusantara_text,fd489c1d-f519-4d6f-9de4-9a9ed872720a,hate_or_noHate_zs_opt_kategori,train,"Menurutmu, apakah teks berikut: Negara kita negara BHINEKA TUNGGAL IKA. jadi ga liat pemimpin dengan agama ,ras ,budaya, termasuk dalam kategori ujaran kebencian atau tidak?
- iya
- tidak",tidak
6783,id_hatespeech,id_hatespeech_nusantara_text,fd489c1d-f519-4d6f-9de4-9a9ed872720a,hate_or_noHate_zs_opt_kategori,train,"Menurutmu, apakah teks berikut: pak @aniesbaswedan kami disini mendulungmu untuk jakarta yg maju bukan hanya ekonomi nya tapi juga prestasi sepakbola nya, termasuk dalam kategori ujaran kebencian atau tidak?
- iya
- tidak",tidak
6784,id_hatespeech,id_hatespeech_nusantara_text,fd489c1d-f519-4d6f-9de4-9a9ed872720a,hate_or_noHate_zs_opt_kategori,train,"Menurutmu, apakah teks berikut: Gw yakin suatu saat pasti Pak @basuki_btp akan ada patungnya sebagai tanda jasa entah itu di indo atau di madame tussaud., termasuk dalam kategori ujaran kebencian atau tidak?
- iya
- tidak",tidak
6785,id_hatespeech,id_hatespeech_nusantara_text,fd489c1d-f519-4d6f-9de4-9a9ed872720a,hate_or_noHate_zs_opt_kategori,train,"Menurutmu, apakah teks berikut: Doa itu sebaiknya yg baik2. Karena Tuhan juga baik. Klo doa jelek jahat, akan berbalik ke diri yg mendoakan loh, termasuk dalam kategori ujaran kebencian atau tidak?
- iya
- tidak",tidak
6786,id_hatespeech,id_hatespeech_nusantara_text,fd489c1d-f519-4d6f-9de4-9a9ed872720a,hate_or_noHate_zs_opt_kategori,train,"Menurutmu, apakah teks berikut: #badja Jakarta tidak butuh kalian lagi, tapi Indonesia menunggu untuk pengabdian kalian., termasuk dalam kategori ujaran kebencian atau tidak?
- iya
- tidak",tidak
6787,id_hatespeech,id_hatespeech_nusantara_text,fd489c1d-f519-4d6f-9de4-9a9ed872720a,hate_or_noHate_zs_opt_kategori,train,"Menurutmu, apakah teks berikut: Artikel saya untuk Mas @pandji. Dari reklamasi, penggusuran, DP 0 Rupiah, OKE OCE, hingga ""figur pemersatu""., termasuk dalam kategori ujaran kebencian atau tidak?
- iya
- tidak",tidak
6788,id_hatespeech,id_hatespeech_nusantara_text,fd489c1d-f519-4d6f-9de4-9a9ed872720a,hate_or_noHate_zs_opt_kategori,train,"Menurutmu, apakah teks berikut: #BesokGueAhok Karena Terbukti Dan Teruji Dari Segi Kerjanya,Ahok Untuk DKI Jakarta Lebih Baik Kemudian #TetapAhok, termasuk dalam kategori ujaran kebencian atau tidak?
- iya
- tidak",tidak
6789,id_hatespeech,id_hatespeech_nusantara_text,fd489c1d-f519-4d6f-9de4-9a9ed872720a,hate_or_noHate_zs_opt_kategori,train,"Menurutmu, apakah teks berikut: ga tinggal di Jakarta sih, tp 1 rumah ngotot banget dukung Pak @basuki_btp!, termasuk dalam kategori ujaran kebencian atau tidak?
- iya
- tidak",tidak
6790,id_hatespeech,id_hatespeech_nusantara_text,fd489c1d-f519-4d6f-9de4-9a9ed872720a,hate_or_noHate_zs_opt_kategori,train,"Menurutmu, apakah teks berikut: Semangat Pilkada! Untukmu pilihanmu dan untukku pilihanku #tetapahok, termasuk dalam kategori ujaran kebencian atau tidak?
- iya
- tidak",tidak
6791,id_hatespeech,id_hatespeech_nusantara_text,fd489c1d-f519-4d6f-9de4-9a9ed872720a,hate_or_noHate_zs_opt_kategori,train,"Menurutmu, apakah teks berikut: Tapi perbedaan vital di reklamasi sama perumahan, justru gak bisa berkutik sama sekali., termasuk dalam kategori ujaran kebencian atau tidak?
- iya
- tidak",tidak
6792,id_hatespeech,id_hatespeech_nusantara_text,fd489c1d-f519-4d6f-9de4-9a9ed872720a,hate_or_noHate_zs_opt_kategori,train,"Menurutmu, apakah teks berikut: Sabar dulu jgn tergesa2 nagih, beliau belum dilantik baru bulan Oktober nanti., termasuk dalam kategori ujaran kebencian atau tidak?
- iya
- tidak",tidak
6793,id_hatespeech,id_hatespeech_nusantara_text,fd489c1d-f519-4d6f-9de4-9a9ed872720a,hate_or_noHate_zs_opt_kategori,train,"Menurutmu, apakah teks berikut: Pak @aniesbaswedan knpa ngga mampir dulu ke tempat saya. Orangtua saya ngefans bgt, termasuk dalam kategori ujaran kebencian atau tidak?
- iya
- tidak",tidak
6794,id_hatespeech,id_hatespeech_nusantara_text,fd489c1d-f519-4d6f-9de4-9a9ed872720a,hate_or_noHate_zs_opt_kategori,train,"Menurutmu, apakah teks berikut: Semoga @persijajkt lebih maju dengan adanya gubernur era baru., termasuk dalam kategori ujaran kebencian atau tidak?
- iya
- tidak",tidak
6795,id_hatespeech,id_hatespeech_nusantara_text,fd489c1d-f519-4d6f-9de4-9a9ed872720a,hate_or_noHate_zs_opt_kategori,train,"Menurutmu, apakah teks berikut: Tetap di masyarakat jakarta dan selalu membuat jakarta lebih baik.Dan hasilnya pun sudah terbukti, termasuk dalam kategori ujaran kebencian atau tidak?
- iya
- tidak",tidak
6796,id_hatespeech,id_hatespeech_nusantara_text,fd489c1d-f519-4d6f-9de4-9a9ed872720a,hate_or_noHate_zs_opt_kategori,train,"Menurutmu, apakah teks berikut: saya sebagai masyarakat jakarta salut terhadap kepemimpinan pak ahok., termasuk dalam kategori ujaran kebencian atau tidak?
- iya
- tidak",tidak
6797,id_hatespeech,id_hatespeech_nusantara_text,fd489c1d-f519-4d6f-9de4-9a9ed872720a,hate_or_noHate_zs_opt_kategori,train,"Menurutmu, apakah teks berikut: Semua sayang ahok. Saya berharap ahok bisa jadi presiden selanjutnya bersama pak jokowi., termasuk dalam kategori ujaran kebencian atau tidak?
- iya
- tidak",tidak
6798,id_hatespeech,id_hatespeech_nusantara_text,fd489c1d-f519-4d6f-9de4-9a9ed872720a,hate_or_noHate_zs_opt_kategori,train,"Menurutmu, apakah teks berikut: Bukan lagi milik jakarta lagi ahok tapi milik kita untuk membangun jakarta lebih baik, termasuk dalam kategori ujaran kebencian atau tidak?
- iya
- tidak",tidak
6799,id_hatespeech,id_hatespeech_nusantara_text,fd489c1d-f519-4d6f-9de4-9a9ed872720a,hate_or_noHate_zs_opt_kategori,train,"Menurutmu, apakah teks berikut: Pak Ahok, jadi cagub di Bekasi aja ya pak... Bekasi mau dipimpin orang seperti bapak, biar ada perubahan lebih baik @basukibtp, termasuk dalam kategori ujaran kebencian atau tidak?
- iya
- tidak",tidak
6800,id_hatespeech,id_hatespeech_nusantara_text,fd489c1d-f519-4d6f-9de4-9a9ed872720a,hate_or_noHate_zs_opt_kategori,train,"Menurutmu, apakah teks berikut: Kekalahan Ahok adalah kemunduran peradaban di Indonesia. Selamat datang radikalisme. Akal sehat sudah tidak ada dinegara ini., termasuk dalam kategori ujaran kebencian atau tidak?
- iya
- tidak",tidak
6801,id_hatespeech,id_hatespeech_nusantara_text,fd489c1d-f519-4d6f-9de4-9a9ed872720a,hate_or_noHate_zs_opt_kategori,train,"Menurutmu, apakah teks berikut: Semangat pak ahok , bapak sudah berjuang sekuat tenaga dan sudah berusaha melakukan yang terbaik, terima kasih pak, termasuk dalam kategori ujaran kebencian atau tidak?
- iya
- tidak",tidak
6802,id_hatespeech,id_hatespeech_nusantara_text,fd489c1d-f519-4d6f-9de4-9a9ed872720a,hate_or_noHate_zs_opt_kategori,train,"Menurutmu, apakah teks berikut: Terima Kasih pak sudah mengabdi dijakarta dengan segudang permintaan warga., termasuk dalam kategori ujaran kebencian atau tidak?
- iya
- tidak",tidak
6803,id_hatespeech,id_hatespeech_nusantara_text,fd489c1d-f519-4d6f-9de4-9a9ed872720a,hate_or_noHate_zs_opt_kategori,train,"Menurutmu, apakah teks berikut: Mungkin ada kata kata yang menyakitkan ya pak, tapi semoga itu menjadi semangat untuk bapak kedepannya., termasuk dalam kategori ujaran kebencian atau tidak?
- iya
- tidak",tidak
6804,id_hatespeech,id_hatespeech_nusantara_text,fd489c1d-f519-4d6f-9de4-9a9ed872720a,hate_or_noHate_zs_opt_kategori,train,"Menurutmu, apakah teks berikut: Walaupun bapak tidak menang. Tapi saya menikmati kerja keras bapak selama menjabat. Terima kasih untuk bapak ahok., termasuk dalam kategori ujaran kebencian atau tidak?
- iya
- tidak",tidak
6805,id_hatespeech,id_hatespeech_nusantara_text,fd489c1d-f519-4d6f-9de4-9a9ed872720a,hate_or_noHate_zs_opt_kategori,train,"Menurutmu, apakah teks berikut: miris ya pak ahok...sukses slalu buat my idola pak ahok, termasuk dalam kategori ujaran kebencian atau tidak?
- iya
- tidak",tidak
6806,id_hatespeech,id_hatespeech_nusantara_text,fd489c1d-f519-4d6f-9de4-9a9ed872720a,hate_or_noHate_zs_opt_kategori,train,"Menurutmu, apakah teks berikut: Gue lebih suka Ahok bantuin Jokowi ngurusin Indonesia agar lebih cepet maju, bukan hanya Jakarta., termasuk dalam kategori ujaran kebencian atau tidak?
- iya
- tidak",tidak
6807,id_hatespeech,id_hatespeech_nusantara_text,fd489c1d-f519-4d6f-9de4-9a9ed872720a,hate_or_noHate_zs_opt_kategori,train,"Menurutmu, apakah teks berikut: Pak kok saya pngn peluk bapak sambil bilang "" pak tetap semangat ya, saya selalu mendoakan yg terbaik untuk bapak"", termasuk dalam kategori ujaran kebencian atau tidak?
- iya
- tidak",tidak
6808,id_hatespeech,id_hatespeech_nusantara_text,fd489c1d-f519-4d6f-9de4-9a9ed872720a,hate_or_noHate_zs_opt_kategori,train,"Menurutmu, apakah teks berikut: aya bukan warga jakarta tp saya sering ke jakarta.....saya bangga jakarta pernah di pegang bapak. Jadi rapih pak sekarang....., termasuk dalam kategori ujaran kebencian atau tidak?
- iya
- tidak",tidak
6809,id_hatespeech,id_hatespeech_nusantara_text,fd489c1d-f519-4d6f-9de4-9a9ed872720a,hate_or_noHate_zs_opt_kategori,train,"Menurutmu, apakah teks berikut: Maka seyogyanya pilihanku #TetapAhok karna terlihat pencerahan pd sistem birokrasi., termasuk dalam kategori ujaran kebencian atau tidak?
- iya
- tidak",tidak
6810,id_hatespeech,id_hatespeech_nusantara_text,fd489c1d-f519-4d6f-9de4-9a9ed872720a,hate_or_noHate_zs_opt_kategori,train,"Menurutmu, apakah teks berikut: Pak ahok tetap menjadi gubenur dihatiku ...., termasuk dalam kategori ujaran kebencian atau tidak?
- iya
- tidak",tidak
6811,id_hatespeech,id_hatespeech_nusantara_text,fd489c1d-f519-4d6f-9de4-9a9ed872720a,hate_or_noHate_zs_opt_kategori,train,"Menurutmu, apakah teks berikut: Dari lahir di Jakarta sampe detik ini baru gue liat kali & pintu air Manggarai bersih dari sampah ya pas jaman Jokowi sampe Ahok. #TetapAhok, termasuk dalam kategori ujaran kebencian atau tidak?
- iya
- tidak",tidak
6812,id_hatespeech,id_hatespeech_nusantara_text,fd489c1d-f519-4d6f-9de4-9a9ed872720a,hate_or_noHate_zs_opt_kategori,train,"Menurutmu, apakah teks berikut: Gpp kalah. mungkin belom rejekinya ya pak. Bagi kami bapak tetap pemimpin yang jujur. Tetap berkarya nyata, termasuk dalam kategori ujaran kebencian atau tidak?
- iya
- tidak",tidak
6813,id_hatespeech,id_hatespeech_nusantara_text,fd489c1d-f519-4d6f-9de4-9a9ed872720a,hate_or_noHate_zs_opt_kategori,train,"Menurutmu, apakah teks berikut: Selama 20 tahun tinggal di Jakarta, baru 5 tahun terakhir benar-benar terasa perubahan dan sadar kalau itu akitbat gubernurnya., termasuk dalam kategori ujaran kebencian atau tidak?
- iya
- tidak",tidak
6814,id_hatespeech,id_hatespeech_nusantara_text,fd489c1d-f519-4d6f-9de4-9a9ed872720a,hate_or_noHate_zs_opt_kategori,train,"Menurutmu, apakah teks berikut: Aku cinta Pak Ahok. Terimakasih ya Pak atas jasa-jasa dan kerja nyatanya selama 5 tahun terakhir., termasuk dalam kategori ujaran kebencian atau tidak?
- iya
- tidak",tidak
6815,id_hatespeech,id_hatespeech_nusantara_text,fd489c1d-f519-4d6f-9de4-9a9ed872720a,hate_or_noHate_zs_opt_kategori,train,"Menurutmu, apakah teks berikut: Tetap semangat pak ahok.... terimakasih atas semua yg anda berikan untuk jakarta. sukses selalu buat pak ahok., termasuk dalam kategori ujaran kebencian atau tidak?
- iya
- tidak",tidak
6816,id_hatespeech,id_hatespeech_nusantara_text,fd489c1d-f519-4d6f-9de4-9a9ed872720a,hate_or_noHate_zs_opt_kategori,train,"Menurutmu, apakah teks berikut: Pak ahok kita tetap mendukung apapun yang terjadi, termasuk dalam kategori ujaran kebencian atau tidak?
- iya
- tidak",tidak
6817,id_hatespeech,id_hatespeech_nusantara_text,fd489c1d-f519-4d6f-9de4-9a9ed872720a,hate_or_noHate_zs_opt_kategori,train,"Menurutmu, apakah teks berikut: Terima kasih banyak buat kinerja keras dari Pak Ahok dan team selama memimpin DKI Jakarta. Tetap semangat selalu Pak. God Bless Bapak & Family., termasuk dalam kategori ujaran kebencian atau tidak?
- iya
- tidak",tidak
6818,id_hatespeech,id_hatespeech_nusantara_text,fd489c1d-f519-4d6f-9de4-9a9ed872720a,hate_or_noHate_zs_opt_kategori,train,"Menurutmu, apakah teks berikut: Bapak ahok sosok yang saya banggakan, terimakasih pak sudah merubah jakarta., termasuk dalam kategori ujaran kebencian atau tidak?
- iya
- tidak",tidak
6819,id_hatespeech,id_hatespeech_nusantara_text,fd489c1d-f519-4d6f-9de4-9a9ed872720a,hate_or_noHate_zs_opt_kategori,train,"Menurutmu, apakah teks berikut: semoga pak ahok selalu dlm lindungan tuhan, saya sayang sama pak ahok, pak ahok orang baik., termasuk dalam kategori ujaran kebencian atau tidak?
- iya
- tidak",tidak
6820,id_hatespeech,id_hatespeech_nusantara_text,fd489c1d-f519-4d6f-9de4-9a9ed872720a,hate_or_noHate_zs_opt_kategori,train,"Menurutmu, apakah teks berikut: Terima kasih pak Basuki. Sampai kapan pun sejarah akan mencatat bapak membawa perubahan bagi kami warga jakarta, termasuk dalam kategori ujaran kebencian atau tidak?
- iya
- tidak",tidak
6821,id_hatespeech,id_hatespeech_nusantara_text,fd489c1d-f519-4d6f-9de4-9a9ed872720a,hate_or_noHate_zs_opt_kategori,train,"Menurutmu, apakah teks berikut: Lanjutkan perjuangan Pak, Bapak orang baik pasti ditempatkan di tempat yg lebih baik juga., termasuk dalam kategori ujaran kebencian atau tidak?
- iya
- tidak",tidak
6822,id_hatespeech,id_hatespeech_nusantara_text,fd489c1d-f519-4d6f-9de4-9a9ed872720a,hate_or_noHate_zs_opt_kategori,train,"Menurutmu, apakah teks berikut: Kau lah yang terhebat.. Karna kau lah kami mendapat inspirasi dan pengalaman yang sangat berharga., termasuk dalam kategori ujaran kebencian atau tidak?
- iya
- tidak",tidak
6823,id_hatespeech,id_hatespeech_nusantara_text,fd489c1d-f519-4d6f-9de4-9a9ed872720a,hate_or_noHate_zs_opt_kategori,train,"Menurutmu, apakah teks berikut: Buat Pak Ahok tetap berkarya pak. Masih ada kesempatan lebih baik di 2019, termasuk dalam kategori ujaran kebencian atau tidak?
- iya
- tidak",tidak
6824,id_hatespeech,id_hatespeech_nusantara_text,fd489c1d-f519-4d6f-9de4-9a9ed872720a,hate_or_noHate_zs_opt_kategori,train,"Menurutmu, apakah teks berikut: Pak saya setuju kalo pak jadi gubenur karena kerja pak sangat bagus kerena kerja pak basuki tegas keluarga kami mendukung pak basuki, termasuk dalam kategori ujaran kebencian atau tidak?
- iya
- tidak",tidak
6825,id_hatespeech,id_hatespeech_nusantara_text,fd489c1d-f519-4d6f-9de4-9a9ed872720a,hate_or_noHate_zs_opt_kategori,train,"Menurutmu, apakah teks berikut: Bapak tetap yg terbaik untuk jakarta..terima kasih pak untuk semua yg bapak kerjakan selama ini semoga Allah selalu meridhoi bapak dalam setiap langkah bapak.., termasuk dalam kategori ujaran kebencian atau tidak?
- iya
- tidak",tidak
6826,id_hatespeech,id_hatespeech_nusantara_text,fd489c1d-f519-4d6f-9de4-9a9ed872720a,hate_or_noHate_zs_opt_kategori,train,"Menurutmu, apakah teks berikut: jabatan bukan hal penting yg terpenting bapak tetap orang terhebat di jakarta tentang kerja keras Pak Ahok..sekali lagi terima kasih Pak Ahok, termasuk dalam kategori ujaran kebencian atau tidak?
- iya
- tidak",tidak
6827,id_hatespeech,id_hatespeech_nusantara_text,fd489c1d-f519-4d6f-9de4-9a9ed872720a,hate_or_noHate_zs_opt_kategori,train,"Menurutmu, apakah teks berikut: Pak Ahok....walau saya bukan warga DKI....saya sangat sedih bapak tidak terpilih lg jd Gubenur DKI....., termasuk dalam kategori ujaran kebencian atau tidak?
- iya
- tidak",tidak
6828,id_hatespeech,id_hatespeech_nusantara_text,fd489c1d-f519-4d6f-9de4-9a9ed872720a,hate_or_noHate_zs_opt_kategori,train,"Menurutmu, apakah teks berikut: Hanya bpk lah gubernur satu satunya yg bisa membawa perubahan di Jakarta...semangat pak..., termasuk dalam kategori ujaran kebencian atau tidak?
- iya
- tidak",tidak
6829,id_hatespeech,id_hatespeech_nusantara_text,fd489c1d-f519-4d6f-9de4-9a9ed872720a,hate_or_noHate_zs_opt_kategori,train,"Menurutmu, apakah teks berikut: Pak ahok, saya mempunyai ibu, ibu saya selalu mendoakan pak ahok setiap waktu dan setiap pagi jam 3 ibu saya sebenarnya kecewa dengan hasil pilkada, termasuk dalam kategori ujaran kebencian atau tidak?
- iya
- tidak",tidak
6830,id_hatespeech,id_hatespeech_nusantara_text,fd489c1d-f519-4d6f-9de4-9a9ed872720a,hate_or_noHate_zs_opt_kategori,train,"Menurutmu, apakah teks berikut: tapi kalah menang itu biasa. kekuasaan ada di tangan tuhan, asal bapak ahok tidak menjual iman pak ahok dengan jabatan, termasuk dalam kategori ujaran kebencian atau tidak?
- iya
- tidak",tidak
6831,id_hatespeech,id_hatespeech_nusantara_text,fd489c1d-f519-4d6f-9de4-9a9ed872720a,hate_or_noHate_zs_opt_kategori,train,"Menurutmu, apakah teks berikut: Terimakasih banyak pak ahok dan djarot untuk kerja tulus dan kerasnya untuk Jakarta.., termasuk dalam kategori ujaran kebencian atau tidak?
- iya
- tidak",tidak
6832,id_hatespeech,id_hatespeech_nusantara_text,fd489c1d-f519-4d6f-9de4-9a9ed872720a,hate_or_noHate_zs_opt_kategori,train,"Menurutmu, apakah teks berikut: Media Asing Menyorot Hasil Pilkada Jakarta, termasuk dalam kategori ujaran kebencian atau tidak?
- iya
- tidak",tidak
6833,id_hatespeech,id_hatespeech_nusantara_text,fd489c1d-f519-4d6f-9de4-9a9ed872720a,hate_or_noHate_zs_opt_kategori,train,"Menurutmu, apakah teks berikut: Ahok Banyak Belajar di Pilkada DKI, termasuk dalam kategori ujaran kebencian atau tidak?
- iya
- tidak",tidak
6834,id_hatespeech,id_hatespeech_nusantara_text,fd489c1d-f519-4d6f-9de4-9a9ed872720a,hate_or_noHate_zs_opt_kategori,train,"Menurutmu, apakah teks berikut: Ini Pelajaran yang Dipetik Ahok dari Pilkada DKI, termasuk dalam kategori ujaran kebencian atau tidak?
- iya
- tidak",tidak
6835,id_hatespeech,id_hatespeech_nusantara_text,fd489c1d-f519-4d6f-9de4-9a9ed872720a,hate_or_noHate_zs_opt_kategori,train,"Menurutmu, apakah teks berikut: Ahok: Lupakan Semua Masalah Kampanye dan Pilkada, termasuk dalam kategori ujaran kebencian atau tidak?
- iya
- tidak",tidak
6836,id_hatespeech,id_hatespeech_nusantara_text,fd489c1d-f519-4d6f-9de4-9a9ed872720a,hate_or_noHate_zs_opt_kategori,train,"Menurutmu, apakah teks berikut: Presiden Percaya Pilkada DKI Hasilkan Pemimpin Terbaik, termasuk dalam kategori ujaran kebencian atau tidak?
- iya
- tidak",tidak
6837,id_hatespeech,id_hatespeech_nusantara_text,fd489c1d-f519-4d6f-9de4-9a9ed872720a,hate_or_noHate_zs_opt_kategori,train,"Menurutmu, apakah teks berikut: Kapolri Pastikan Pilkada DKI Berjalan Lancar dan Sejuk, termasuk dalam kategori ujaran kebencian atau tidak?
- iya
- tidak",tidak
6838,id_hatespeech,id_hatespeech_nusantara_text,fd489c1d-f519-4d6f-9de4-9a9ed872720a,hate_or_noHate_zs_opt_kategori,train,"Menurutmu, apakah teks berikut: Pengamat: Pilkada DKI Panas Karena Parpol Sulit Disiplinkan Massa, termasuk dalam kategori ujaran kebencian atau tidak?
- iya
- tidak",tidak
6839,id_hatespeech,id_hatespeech_nusantara_text,fd489c1d-f519-4d6f-9de4-9a9ed872720a,hate_or_noHate_zs_opt_kategori,train,"Menurutmu, apakah teks berikut: Parpol Pendukung Ahok-Djarot Komitmen Jaga Pilkada Damai, termasuk dalam kategori ujaran kebencian atau tidak?
- iya
- tidak",tidak
6840,id_hatespeech,id_hatespeech_nusantara_text,fd489c1d-f519-4d6f-9de4-9a9ed872720a,hate_or_noHate_zs_opt_kategori,train,"Menurutmu, apakah teks berikut: Amankan Pilkada DKI, Polisi Terapkan Dua Sistem Pengamanan, termasuk dalam kategori ujaran kebencian atau tidak?
- iya
- tidak",tidak
6841,id_hatespeech,id_hatespeech_nusantara_text,fd489c1d-f519-4d6f-9de4-9a9ed872720a,hate_or_noHate_zs_opt_kategori,train,"Menurutmu, apakah teks berikut: Tiga Instansi Keluarkan Maklumat Larangan Mobilisasi Massa di Pilkada DKI, termasuk dalam kategori ujaran kebencian atau tidak?
- iya
- tidak",tidak
6842,id_hatespeech,id_hatespeech_nusantara_text,fd489c1d-f519-4d6f-9de4-9a9ed872720a,hate_or_noHate_zs_opt_kategori,train,"Menurutmu, apakah teks berikut: TERNYATA BAJU YANG DIPAKAI AHOK DI DEBAT PILKADA YG SAYA TONTON MELALUI METRO TV SAMA DENGAN YANG DI TV ONE. BARUSAN SAYA CEK, termasuk dalam kategori ujaran kebencian atau tidak?
- iya
- tidak",tidak
6843,id_hatespeech,id_hatespeech_nusantara_text,fd489c1d-f519-4d6f-9de4-9a9ed872720a,hate_or_noHate_zs_opt_kategori,train,"Menurutmu, apakah teks berikut: Sebagai warga negara yang baik, lo wajib ikut mensukseskan Pilkada Jakarta 2017. Temukan performa berbeda Debat Pilkada pukul 7, termasuk dalam kategori ujaran kebencian atau tidak?
- iya
- tidak",tidak
6844,id_hatespeech,id_hatespeech_nusantara_text,fd489c1d-f519-4d6f-9de4-9a9ed872720a,hate_or_noHate_zs_opt_kategori,train,"Menurutmu, apakah teks berikut: Debat Terakhir Menentukan Elektabilitas di Pilkada DKI Putaran Kedua, termasuk dalam kategori ujaran kebencian atau tidak?
- iya
- tidak",tidak
6845,id_hatespeech,id_hatespeech_nusantara_text,fd489c1d-f519-4d6f-9de4-9a9ed872720a,hate_or_noHate_zs_opt_kategori,train,"Menurutmu, apakah teks berikut: Terima kasih bapak ahok dengan jasa2 bapak selalu membangun jakarta lebih baik lagi, termasuk dalam kategori ujaran kebencian atau tidak?
- iya
- tidak",tidak
6846,id_hatespeech,id_hatespeech_nusantara_text,fd489c1d-f519-4d6f-9de4-9a9ed872720a,hate_or_noHate_zs_opt_kategori,train,"Menurutmu, apakah teks berikut: Salut banget sm pak ahok.. benar2 berjiwa kesatria.. langsung mengucapkan selamat ke pasangan anis dan sandi.., termasuk dalam kategori ujaran kebencian atau tidak?
- iya
- tidak",tidak
6847,id_hatespeech,id_hatespeech_nusantara_text,fd489c1d-f519-4d6f-9de4-9a9ed872720a,hate_or_noHate_zs_opt_kategori,train,"Menurutmu, apakah teks berikut: keluarga sudah ke menggunakan hak pilihnya pagi ini. Jangan lupa bagi warga Jakarta untuk datang ke TPS sebelum jam 1 siang!, termasuk dalam kategori ujaran kebencian atau tidak?
- iya
- tidak",tidak
6848,id_hatespeech,id_hatespeech_nusantara_text,fd489c1d-f519-4d6f-9de4-9a9ed872720a,hate_or_noHate_zs_opt_kategori,train,"Menurutmu, apakah teks berikut: Terima kasih telah membuat Jakarta menjadi lebih baik pak... Tetap semangat!, termasuk dalam kategori ujaran kebencian atau tidak?
- iya
- tidak",tidak
6849,id_hatespeech,id_hatespeech_nusantara_text,fd489c1d-f519-4d6f-9de4-9a9ed872720a,hate_or_noHate_zs_opt_kategori,train,"Menurutmu, apakah teks berikut: Pada akhirnya, orang jahat akan jatuh, dan orang baik, akan dibangkitkan!, termasuk dalam kategori ujaran kebencian atau tidak?
- iya
- tidak",tidak
6850,id_hatespeech,id_hatespeech_nusantara_text,fd489c1d-f519-4d6f-9de4-9a9ed872720a,hate_or_noHate_zs_opt_kategori,train,"Menurutmu, apakah teks berikut: Meski dijatuhkan berkali2, Tuhan akan selalu mengangkat yg benar, termasuk dalam kategori ujaran kebencian atau tidak?
- iya
- tidak",tidak
6851,id_hatespeech,id_hatespeech_nusantara_text,fd489c1d-f519-4d6f-9de4-9a9ed872720a,hate_or_noHate_zs_opt_kategori,train,"Menurutmu, apakah teks berikut: Rencana Bapak yang di surga itu lebih indah yangg kita inginkan bapak ahok tetap semangat ya pak, termasuk dalam kategori ujaran kebencian atau tidak?
- iya
- tidak",tidak
6852,id_hatespeech,id_hatespeech_nusantara_text,fd489c1d-f519-4d6f-9de4-9a9ed872720a,hate_or_noHate_zs_opt_kategori,train,"Menurutmu, apakah teks berikut: Pak Basuki dan Pak Djarot tetap kuat didalam iman dan pengharapan..., termasuk dalam kategori ujaran kebencian atau tidak?
- iya
- tidak",tidak
6853,id_hatespeech,id_hatespeech_nusantara_text,fd489c1d-f519-4d6f-9de4-9a9ed872720a,hate_or_noHate_zs_opt_kategori,train,"Menurutmu, apakah teks berikut: Yakin bahwa ini bukan jalan yang terbaik untuk anda dari hanya sekedar Gubernur dan Wakil gubernur DKI.., termasuk dalam kategori ujaran kebencian atau tidak?
- iya
- tidak",tidak
6854,id_hatespeech,id_hatespeech_nusantara_text,fd489c1d-f519-4d6f-9de4-9a9ed872720a,hate_or_noHate_zs_opt_kategori,train,"Menurutmu, apakah teks berikut: Masyarakat Indonesia khusus DKI melihat pemimpin itu bukan dilihat hasil kerjanya, termasuk dalam kategori ujaran kebencian atau tidak?
- iya
- tidak",tidak
6855,id_hatespeech,id_hatespeech_nusantara_text,fd489c1d-f519-4d6f-9de4-9a9ed872720a,hate_or_noHate_zs_opt_kategori,train,"Menurutmu, apakah teks berikut: Kami sebagai rakyat indonesia yang bukan berasal dari DKI turut mendoakan semoga pak Basuki dan pak Djarot tidak pernah lelah melayani kami dan tetap terus semangat, termasuk dalam kategori ujaran kebencian atau tidak?
- iya
- tidak",tidak
6856,id_hatespeech,id_hatespeech_nusantara_text,fd489c1d-f519-4d6f-9de4-9a9ed872720a,hate_or_noHate_zs_opt_kategori,train,"Menurutmu, apakah teks berikut: jangan padam untuk kemanusiaan ya pak, saya mengenang semua hal manis yg telah bapak perjuangkan, termasuk dalam kategori ujaran kebencian atau tidak?
- iya
- tidak",tidak
6857,id_hatespeech,id_hatespeech_nusantara_text,fd489c1d-f519-4d6f-9de4-9a9ed872720a,hate_or_noHate_zs_opt_kategori,train,"Menurutmu, apakah teks berikut: Saya doakan pak ahok dan tamengnya tidak kejang2, termasuk dalam kategori ujaran kebencian atau tidak?
- iya
- tidak",tidak
6858,id_hatespeech,id_hatespeech_nusantara_text,fd489c1d-f519-4d6f-9de4-9a9ed872720a,hate_or_noHate_zs_opt_kategori,train,"Menurutmu, apakah teks berikut: Tetap semangat pak. Ahok.. Aku selalu dukung pak ahok djarot., termasuk dalam kategori ujaran kebencian atau tidak?
- iya
- tidak",tidak
6859,id_hatespeech,id_hatespeech_nusantara_text,fd489c1d-f519-4d6f-9de4-9a9ed872720a,hate_or_noHate_zs_opt_kategori,train,"Menurutmu, apakah teks berikut: Pemenang Debat Pilkada DKI malam ini adalah...... IRA KOESNO!!!, termasuk dalam kategori ujaran kebencian atau tidak?
- iya
- tidak",tidak
6860,id_hatespeech,id_hatespeech_nusantara_text,fd489c1d-f519-4d6f-9de4-9a9ed872720a,hate_or_noHate_zs_opt_kategori,train,"Menurutmu, apakah teks berikut: Selamat buat pasangan no 3, Anies-Sandi pemenang versi Quick Count... Terima kasih buat Ahok-Djarot atas kerja luar biasa untuk Jakarta..., termasuk dalam kategori ujaran kebencian atau tidak?
- iya
- tidak",tidak
6861,id_hatespeech,id_hatespeech_nusantara_text,fd489c1d-f519-4d6f-9de4-9a9ed872720a,hate_or_noHate_zs_opt_kategori,train,"Menurutmu, apakah teks berikut: Semangat pak ahok walaupun saya warga bandung tapi saya yakin pak ahok yg jadi juara..., termasuk dalam kategori ujaran kebencian atau tidak?
- iya
- tidak",tidak
6862,id_hatespeech,id_hatespeech_nusantara_text,fd489c1d-f519-4d6f-9de4-9a9ed872720a,hate_or_noHate_zs_opt_kategori,train,"Menurutmu, apakah teks berikut: yg jelas, kerja keras, pasti, dan jujur tetap pak ahok., termasuk dalam kategori ujaran kebencian atau tidak?
- iya
- tidak",tidak
6863,id_hatespeech,id_hatespeech_nusantara_text,fd489c1d-f519-4d6f-9de4-9a9ed872720a,hate_or_noHate_zs_opt_kategori,train,"Menurutmu, apakah teks berikut: Maaf pak saya tidak bisa ikutan nyoblos, KTP saya jakarta, tapi saya skrg tinggal bandung, saya hanya bisa berdoa, termasuk dalam kategori ujaran kebencian atau tidak?
- iya
- tidak",tidak
6864,id_hatespeech,id_hatespeech_nusantara_text,fd489c1d-f519-4d6f-9de4-9a9ed872720a,hate_or_noHate_zs_opt_kategori,train,"Menurutmu, apakah teks berikut: semoga ahokdjarot bisa terus melanjutkan visi misi nya untuk membangun kota Jakarta, agar lebih rapih bersih dan nyaman, termasuk dalam kategori ujaran kebencian atau tidak?
- iya
- tidak",tidak
6865,id_hatespeech,id_hatespeech_nusantara_text,fd489c1d-f519-4d6f-9de4-9a9ed872720a,hate_or_noHate_zs_opt_kategori,train,"Menurutmu, apakah teks berikut: Dalam nama Tuhan Untuk jakarta yg lebih baik, termasuk dalam kategori ujaran kebencian atau tidak?
- iya
- tidak",tidak
6866,id_hatespeech,id_hatespeech_nusantara_text,fd489c1d-f519-4d6f-9de4-9a9ed872720a,hate_or_noHate_zs_opt_kategori,train,"Menurutmu, apakah teks berikut: semagat buat pak Anies semoga selalu dalam rahmat tuhan YME, termasuk dalam kategori ujaran kebencian atau tidak?
- iya
- tidak",tidak
6867,id_hatespeech,id_hatespeech_nusantara_text,fd489c1d-f519-4d6f-9de4-9a9ed872720a,hate_or_noHate_zs_opt_kategori,train,"Menurutmu, apakah teks berikut: semua warga DKI gunakan hak pilihmu....jangan takut kita smua warga yg punya hak dan sehat lahir batin, termasuk dalam kategori ujaran kebencian atau tidak?
- iya
- tidak",tidak
6868,id_hatespeech,id_hatespeech_nusantara_text,fd489c1d-f519-4d6f-9de4-9a9ed872720a,hate_or_noHate_zs_opt_kategori,train,"Menurutmu, apakah teks berikut: semoga Tuhan memberikan seluruh masyarakat DKI jakarta keadilan sesuai pemimpin yg benar2 demi rakyat Amin., termasuk dalam kategori ujaran kebencian atau tidak?
- iya
- tidak",tidak
6869,id_hatespeech,id_hatespeech_nusantara_text,fd489c1d-f519-4d6f-9de4-9a9ed872720a,hate_or_noHate_zs_opt_kategori,train,"Menurutmu, apakah teks berikut: Eks Pendukung Agus-Sylvi di Jakarta Timur Deklarasikan Dukungan Untuk Ahok-Djarot, termasuk dalam kategori ujaran kebencian atau tidak?
- iya
- tidak",tidak
6870,id_hatespeech,id_hatespeech_nusantara_text,fd489c1d-f519-4d6f-9de4-9a9ed872720a,hate_or_noHate_zs_opt_kategori,train,"Menurutmu, apakah teks berikut: Ini pasti salah Jokowi, Ahok dan kafir-kafir ateis. https:\/\/t.co\/v2GRcUeStI, termasuk dalam kategori ujaran kebencian atau tidak?
- iya
- tidak",iya
6871,id_hatespeech,id_hatespeech_nusantara_text,fd489c1d-f519-4d6f-9de4-9a9ed872720a,hate_or_noHate_zs_opt_kategori,train,"Menurutmu, apakah teks berikut: @fahmiabuazzam1 biar aja biar tai nya kena bapak lo itu ya. Loh tuh kan gak suka sm ahok jadi biar loh sm bpk loh sm ibu loh kena tai nya., termasuk dalam kategori ujaran kebencian atau tidak?
- iya
- tidak",iya
6872,id_hatespeech,id_hatespeech_nusantara_text,fd489c1d-f519-4d6f-9de4-9a9ed872720a,hate_or_noHate_zs_opt_kategori,train,"Menurutmu, apakah teks berikut: RT @BungWinar: Angin memporakporandakan basis pemenangan Si Penista Agama...Cililitan.\nYa Alloh Ampuni Kami\n#JakartaBanjir, termasuk dalam kategori ujaran kebencian atau tidak?
- iya
- tidak",iya
6873,id_hatespeech,id_hatespeech_nusantara_text,fd489c1d-f519-4d6f-9de4-9a9ed872720a,hate_or_noHate_zs_opt_kategori,train,"Menurutmu, apakah teks berikut: RT @Lupuz0503: Prestasi Ahok, \nSelain mjadi mafia koruptor n penista agama, dirinya bhasil tenggelamkan JKT MELALUI congoran CEBON, termasuk dalam kategori ujaran kebencian atau tidak?
- iya
- tidak",iya
6874,id_hatespeech,id_hatespeech_nusantara_text,fd489c1d-f519-4d6f-9de4-9a9ed872720a,hate_or_noHate_zs_opt_kategori,train,"Menurutmu, apakah teks berikut: Ulama Kompak Nyatakan #HaramPemimpinKafir Pilih Ahok = Murtad!, termasuk dalam kategori ujaran kebencian atau tidak?
- iya
- tidak",iya
6875,id_hatespeech,id_hatespeech_nusantara_text,fd489c1d-f519-4d6f-9de4-9a9ed872720a,hate_or_noHate_zs_opt_kategori,train,"Menurutmu, apakah teks berikut: KAU PENDIKAN TINGGI TAPI BODOH....GK ADA LARANG BAWA AGAMA..BIAR ORANG ISLAM YG DI BAYAR AHOK SADAR GK JADI MILIH AHOK GLA, termasuk dalam kategori ujaran kebencian atau tidak?
- iya
- tidak",iya
6876,id_hatespeech,id_hatespeech_nusantara_text,fd489c1d-f519-4d6f-9de4-9a9ed872720a,hate_or_noHate_zs_opt_kategori,train,"Menurutmu, apakah teks berikut: @indopoints di tanah abang cina udah mulai resah dan stres gara2 si penista agama dan pilkada pasar jd sepi. Sepi sampai 2 minggu lg ha. ha, termasuk dalam kategori ujaran kebencian atau tidak?
- iya
- tidak",iya
6877,id_hatespeech,id_hatespeech_nusantara_text,fd489c1d-f519-4d6f-9de4-9a9ed872720a,hate_or_noHate_zs_opt_kategori,train,"Menurutmu, apakah teks berikut: @investigator_RI betul dan semua pihak yg menentang si cina kafir ahok akan di kriminalisasi oleh polisi dgn smua rekayasa hukum nya, termasuk dalam kategori ujaran kebencian atau tidak?
- iya
- tidak",iya
6878,id_hatespeech,id_hatespeech_nusantara_text,fd489c1d-f519-4d6f-9de4-9a9ed872720a,hate_or_noHate_zs_opt_kategori,train,"Menurutmu, apakah teks berikut: @YohanesTarigan9 saya ga habis pikir kenapa fanboy ahok bego bego ya pada ga ngerti sejarah. Gampang kejebak iklan. Maaf ya., termasuk dalam kategori ujaran kebencian atau tidak?
- iya
- tidak",iya
6879,id_hatespeech,id_hatespeech_nusantara_text,fd489c1d-f519-4d6f-9de4-9a9ed872720a,hate_or_noHate_zs_opt_kategori,train,"Menurutmu, apakah teks berikut: @Zufrianto3 lebih baik pilih ahok drpd pilih yg se iman tp koruptor dn munafik !! Bodoh kau, termasuk dalam kategori ujaran kebencian atau tidak?
- iya
- tidak",iya
6880,id_hatespeech,id_hatespeech_nusantara_text,fd489c1d-f519-4d6f-9de4-9a9ed872720a,hate_or_noHate_zs_opt_kategori,train,"Menurutmu, apakah teks berikut: Ahok si penghina Al - Qur'an dan Ulama ini selalu bersikap menjijikkan yaitu sok suci dan merasa paling benar https:\/\/t.co\/bTkCeTNk0g, termasuk dalam kategori ujaran kebencian atau tidak?
- iya
- tidak",iya
6881,id_hatespeech,id_hatespeech_nusantara_text,fd489c1d-f519-4d6f-9de4-9a9ed872720a,hate_or_noHate_zs_opt_kategori,train,"Menurutmu, apakah teks berikut: Ayo umat Islam yg pinter, jgn percaya klo aksi 112 tdk ada hubungannya dgn pilkada, pihak AHY yg bayar anies yg untung \ud83d\ude01, termasuk dalam kategori ujaran kebencian atau tidak?
- iya
- tidak",iya
6882,id_hatespeech,id_hatespeech_nusantara_text,fd489c1d-f519-4d6f-9de4-9a9ed872720a,hate_or_noHate_zs_opt_kategori,train,"Menurutmu, apakah teks berikut: #DebatFinalPilkadaJKT mampuuuusssssss mpoK Silvy!!!!, termasuk dalam kategori ujaran kebencian atau tidak?
- iya
- tidak",iya
6883,id_hatespeech,id_hatespeech_nusantara_text,fd489c1d-f519-4d6f-9de4-9a9ed872720a,hate_or_noHate_zs_opt_kategori,train,"Menurutmu, apakah teks berikut: Hidup china komunis ! https:\/\/t.co\/b1RheVKrXl, termasuk dalam kategori ujaran kebencian atau tidak?
- iya
- tidak",iya
6884,id_hatespeech,id_hatespeech_nusantara_text,fd489c1d-f519-4d6f-9de4-9a9ed872720a,hate_or_noHate_zs_opt_kategori,train,"Menurutmu, apakah teks berikut: Ini tuh kesalahan Jokowi dan Ahok si babi ateis. https:\/\/t.co\/v2GRcUeStI, termasuk dalam kategori ujaran kebencian atau tidak?
- iya
- tidak",iya
6885,id_hatespeech,id_hatespeech_nusantara_text,fd489c1d-f519-4d6f-9de4-9a9ed872720a,hate_or_noHate_zs_opt_kategori,train,"Menurutmu, apakah teks berikut: Kalo ahok menang pilkada bikin video sex bareng anaknya dong tan.? https:\/\/t.co\/7msmThwwLK, termasuk dalam kategori ujaran kebencian atau tidak?
- iya
- tidak",iya
6886,id_hatespeech,id_hatespeech_nusantara_text,fd489c1d-f519-4d6f-9de4-9a9ed872720a,hate_or_noHate_zs_opt_kategori,train,"Menurutmu, apakah teks berikut: Keluarga Besar Kami Yang Berdomisili di Jakarta TIDAK PILIH AHOK!! https:\/\/t.co\/GZKZFTpvCw Suara Ulama Bulat! #HaramPilihAhok #JanganGolput, termasuk dalam kategori ujaran kebencian atau tidak?
- iya
- tidak",iya
6887,id_hatespeech,id_hatespeech_nusantara_text,fd489c1d-f519-4d6f-9de4-9a9ed872720a,hate_or_noHate_zs_opt_kategori,train,"Menurutmu, apakah teks berikut: ketutunan cina dari luar kota dan pulau mulai kejakarta mau coblos ahok dengan KTP aspal dari kamboja, termasuk dalam kategori ujaran kebencian atau tidak?
- iya
- tidak",iya
6888,id_hatespeech,id_hatespeech_nusantara_text,fd489c1d-f519-4d6f-9de4-9a9ed872720a,hate_or_noHate_zs_opt_kategori,train,"Menurutmu, apakah teks berikut: RT @indopoints: china babi... china maling...\n#UsirChina https:\/\/t.co\/9y4HIWHJp2, termasuk dalam kategori ujaran kebencian atau tidak?
- iya
- tidak",iya
6889,id_hatespeech,id_hatespeech_nusantara_text,fd489c1d-f519-4d6f-9de4-9a9ed872720a,hate_or_noHate_zs_opt_kategori,train,"Menurutmu, apakah teks berikut: RT @mosangada72: Masih mau memilih Agus-Sylvi???\nAnaknya SBY dan Keluarga Koruptor\n#BlusukanAhok\n#BerjamaahCoblosPecinya\u2026, termasuk dalam kategori ujaran kebencian atau tidak?
- iya
- tidak",iya
6890,id_hatespeech,id_hatespeech_nusantara_text,fd489c1d-f519-4d6f-9de4-9a9ed872720a,hate_or_noHate_zs_opt_kategori,train,"Menurutmu, apakah teks berikut: tangkap ahok dan klompok nya yg melakukan pemalsuan e KTP karna merupakan penghiyanat bagi bangsa dan negara, termasuk dalam kategori ujaran kebencian atau tidak?
- iya
- tidak",iya
6891,id_hatespeech,id_hatespeech_nusantara_text,fd489c1d-f519-4d6f-9de4-9a9ed872720a,hate_or_noHate_zs_opt_kategori,train,"Menurutmu, apakah teks berikut: Tangkap Ahok Sekarang Juga, Share Jika Setuju !!!, termasuk dalam kategori ujaran kebencian atau tidak?
- iya
- tidak",iya
6892,id_hatespeech,id_hatespeech_nusantara_text,fd489c1d-f519-4d6f-9de4-9a9ed872720a,hate_or_noHate_zs_opt_kategori,train,"Menurutmu, apakah teks berikut: Sayang sekali Bangsa ini Paling jago kalau merasa-rasa. Yg mendukung Pak Ahok merasa paling benar, yg mendukung Mas Anies merasa paling suci, termasuk dalam kategori ujaran kebencian atau tidak?
- iya
- tidak",iya
6893,id_hatespeech,id_hatespeech_nusantara_text,fd489c1d-f519-4d6f-9de4-9a9ed872720a,hate_or_noHate_zs_opt_kategori,train,"Menurutmu, apakah teks berikut: Video Ahok Menghina Agama Kristen Agama Konyol #AhokPecahBelahBangsa, termasuk dalam kategori ujaran kebencian atau tidak?
- iya
- tidak",iya
6894,id_hatespeech,id_hatespeech_nusantara_text,fd489c1d-f519-4d6f-9de4-9a9ed872720a,hate_or_noHate_zs_opt_kategori,train,"Menurutmu, apakah teks berikut: Bukan Hanya Penista Agama, Bagi JPU Ahok Pemecah Belah Bangsa https:\/\/t.co\/6qkIFCjqhq, termasuk dalam kategori ujaran kebencian atau tidak?
- iya
- tidak",iya
6895,id_hatespeech,id_hatespeech_nusantara_text,fd489c1d-f519-4d6f-9de4-9a9ed872720a,hate_or_noHate_zs_opt_kategori,train,"Menurutmu, apakah teks berikut: Mbak Sylviana please Anda sehat? #DebatFinalPilkadaJKT #perjuanganbelumselesai, termasuk dalam kategori ujaran kebencian atau tidak?
- iya
- tidak",iya
6896,id_hatespeech,id_hatespeech_nusantara_text,fd489c1d-f519-4d6f-9de4-9a9ed872720a,hate_or_noHate_zs_opt_kategori,train,"Menurutmu, apakah teks berikut: Nomor 1 sok tau lagi lansung di skak wkwkwk #DebatFinalPilkadaJKT, termasuk dalam kategori ujaran kebencian atau tidak?
- iya
- tidak",iya
6897,id_hatespeech,id_hatespeech_nusantara_text,fd489c1d-f519-4d6f-9de4-9a9ed872720a,hate_or_noHate_zs_opt_kategori,train,"Menurutmu, apakah teks berikut: RT @Gemacan70: Ayoo jaga keutuhan NKRI!!! Tangkap Penista Agama!!! #StopKriminalisasiUlama https:\/\/t.co\/dxIDQ4ZQHV, termasuk dalam kategori ujaran kebencian atau tidak?
- iya
- tidak",iya
6898,id_hatespeech,id_hatespeech_nusantara_text,fd489c1d-f519-4d6f-9de4-9a9ed872720a,hate_or_noHate_zs_opt_kategori,train,"Menurutmu, apakah teks berikut: @Lupuz0503: Terlihat salah satu pendukung mafia koruptor dan penista agama, para gerombolan BANCI TITOT lakukan bidikan ke arah, termasuk dalam kategori ujaran kebencian atau tidak?
- iya
- tidak",iya
6899,id_hatespeech,id_hatespeech_nusantara_text,fd489c1d-f519-4d6f-9de4-9a9ed872720a,hate_or_noHate_zs_opt_kategori,train,"Menurutmu, apakah teks berikut: tobat yuk sebelum terlambat. biar gerombolan JIL aja yg kita doakan konsisten bela kekafiran hingga akhir hayat https:\/\/t.co\/979uJ6ItrM, termasuk dalam kategori ujaran kebencian atau tidak?
- iya
- tidak",iya
6900,id_hatespeech,id_hatespeech_nusantara_text,fd489c1d-f519-4d6f-9de4-9a9ed872720a,hate_or_noHate_zs_opt_kategori,train,"Menurutmu, apakah teks berikut: RT @UstadTengku: Ya Allah Jika Mereka Menempuh Cara2 Curang utk Memenangkan Si Penista Agama, Engkau Kirimkanlah MALAIKAT MAUT Utk menyeles\u2026, termasuk dalam kategori ujaran kebencian atau tidak?
- iya
- tidak",iya
6901,id_hatespeech,id_hatespeech_nusantara_text,fd489c1d-f519-4d6f-9de4-9a9ed872720a,hate_or_noHate_zs_opt_kategori,train,"Menurutmu, apakah teks berikut: ;Kebanyakan fitnah nih mpok silvy #DebatFinalPilkadaJKT #Gue2, termasuk dalam kategori ujaran kebencian atau tidak?
- iya
- tidak",iya
6902,id_hatespeech,id_hatespeech_nusantara_text,fd489c1d-f519-4d6f-9de4-9a9ed872720a,hate_or_noHate_zs_opt_kategori,train,"Menurutmu, apakah teks berikut: FPI: Pendukung Ahok kalah jumlah, dengan izin Allah kita gusur Gubernur koruptor dan penista agama https:\/\/t.co\/Jp7pGLRGiE, termasuk dalam kategori ujaran kebencian atau tidak?
- iya
- tidak",iya
6903,id_hatespeech,id_hatespeech_nusantara_text,fd489c1d-f519-4d6f-9de4-9a9ed872720a,hate_or_noHate_zs_opt_kategori,train,"Menurutmu, apakah teks berikut: #JakartaBanjir Pemimpinnya gak punya akhlak yg baik... PENISTA AGAMA. https:\/\/t.co\/PNEGDJMPCH, termasuk dalam kategori ujaran kebencian atau tidak?
- iya
- tidak",iya
6904,id_hatespeech,id_hatespeech_nusantara_text,fd489c1d-f519-4d6f-9de4-9a9ed872720a,hate_or_noHate_zs_opt_kategori,train,"Menurutmu, apakah teks berikut: RT @felixsiauw: tapi twit begini asik lo, kita jadi tau yang mana akun-akun pro-penista agama, akun-akun buzzer yang kerjanya menghujat :), termasuk dalam kategori ujaran kebencian atau tidak?
- iya
- tidak",iya
6905,id_hatespeech,id_hatespeech_nusantara_text,fd489c1d-f519-4d6f-9de4-9a9ed872720a,hate_or_noHate_zs_opt_kategori,train,"Menurutmu, apakah teks berikut: @DivHumasHansip: ahoker siap bela penista agama https:\/\/t.co\/HxuU4rUDFX\, termasuk dalam kategori ujaran kebencian atau tidak?
- iya
- tidak",iya
6906,id_hatespeech,id_hatespeech_nusantara_text,fd489c1d-f519-4d6f-9de4-9a9ed872720a,hate_or_noHate_zs_opt_kategori,train,"Menurutmu, apakah teks berikut: RT @alwinazar24: sepertinya CUCUnya DAJJAL telah hadir, termasuk dalam kategori ujaran kebencian atau tidak?
- iya
- tidak",iya
6907,id_hatespeech,id_hatespeech_nusantara_text,fd489c1d-f519-4d6f-9de4-9a9ed872720a,hate_or_noHate_zs_opt_kategori,train,"Menurutmu, apakah teks berikut: Mereka Siang MALAM Maki2 Ulama Kita, Nongkrongi Medsos Ulama2\nBela PENISTA Agama yg SOMBONGNYA Minta AMPUN., termasuk dalam kategori ujaran kebencian atau tidak?
- iya
- tidak",iya
6908,id_hatespeech,id_hatespeech_nusantara_text,fd489c1d-f519-4d6f-9de4-9a9ed872720a,hate_or_noHate_zs_opt_kategori,train,"Menurutmu, apakah teks berikut: RT @Jhonkosmik: Ada apa dengan mayoritas etnis China di DKI?\nMengapa begitu solid mendukung penista agama Islam?\n\nDendam?\nTidak nasionalis?, termasuk dalam kategori ujaran kebencian atau tidak?
- iya
- tidak",iya
6909,id_hatespeech,id_hatespeech_nusantara_text,fd489c1d-f519-4d6f-9de4-9a9ed872720a,hate_or_noHate_zs_opt_kategori,train,"Menurutmu, apakah teks berikut: Mukanya mpo Silvy Asem bangett ngakak kena deh abis jahat sih #DebatFinalPilkadaJKT, termasuk dalam kategori ujaran kebencian atau tidak?
- iya
- tidak",iya
6910,id_hatespeech,id_hatespeech_nusantara_text,fd489c1d-f519-4d6f-9de4-9a9ed872720a,hate_or_noHate_zs_opt_kategori,train,"Menurutmu, apakah teks berikut: RT @GodinJ760478: @tempodotco gara2 belain terdakwa penista agama jadi remek semua. Sukurin, termasuk dalam kategori ujaran kebencian atau tidak?
- iya
- tidak",iya
6911,id_hatespeech,id_hatespeech_nusantara_text,fd489c1d-f519-4d6f-9de4-9a9ed872720a,hate_or_noHate_zs_opt_kategori,train,"Menurutmu, apakah teks berikut: RT @Chaeruddin_B: Sekumpulan Teman Penista Agama\nTdk ada empati buat korban banjir, hanya koar2 memuji junjunganya https:\/\/t.co\/XQFktDG74x, termasuk dalam kategori ujaran kebencian atau tidak?
- iya
- tidak",iya
6912,id_hatespeech,id_hatespeech_nusantara_text,fd489c1d-f519-4d6f-9de4-9a9ed872720a,hate_or_noHate_zs_opt_kategori,train,"Menurutmu, apakah teks berikut: RT @TerorisSocmed: PENJARAKAN PENISTA AGAMA !!! ATAU @jokowi TURUN !!! https:\/\/t.co\/vqH0TNXaRz, termasuk dalam kategori ujaran kebencian atau tidak?
- iya
- tidak",iya
6913,id_hatespeech,id_hatespeech_nusantara_text,fd489c1d-f519-4d6f-9de4-9a9ed872720a,hate_or_noHate_zs_opt_kategori,train,"Menurutmu, apakah teks berikut: Si penista agama, Jaga mulut aja gabisa apalagi jaga jkt?, termasuk dalam kategori ujaran kebencian atau tidak?
- iya
- tidak",iya
6914,id_hatespeech,id_hatespeech_nusantara_text,fd489c1d-f519-4d6f-9de4-9a9ed872720a,hate_or_noHate_zs_opt_kategori,train,"Menurutmu, apakah teks berikut: Ahok : program paslon no. 1 ini programnya ngambang | yaiyalah pakkk gak ada program diaa cma ada celaan #DebatFinalPilkadaJKT, termasuk dalam kategori ujaran kebencian atau tidak?
- iya
- tidak",iya
6915,id_hatespeech,id_hatespeech_nusantara_text,fd489c1d-f519-4d6f-9de4-9a9ed872720a,hate_or_noHate_zs_opt_kategori,train,"Menurutmu, apakah teks berikut: Akui saja Ahok dan Djarot kalian gagal atasi banjir.Orang kena banjir anda sibuk sidang kasus penista agama, termasuk dalam kategori ujaran kebencian atau tidak?
- iya
- tidak",iya
6916,id_hatespeech,id_hatespeech_nusantara_text,fd489c1d-f519-4d6f-9de4-9a9ed872720a,hate_or_noHate_zs_opt_kategori,train,"Menurutmu, apakah teks berikut: RT @87_julay: Iyaa... Ahog Ngak pantes jadi pemimpin.. Pantesnya penista agama dipenjarakan!!! https:\/\/t.co\/YhhO40QWXS, termasuk dalam kategori ujaran kebencian atau tidak?
- iya
- tidak",iya
6917,id_hatespeech,id_hatespeech_nusantara_text,fd489c1d-f519-4d6f-9de4-9a9ed872720a,hate_or_noHate_zs_opt_kategori,train,"Menurutmu, apakah teks berikut: RT @wongawas: Overdosis @Metro_TV membela penista agama. https:\/\/t.co\/i84RARpy5w, termasuk dalam kategori ujaran kebencian atau tidak?
- iya
- tidak",iya
6918,id_hatespeech,id_hatespeech_nusantara_text,fd489c1d-f519-4d6f-9de4-9a9ed872720a,hate_or_noHate_zs_opt_kategori,train,"Menurutmu, apakah teks berikut: Kaga masuk diakal kite kalo suara seorang penista agama yg dah dikutuk ame umat islam suara nye bisa tinggi, emang sengaja ditinggiin tuh, termasuk dalam kategori ujaran kebencian atau tidak?
- iya
- tidak",iya
6919,id_hatespeech,id_hatespeech_nusantara_text,fd489c1d-f519-4d6f-9de4-9a9ed872720a,hate_or_noHate_zs_opt_kategori,train,"Menurutmu, apakah teks berikut: RT @andreobz: Pantasan di pecat dr menteri...data2 aj ngawur dan memkasakan betul..hahaha #AhokPastiTumbang #paslon3 #pilgubdki, termasuk dalam kategori ujaran kebencian atau tidak?
- iya
- tidak",iya
6920,id_hatespeech,id_hatespeech_nusantara_text,fd489c1d-f519-4d6f-9de4-9a9ed872720a,hate_or_noHate_zs_opt_kategori,train,"Menurutmu, apakah teks berikut: RT @BangsaPenguasa: Penjarakan ahoax penista agama atau jokowi turun.#KonsolidasiDewanPKB https:\/\/t.co\/XoW5eakIsk, termasuk dalam kategori ujaran kebencian atau tidak?
- iya
- tidak",iya
6921,id_hatespeech,id_hatespeech_nusantara_text,fd489c1d-f519-4d6f-9de4-9a9ed872720a,hate_or_noHate_zs_opt_kategori,train,"Menurutmu, apakah teks berikut: Napa dibiarin tim si penista agama maen curang maren, emang sengaja dibiarin biar ntar digaplok umat islam rame2 se jakarta tuh penista, termasuk dalam kategori ujaran kebencian atau tidak?
- iya
- tidak",iya
6922,id_hatespeech,id_hatespeech_nusantara_text,fd489c1d-f519-4d6f-9de4-9a9ed872720a,hate_or_noHate_zs_opt_kategori,train,"Menurutmu, apakah teks berikut: Hahahahhahaa silvy ohh silvy cacingan amat loe ahhh wkwkwkwkwkk #DebatFinalPilkadaJKT, termasuk dalam kategori ujaran kebencian atau tidak?
- iya
- tidak",iya
6923,id_hatespeech,id_hatespeech_nusantara_text,fd489c1d-f519-4d6f-9de4-9a9ed872720a,hate_or_noHate_zs_opt_kategori,train,"Menurutmu, apakah teks berikut: RT @Rakyat_Angin: Ahok Taik. \""MENFITNAH\"". Emang lu tukang caci maki perempuannn!! Asuuu #AhokPastiTumbang #DebatFinalPilkadaJKT, termasuk dalam kategori ujaran kebencian atau tidak?
- iya
- tidak",iya
6924,id_hatespeech,id_hatespeech_nusantara_text,fd489c1d-f519-4d6f-9de4-9a9ed872720a,hate_or_noHate_zs_opt_kategori,train,"Menurutmu, apakah teks berikut: RT @HasanArisandi: #AhokPastiTumbang fakta di bilang fitnah\n#DebatFinalPilkadaJKT, termasuk dalam kategori ujaran kebencian atau tidak?
- iya
- tidak",iya
6925,id_hatespeech,id_hatespeech_nusantara_text,fd489c1d-f519-4d6f-9de4-9a9ed872720a,hate_or_noHate_zs_opt_kategori,train,"Menurutmu, apakah teks berikut: Shame on you silvy !! Ga malu fitnah?? Tuh rasain pak ahok panas, skak mat #DebatFinalPilkadaJKT, termasuk dalam kategori ujaran kebencian atau tidak?
- iya
- tidak",iya
6926,id_hatespeech,id_hatespeech_nusantara_text,fd489c1d-f519-4d6f-9de4-9a9ed872720a,hate_or_noHate_zs_opt_kategori,train,"Menurutmu, apakah teks berikut: Bu silvi anti pns level rendah katanya #DebatFinalPilkadaJKT, termasuk dalam kategori ujaran kebencian atau tidak?
- iya
- tidak",iya
6927,id_hatespeech,id_hatespeech_nusantara_text,fd489c1d-f519-4d6f-9de4-9a9ed872720a,hate_or_noHate_zs_opt_kategori,train,"Menurutmu, apakah teks berikut: RT @AnnisaFYtr: Hanya Orang Islam Yang Bodoh dan Goblok Yang Memilik Ahok! #DebatFinalPilkadaJKT, termasuk dalam kategori ujaran kebencian atau tidak?
- iya
- tidak",iya
6928,id_hatespeech,id_hatespeech_nusantara_text,fd489c1d-f519-4d6f-9de4-9a9ed872720a,hate_or_noHate_zs_opt_kategori,train,"Menurutmu, apakah teks berikut: @DivHumasHansip: fitnah FPI pecah adalah ulah ahoker yg melihat elektabilitas ahok tinggal 10%,mereka kelojotan melihat MUI+NU+Muhammadi, termasuk dalam kategori ujaran kebencian atau tidak?
- iya
- tidak",iya
6929,id_hatespeech,id_hatespeech_nusantara_text,fd489c1d-f519-4d6f-9de4-9a9ed872720a,hate_or_noHate_zs_opt_kategori,train,"Menurutmu, apakah teks berikut: Norak banget iklan mantan mendikbud @aniesbaswedan ini. Tambah gak respech.. inilah tenun kebangsaan yg dia maksud.\u2026 https:\/\/t.co\/Ux7HEYkBLG, termasuk dalam kategori ujaran kebencian atau tidak?
- iya
- tidak",iya
6930,id_hatespeech,id_hatespeech_nusantara_text,fd489c1d-f519-4d6f-9de4-9a9ed872720a,hate_or_noHate_zs_opt_kategori,train,"Menurutmu, apakah teks berikut: RT @DivHumasHansip: yg nebar kebencian itu ahok mbak,masa mbak gak tau sih sampai dia jadi terdakwa loh @AnizzahGedrun, termasuk dalam kategori ujaran kebencian atau tidak?
- iya
- tidak",iya
6931,id_hatespeech,id_hatespeech_nusantara_text,fd489c1d-f519-4d6f-9de4-9a9ed872720a,hate_or_noHate_zs_opt_kategori,train,"Menurutmu, apakah teks berikut: pertanyaan dari Bu Sylvi gak mutu amat. #DebatFinalPilkadaJKT, termasuk dalam kategori ujaran kebencian atau tidak?
- iya
- tidak",iya
6932,id_hatespeech,id_hatespeech_nusantara_text,fd489c1d-f519-4d6f-9de4-9a9ed872720a,hate_or_noHate_zs_opt_kategori,train,"Menurutmu, apakah teks berikut: Huuu sylvi tak tahu apa-apa asal ngoceh #NobarAhokDjarot #DebatFinalPilkadaJKT, termasuk dalam kategori ujaran kebencian atau tidak?
- iya
- tidak",iya
6933,id_hatespeech,id_hatespeech_nusantara_text,fd489c1d-f519-4d6f-9de4-9a9ed872720a,hate_or_noHate_zs_opt_kategori,train,"Menurutmu, apakah teks berikut: Sylvi keliatan bloonnya #DebatFinalPilkadaJKT, termasuk dalam kategori ujaran kebencian atau tidak?
- iya
- tidak",iya
6934,id_hatespeech,id_hatespeech_nusantara_text,fd489c1d-f519-4d6f-9de4-9a9ed872720a,hate_or_noHate_zs_opt_kategori,train,"Menurutmu, apakah teks berikut: RT @WanitaRevolusi: Ahoax penista agama kembali mengolok olok surat AL-MAIDAH 51. Cc @Dahnilanzar, termasuk dalam kategori ujaran kebencian atau tidak?
- iya
- tidak",iya
6935,id_hatespeech,id_hatespeech_nusantara_text,fd489c1d-f519-4d6f-9de4-9a9ed872720a,hate_or_noHate_zs_opt_kategori,train,"Menurutmu, apakah teks berikut: #JakartaBanjir Pemimpinnya gak punya akhlak yg baik... PENISTA AGAMA., termasuk dalam kategori ujaran kebencian atau tidak?
- iya
- tidak",iya
6936,id_hatespeech,id_hatespeech_nusantara_text,fd489c1d-f519-4d6f-9de4-9a9ed872720a,hate_or_noHate_zs_opt_kategori,train,"Menurutmu, apakah teks berikut: #DebatFinalPilkadaJKT mati kau hok, termasuk dalam kategori ujaran kebencian atau tidak?
- iya
- tidak",iya
6937,id_hatespeech,id_hatespeech_nusantara_text,fd489c1d-f519-4d6f-9de4-9a9ed872720a,hate_or_noHate_zs_opt_kategori,train,"Menurutmu, apakah teks berikut: Yg ga punya program bisanya cuma fitnah. Ciri Orang yg demen ngambil kjp kontan #DebatFinalPilkadaJKT, termasuk dalam kategori ujaran kebencian atau tidak?
- iya
- tidak",iya
6938,id_hatespeech,id_hatespeech_nusantara_text,fd489c1d-f519-4d6f-9de4-9a9ed872720a,hate_or_noHate_zs_opt_kategori,train,"Menurutmu, apakah teks berikut: Mpok silvi nyinyir melulu pertanyaan nya tapi sayang sesat! Maklum sih dese emakemak! #DebatFinalDKI #DebatFinalPilkadaJKT, termasuk dalam kategori ujaran kebencian atau tidak?
- iya
- tidak",iya
6939,id_hatespeech,id_hatespeech_nusantara_text,fd489c1d-f519-4d6f-9de4-9a9ed872720a,hate_or_noHate_zs_opt_kategori,train,"Menurutmu, apakah teks berikut: RT @bajigurceleng: @jpnncom hahaha jelas2 buat pilkada dasar polisi made in cina pelindung penista agama, termasuk dalam kategori ujaran kebencian atau tidak?
- iya
- tidak",iya
6940,id_hatespeech,id_hatespeech_nusantara_text,fd489c1d-f519-4d6f-9de4-9a9ed872720a,hate_or_noHate_zs_opt_kategori,train,"Menurutmu, apakah teks berikut: Kurangnya pemberdayaan wanita DKI Jakarta bisa dilihat dari telaknya perbedaan warna muka dan warna tangan mpok sylvi #DebatFinalPilkadaJKT, termasuk dalam kategori ujaran kebencian atau tidak?
- iya
- tidak",iya
6941,id_hatespeech,id_hatespeech_nusantara_text,fd489c1d-f519-4d6f-9de4-9a9ed872720a,hate_or_noHate_zs_opt_kategori,train,"Menurutmu, apakah teks berikut: Agus silvy Tukang Fitnah #DebatFinalPilkadaJKT, termasuk dalam kategori ujaran kebencian atau tidak?
- iya
- tidak",iya
6942,id_hatespeech,id_hatespeech_nusantara_text,fd489c1d-f519-4d6f-9de4-9a9ed872720a,hate_or_noHate_zs_opt_kategori,train,"Menurutmu, apakah teks berikut: #DebatFinalPilkadaJKT yaudah gus sini kalo ga sakit secara fisik daripada verbal gw gebukin lo rame2, termasuk dalam kategori ujaran kebencian atau tidak?
- iya
- tidak",iya
6943,id_hatespeech,id_hatespeech_nusantara_text,fd489c1d-f519-4d6f-9de4-9a9ed872720a,hate_or_noHate_zs_opt_kategori,train,"Menurutmu, apakah teks berikut: Keluarga kita gak ada yg maling coyy gak perlu trauma kaleeeee emang kluarga ente?, termasuk dalam kategori ujaran kebencian atau tidak?
- iya
- tidak",iya
6944,id_hatespeech,id_hatespeech_nusantara_text,fd489c1d-f519-4d6f-9de4-9a9ed872720a,hate_or_noHate_zs_opt_kategori,train,"Menurutmu, apakah teks berikut: JG KAITKAN JOKOWI DENGAN AHOK KATA JOHAN BUDI. KATA KAMI. SEBAB JOKOWI ANJING. SEDANGKAN AHOK BABI. YA JELAS BERBEDA. WALAUPUN OTAKNYA SAMA, termasuk dalam kategori ujaran kebencian atau tidak?
- iya
- tidak",iya
6945,id_hatespeech,id_hatespeech_nusantara_text,fd489c1d-f519-4d6f-9de4-9a9ed872720a,hate_or_noHate_zs_opt_kategori,train,"Menurutmu, apakah teks berikut: Bajingan lu silvy #DebatFinalPilkadaJKT, termasuk dalam kategori ujaran kebencian atau tidak?
- iya
- tidak",iya
6946,id_hatespeech,id_hatespeech_nusantara_text,fd489c1d-f519-4d6f-9de4-9a9ed872720a,hate_or_noHate_zs_opt_kategori,train,"Menurutmu, apakah teks berikut: Hasil Akhir, Menyatakan @jokowi Melindungi Ahok TERDAKWA PENISTA AGAMA !!!, termasuk dalam kategori ujaran kebencian atau tidak?
- iya
- tidak",iya
6947,id_hatespeech,id_hatespeech_nusantara_text,fd489c1d-f519-4d6f-9de4-9a9ed872720a,hate_or_noHate_zs_opt_kategori,train,"Menurutmu, apakah teks berikut: RT @SiBonekaKayu: Selepas banjir Jakarta 212 Pendukung Ahok mengganti narasi doa. Semua demi keuntungan Sang Penista Agama, termasuk dalam kategori ujaran kebencian atau tidak?
- iya
- tidak",iya
6948,id_hatespeech,id_hatespeech_nusantara_text,fd489c1d-f519-4d6f-9de4-9a9ed872720a,hate_or_noHate_zs_opt_kategori,train,"Menurutmu, apakah teks berikut: Tionghoa katanya kaya? Kok pada putus sekolah? Kebanyakan dugem?, termasuk dalam kategori ujaran kebencian atau tidak?
- iya
- tidak",iya
6949,id_hatespeech,id_hatespeech_nusantara_text,fd489c1d-f519-4d6f-9de4-9a9ed872720a,hate_or_noHate_zs_opt_kategori,train,"Menurutmu, apakah teks berikut: Gusur Ahok demi Indonesia. Teladan buruk pembangkangan hukum dan anti kemanusiaan di Jakarta jgn tertular ke daerah. #CoblosPecinya, termasuk dalam kategori ujaran kebencian atau tidak?
- iya
- tidak",iya
6950,id_hatespeech,id_hatespeech_nusantara_text,fd489c1d-f519-4d6f-9de4-9a9ed872720a,hate_or_noHate_zs_opt_kategori,train,"Menurutmu, apakah teks berikut: BUAT AHOKER YANG TAKUT MATINYA GG DISHOLATIN , TENANG ADA ABU JANDA UST GADUNGAN YG SIAP SHOLATIN AHOKER & JOKOWER, termasuk dalam kategori ujaran kebencian atau tidak?
- iya
- tidak",iya
6951,id_hatespeech,id_hatespeech_nusantara_text,fd489c1d-f519-4d6f-9de4-9a9ed872720a,hate_or_noHate_zs_opt_kategori,train,"Menurutmu, apakah teks berikut: Mampuuss ! Di tembak dalem banget silvyy .. lo urusin tuh dapurr ! Gak punya program demennya nyerang terus !!! #gue2 #DebatFinalPilkadaJKT, termasuk dalam kategori ujaran kebencian atau tidak?
- iya
- tidak",iya
6952,id_hatespeech,id_hatespeech_nusantara_text,fd489c1d-f519-4d6f-9de4-9a9ed872720a,hate_or_noHate_zs_opt_kategori,train,"Menurutmu, apakah teks berikut: Anjir baru kali ini lihat orang bego mau debat pilkada. Kerjanya nyerang karakter. Shame on you mpok silvy and agus. #DebatFinalPilkadaJKT, termasuk dalam kategori ujaran kebencian atau tidak?
- iya
- tidak",iya
6953,id_hatespeech,id_hatespeech_nusantara_text,fd489c1d-f519-4d6f-9de4-9a9ed872720a,hate_or_noHate_zs_opt_kategori,train,"Menurutmu, apakah teks berikut: Uang Taipan tuh. Nanti dibayar dengan ratusan penggusuran biadab oleh Ahok., termasuk dalam kategori ujaran kebencian atau tidak?
- iya
- tidak",iya
6954,id_hatespeech,id_hatespeech_nusantara_text,fd489c1d-f519-4d6f-9de4-9a9ed872720a,hate_or_noHate_zs_opt_kategori,train,"Menurutmu, apakah teks berikut: CINA ASU https:\/\/t.co\/zM1BsjAIHA, termasuk dalam kategori ujaran kebencian atau tidak?
- iya
- tidak",iya
6955,id_hatespeech,id_hatespeech_nusantara_text,fd489c1d-f519-4d6f-9de4-9a9ed872720a,hate_or_noHate_zs_opt_kategori,train,"Menurutmu, apakah teks berikut: Ketika ngomong, Sylvi keliatan oke. Tapi begitu didebat Ahok, Sylvi langsung kekuatan goblok., termasuk dalam kategori ujaran kebencian atau tidak?
- iya
- tidak",iya
6956,id_hatespeech,id_hatespeech_nusantara_text,fd489c1d-f519-4d6f-9de4-9a9ed872720a,hate_or_noHate_zs_opt_kategori,train,"Menurutmu, apakah teks berikut: Jangankan Banjir, Tuhan aja Dilawan Sama Ahok #JakartaBanjir Tapi Jakarta hari Ini Bukan Banjir, Hanya GENANGAN., termasuk dalam kategori ujaran kebencian atau tidak?
- iya
- tidak",iya
6957,id_hatespeech,id_hatespeech_nusantara_text,fd489c1d-f519-4d6f-9de4-9a9ed872720a,hate_or_noHate_zs_opt_kategori,train,"Menurutmu, apakah teks berikut: ADA PEMIMPIM PRIBUMI knp pilih PEMIMPIN IMPOR yg g BERADAB tukang BERBOHONG yuk PRIBUMIKAN DKI milik BANGSA IND @Gemacan70 @TerorisSocmed, termasuk dalam kategori ujaran kebencian atau tidak?
- iya
- tidak",iya
6958,id_hatespeech,id_hatespeech_nusantara_text,fd489c1d-f519-4d6f-9de4-9a9ed872720a,hate_or_noHate_zs_opt_kategori,train,"Menurutmu, apakah teks berikut: Karna dia ga punya program hanya modal bacot doang, termasuk dalam kategori ujaran kebencian atau tidak?
- iya
- tidak",iya
6959,id_hatespeech,id_hatespeech_nusantara_text,fd489c1d-f519-4d6f-9de4-9a9ed872720a,hate_or_noHate_zs_opt_kategori,train,"Menurutmu, apakah teks berikut: Pendukung berarti dia bagian dr penista agama tersebut!!! Dukung gerakan ini 100%, termasuk dalam kategori ujaran kebencian atau tidak?
- iya
- tidak",iya
6960,id_hatespeech,id_hatespeech_nusantara_text,fd489c1d-f519-4d6f-9de4-9a9ed872720a,hate_or_noHate_zs_opt_kategori,train,"Menurutmu, apakah teks berikut: Narkoba yg paling berbahaya adalah ILUSI KESUCIAN AHOK SANG PENISTA., termasuk dalam kategori ujaran kebencian atau tidak?
- iya
- tidak",iya
6961,id_hatespeech,id_hatespeech_nusantara_text,fd489c1d-f519-4d6f-9de4-9a9ed872720a,hate_or_noHate_zs_opt_kategori,train,"Menurutmu, apakah teks berikut: @tribunnews emang ahok siapa?? Orang penting?? Dia hanya penista agama!!, termasuk dalam kategori ujaran kebencian atau tidak?
- iya
- tidak",iya
6962,id_hatespeech,id_hatespeech_nusantara_text,fd489c1d-f519-4d6f-9de4-9a9ed872720a,hate_or_noHate_zs_opt_kategori,train,"Menurutmu, apakah teks berikut: cina mah duitnya dari hasil maling di Indonesia di balikin lgi berkedok invest plus bawa gembel2 & napi dari Cina negeri nenek moyang ahok, termasuk dalam kategori ujaran kebencian atau tidak?
- iya
- tidak",iya
6963,id_hatespeech,id_hatespeech_nusantara_text,fd489c1d-f519-4d6f-9de4-9a9ed872720a,hate_or_noHate_zs_opt_kategori,train,"Menurutmu, apakah teks berikut: Tangkap Ahok @basuki_btp skrng juga, koruptor reklamasi Jakarta dan penista Agama Islam., termasuk dalam kategori ujaran kebencian atau tidak?
- iya
- tidak",iya
6964,id_hatespeech,id_hatespeech_nusantara_text,fd489c1d-f519-4d6f-9de4-9a9ed872720a,hate_or_noHate_zs_opt_kategori,train,"Menurutmu, apakah teks berikut: keliatan banget bego nya mpok silvy and agus. #DebatFinalPilkadaJKT, termasuk dalam kategori ujaran kebencian atau tidak?
- iya
- tidak",iya
6965,id_hatespeech,id_hatespeech_nusantara_text,fd489c1d-f519-4d6f-9de4-9a9ed872720a,hate_or_noHate_zs_opt_kategori,train,"Menurutmu, apakah teks berikut: Yg Ahokers, Klo gak seneng ama cuitan gw silahkan unfollow krn gw Anti AHOK (Si Penista Agama Islam), termasuk dalam kategori ujaran kebencian atau tidak?
- iya
- tidak",iya
6966,id_hatespeech,id_hatespeech_nusantara_text,fd489c1d-f519-4d6f-9de4-9a9ed872720a,hate_or_noHate_zs_opt_kategori,train,"Menurutmu, apakah teks berikut: AGAMA DI NISTAKAN! ULAMA DI LECEHKAN!! Ini Alasannya #HaramPemimpinKafir, termasuk dalam kategori ujaran kebencian atau tidak?
- iya
- tidak",iya
6967,id_hatespeech,id_hatespeech_nusantara_text,fd489c1d-f519-4d6f-9de4-9a9ed872720a,hate_or_noHate_zs_opt_kategori,train,"Menurutmu, apakah teks berikut: RT @FredyBastian3: Cara serang Ahok : Kafir galak, termasuk dalam kategori ujaran kebencian atau tidak?
- iya
- tidak",iya
6968,id_hatespeech,id_hatespeech_nusantara_text,fd489c1d-f519-4d6f-9de4-9a9ed872720a,hate_or_noHate_zs_opt_kategori,train,"Menurutmu, apakah teks berikut: @umnia77 @ruhutsitompul @sahal_as anjing2 ahok.kaum babi lo bnyk bacot.mnding duel sma gw., termasuk dalam kategori ujaran kebencian atau tidak?
- iya
- tidak",iya
6969,id_hatespeech,id_hatespeech_nusantara_text,fd489c1d-f519-4d6f-9de4-9a9ed872720a,hate_or_noHate_zs_opt_kategori,train,"Menurutmu, apakah teks berikut: Ahok memang verbalnya keras. Pelampiasan dan pelarian karena kelelakiannya lunak., termasuk dalam kategori ujaran kebencian atau tidak?
- iya
- tidak",iya
6970,id_hatespeech,id_hatespeech_nusantara_text,fd489c1d-f519-4d6f-9de4-9a9ed872720a,hate_or_noHate_zs_opt_kategori,train,"Menurutmu, apakah teks berikut: yg maling itu kan china2 babi BLBI , korupsi nya triliunan , termasuk si AHok korupsi 2 triliun.., termasuk dalam kategori ujaran kebencian atau tidak?
- iya
- tidak",iya
6971,id_hatespeech,id_hatespeech_nusantara_text,fd489c1d-f519-4d6f-9de4-9a9ed872720a,hate_or_noHate_zs_opt_kategori,train,"Menurutmu, apakah teks berikut: Mimpi djan farid jakarta lebih islami dari aceh jika ahok terpilih itu ibarat babi merindukan halal, termasuk dalam kategori ujaran kebencian atau tidak?
- iya
- tidak",iya
6972,id_hatespeech,id_hatespeech_nusantara_text,fd489c1d-f519-4d6f-9de4-9a9ed872720a,hate_or_noHate_zs_opt_kategori,train,"Menurutmu, apakah teks berikut: @KompasTV @ridwankamil ridwal kamil memang hebat dan top nggak kaya ahok tukang penista agama dan koruptor, termasuk dalam kategori ujaran kebencian atau tidak?
- iya
- tidak",iya
6973,id_hatespeech,id_hatespeech_nusantara_text,fd489c1d-f519-4d6f-9de4-9a9ed872720a,hate_or_noHate_zs_opt_kategori,train,"Menurutmu, apakah teks berikut: @TPK_RI ITULAH si ahok kutil babi, termasuk dalam kategori ujaran kebencian atau tidak?
- iya
- tidak",iya
6974,id_hatespeech,id_hatespeech_nusantara_text,fd489c1d-f519-4d6f-9de4-9a9ed872720a,hate_or_noHate_zs_opt_kategori,train,"Menurutmu, apakah teks berikut: Dasar si Kutil babi ahok memang Tukang Bohong. selain Bohong ahok jg biasa Menyalahkan yg lain menutupi Kegagalan nya . contoh soal banjir, termasuk dalam kategori ujaran kebencian atau tidak?
- iya
- tidak",iya
6975,id_hatespeech,id_hatespeech_nusantara_text,fd489c1d-f519-4d6f-9de4-9a9ed872720a,hate_or_noHate_zs_opt_kategori,train,"Menurutmu, apakah teks berikut: @PonkEcha @Fahrihamzah Si Terdakwa Penista Agama Alias Si Ahok Babi Jamban tuh yang Morfotin Uang Rakyat Jakarta, termasuk dalam kategori ujaran kebencian atau tidak?
- iya
- tidak",iya
6976,id_hatespeech,id_hatespeech_nusantara_text,fd489c1d-f519-4d6f-9de4-9a9ed872720a,hate_or_noHate_zs_opt_kategori,train,"Menurutmu, apakah teks berikut: Om...Ahoknya...Mana Om,Katanya Si BABi Ahok Bisa Ngatasi Banjir...Om...BABi Jgn Membual Om...?!!?, termasuk dalam kategori ujaran kebencian atau tidak?
- iya
- tidak",iya
6977,id_hatespeech,id_hatespeech_nusantara_text,fd489c1d-f519-4d6f-9de4-9a9ed872720a,hate_or_noHate_zs_opt_kategori,train,"Menurutmu, apakah teks berikut: kenapa anak babi jalan nya nunduk???karena malu liat ulah bapak nya yang ngebelain ahok.., termasuk dalam kategori ujaran kebencian atau tidak?
- iya
- tidak",iya
6978,id_hatespeech,id_hatespeech_nusantara_text,fd489c1d-f519-4d6f-9de4-9a9ed872720a,hate_or_noHate_zs_opt_kategori,train,"Menurutmu, apakah teks berikut: Perilaku Si BABI @jokoanwar ini memang benci dgn hal berbau Islam. Cocok dgn Ahok. @SiBonekaKayu, termasuk dalam kategori ujaran kebencian atau tidak?
- iya
- tidak",iya
6979,id_hatespeech,id_hatespeech_nusantara_text,fd489c1d-f519-4d6f-9de4-9a9ed872720a,hate_or_noHate_zs_opt_kategori,train,"Menurutmu, apakah teks berikut: @budimandjatmiko ahok si kutil babi kembali ke rumah lembang kenapa jakarta jadi banjir bud?, termasuk dalam kategori ujaran kebencian atau tidak?
- iya
- tidak",iya
6980,id_hatespeech,id_hatespeech_nusantara_text,fd489c1d-f519-4d6f-9de4-9a9ed872720a,hate_or_noHate_zs_opt_kategori,train,"Menurutmu, apakah teks berikut: #jujur orang cerdas dan pintar pilih orang imam dan mampu memimpin ..bisa sholat...bisa ngaji..santun, sopan..tidak seperti babi kafir ahok, termasuk dalam kategori ujaran kebencian atau tidak?
- iya
- tidak",iya
6981,id_hatespeech,id_hatespeech_nusantara_text,fd489c1d-f519-4d6f-9de4-9a9ed872720a,hate_or_noHate_zs_opt_kategori,train,"Menurutmu, apakah teks berikut: Teman Ahok emank TAI. apalagi pemimpinnya kek BABI! @temanahok, termasuk dalam kategori ujaran kebencian atau tidak?
- iya
- tidak",iya
6982,id_hatespeech,id_hatespeech_nusantara_text,fd489c1d-f519-4d6f-9de4-9a9ed872720a,hate_or_noHate_zs_opt_kategori,train,"Menurutmu, apakah teks berikut: Mana para babi ahok yg ngejek onta, biar di injek2 ama onta, termasuk dalam kategori ujaran kebencian atau tidak?
- iya
- tidak",iya
6983,id_hatespeech,id_hatespeech_nusantara_text,fd489c1d-f519-4d6f-9de4-9a9ed872720a,hate_or_noHate_zs_opt_kategori,train,"Menurutmu, apakah teks berikut: @gotcancer2 bukannya stigma babi itu milik tuhan elu si ahok kafir, termasuk dalam kategori ujaran kebencian atau tidak?
- iya
- tidak",iya
6984,id_hatespeech,id_hatespeech_nusantara_text,fd489c1d-f519-4d6f-9de4-9a9ed872720a,hate_or_noHate_zs_opt_kategori,train,"Menurutmu, apakah teks berikut: Kampungan ya pendukung AHY https:\/\/t.co\/GmezpOYLsY, termasuk dalam kategori ujaran kebencian atau tidak?
- iya
- tidak",iya
6985,id_hatespeech,id_hatespeech_nusantara_text,fd489c1d-f519-4d6f-9de4-9a9ed872720a,hate_or_noHate_zs_opt_kategori,train,"Menurutmu, apakah teks berikut: @Ananda_harahaP udah lu jgn panik gitu. ahok si kutil babi bakal tumbang kok di putaran kedua. teruskan cuapcuap mu di sosmed, gak ngaruh., termasuk dalam kategori ujaran kebencian atau tidak?
- iya
- tidak",iya
6986,id_hatespeech,id_hatespeech_nusantara_text,fd489c1d-f519-4d6f-9de4-9a9ed872720a,hate_or_noHate_zs_opt_kategori,train,"Menurutmu, apakah teks berikut: ahok tidak layak seperti manusia, dia lebih tepat seperti babi yg tidak punya akal pikiran dan jiwa manusiawi, termasuk dalam kategori ujaran kebencian atau tidak?
- iya
- tidak",iya
6987,id_hatespeech,id_hatespeech_nusantara_text,fd489c1d-f519-4d6f-9de4-9a9ed872720a,hate_or_noHate_zs_opt_kategori,train,"Menurutmu, apakah teks berikut: @haloJakarta Ahok (BTP) Basuki Tai Babi, termasuk dalam kategori ujaran kebencian atau tidak?
- iya
- tidak",iya
6988,id_hatespeech,id_hatespeech_nusantara_text,fd489c1d-f519-4d6f-9de4-9a9ed872720a,hate_or_noHate_zs_opt_kategori,train,"Menurutmu, apakah teks berikut: RT @diyahaudya: @yusuf_dumdum Yg ada, cacimaki penista agama tapi ternyata ketauan poligami ngumpet2. Apa mau digituin? Saya sih ogah., termasuk dalam kategori ujaran kebencian atau tidak?
- iya
- tidak",iya
6989,id_hatespeech,id_hatespeech_nusantara_text,fd489c1d-f519-4d6f-9de4-9a9ed872720a,hate_or_noHate_zs_opt_kategori,train,"Menurutmu, apakah teks berikut: @adichandramang2 @CummaRachel @korban_gusur iya , trump memang penista agama atau anti islam emang hubungannya dgn anis apa?, termasuk dalam kategori ujaran kebencian atau tidak?
- iya
- tidak",iya
6990,id_hatespeech,id_hatespeech_nusantara_text,fd489c1d-f519-4d6f-9de4-9a9ed872720a,hate_or_noHate_zs_opt_kategori,train,"Menurutmu, apakah teks berikut: @adichandramang2\nAda aseng KOPLO pembela si PENISTA AGAMA yg durjana nyuruh org lain ngaji!, termasuk dalam kategori ujaran kebencian atau tidak?
- iya
- tidak",iya
6991,id_hatespeech,id_hatespeech_nusantara_text,fd489c1d-f519-4d6f-9de4-9a9ed872720a,hate_or_noHate_zs_opt_kategori,train,"Menurutmu, apakah teks berikut: @bayprio Itulah kebodohan para penista agama, sudah saatnya pilih pemimpin yg mengerjakan shalat 5 waktu, termasuk dalam kategori ujaran kebencian atau tidak?
- iya
- tidak",iya
6992,id_hatespeech,id_hatespeech_nusantara_text,fd489c1d-f519-4d6f-9de4-9a9ed872720a,hate_or_noHate_zs_opt_kategori,train,"Menurutmu, apakah teks berikut: @iwanfals pilih Anis sandi doong..jgn pilih si penista agama pemecah NKRI, termasuk dalam kategori ujaran kebencian atau tidak?
- iya
- tidak",iya
6993,id_hatespeech,id_hatespeech_nusantara_text,fd489c1d-f519-4d6f-9de4-9a9ed872720a,hate_or_noHate_zs_opt_kategori,train,"Menurutmu, apakah teks berikut: @posmetroinfo Emang terdakwa penista agama, salahnya dimana coba, kl yg biasa bikin hoax metrotipu aman2 aja tuh dewan peres, termasuk dalam kategori ujaran kebencian atau tidak?
- iya
- tidak",iya
6994,id_hatespeech,id_hatespeech_nusantara_text,fd489c1d-f519-4d6f-9de4-9a9ed872720a,hate_or_noHate_zs_opt_kategori,train,"Menurutmu, apakah teks berikut: @RamadanMalka Pamor RK jadi seakan tak ada artinya jika parpol pengusungnya pendukung penista agama..., termasuk dalam kategori ujaran kebencian atau tidak?
- iya
- tidak",iya
6995,id_hatespeech,id_hatespeech_nusantara_text,fd489c1d-f519-4d6f-9de4-9a9ed872720a,hate_or_noHate_zs_opt_kategori,train,"Menurutmu, apakah teks berikut: @RestySeterah si ahok pantasnya dinobatkan sbgai Babi ngepret, termasuk dalam kategori ujaran kebencian atau tidak?
- iya
- tidak",iya
6996,id_hatespeech,id_hatespeech_nusantara_text,fd489c1d-f519-4d6f-9de4-9a9ed872720a,hate_or_noHate_zs_opt_kategori,train,"Menurutmu, apakah teks berikut: @roninpribumi @dewanpers yg salah itu mereka menulis TERDAKWA PENISTA AGAMA,coba klo ditulis BAGINDA YANG MULIA pasti ga masalah..cuih.., termasuk dalam kategori ujaran kebencian atau tidak?
- iya
- tidak",iya
6997,id_hatespeech,id_hatespeech_nusantara_text,fd489c1d-f519-4d6f-9de4-9a9ed872720a,hate_or_noHate_zs_opt_kategori,train,"Menurutmu, apakah teks berikut: Faktanya Cina2 parasit tuh ngotot belain si penista Agama @PradanaBhakti @IrianaPasirua @PutraSumedang18 @khoirulilham12 @ronavioleta, termasuk dalam kategori ujaran kebencian atau tidak?
- iya
- tidak",iya
6998,id_hatespeech,id_hatespeech_nusantara_text,fd489c1d-f519-4d6f-9de4-9a9ed872720a,hate_or_noHate_zs_opt_kategori,train,"Menurutmu, apakah teks berikut: jokowi ratu adil apaan..??? dia ga ada keturunan darah biruadanya DARAH KOTOR cina babi..!!! https://t.co/JtwFRRdLF4, termasuk dalam kategori ujaran kebencian atau tidak?
- iya
- tidak",iya
6999,id_hatespeech,id_hatespeech_nusantara_text,fd489c1d-f519-4d6f-9de4-9a9ed872720a,hate_or_noHate_zs_opt_kategori,train,"Menurutmu, apakah teks berikut: RT @RestySeterah: Keren nih apps kawal TPS .. Yuk gabung buat pastikan cagub terdakwa penista Agama lebih cepat diantar kehabitatnya, termasuk dalam kategori ujaran kebencian atau tidak?
- iya
- tidak",iya
7000,id_hatespeech,id_hatespeech_nusantara_text,fd489c1d-f519-4d6f-9de4-9a9ed872720a,hate_or_noHate_zs_opt_kategori,train,"Menurutmu, apakah teks berikut: Kalau lo gak tau apa-apa ya jangan berkoar sembarangan dong, keliatan banget kalau lo itu beneran bego :)) #FuckYou, termasuk dalam kategori ujaran kebencian atau tidak?
- iya
- tidak",iya
7001,id_hatespeech,id_hatespeech_nusantara_text,fd489c1d-f519-4d6f-9de4-9a9ed872720a,hate_or_noHate_zs_opt_kategori,train,"Menurutmu, apakah teks berikut: @AHMADDHANIPRAST ahmad dhani yang terhormat paling babi paling anjing aing kontol paling lonte tungu saat nya karier mu akan habis!!!!, termasuk dalam kategori ujaran kebencian atau tidak?
- iya
- tidak",iya
7002,id_hatespeech,id_hatespeech_nusantara_text,fd489c1d-f519-4d6f-9de4-9a9ed872720a,hate_or_noHate_zs_opt_kategori,train,"Menurutmu, apakah teks berikut: Kang @ridwankamil ,fakta hari ini,partai pendukung si penista agama sangat dibenci rakyat,termasuk rakyat Jabar. https://t.co/b2WetyvrbZ, termasuk dalam kategori ujaran kebencian atau tidak?
- iya
- tidak",iya
7003,id_hatespeech,id_hatespeech_nusantara_text,fd489c1d-f519-4d6f-9de4-9a9ed872720a,hate_or_noHate_zs_opt_kategori,train,"Menurutmu, apakah teks berikut: plis jangan sok kecantikan selalu pacarin artis2 yang lagi meletek, jijik gw liatnya, termasuk dalam kategori ujaran kebencian atau tidak?
- iya
- tidak",iya
7004,id_hatespeech,id_hatespeech_nusantara_text,fd489c1d-f519-4d6f-9de4-9a9ed872720a,hate_or_noHate_zs_opt_kategori,train,"Menurutmu, apakah teks berikut: paling mau muntah liat lagak nya @AHMADDHANIPRAST, jadi orang sok iye banget hoek, termasuk dalam kategori ujaran kebencian atau tidak?
- iya
- tidak",iya
7005,id_hatespeech,id_hatespeech_nusantara_text,fd489c1d-f519-4d6f-9de4-9a9ed872720a,hate_or_noHate_zs_opt_kategori,train,"Menurutmu, apakah teks berikut: @Metro_TV kalau boleh saya ngomong ingin saya katakan ahmad dhani monyet babi anjing. tapi itu tidak boleh, termasuk dalam kategori ujaran kebencian atau tidak?
- iya
- tidak",iya
7006,id_hatespeech,id_hatespeech_nusantara_text,fd489c1d-f519-4d6f-9de4-9a9ed872720a,hate_or_noHate_zs_opt_kategori,train,"Menurutmu, apakah teks berikut: perempuan kaya lo mending mati aja deh, jelek aja, gausa sok jadi make up artist!, termasuk dalam kategori ujaran kebencian atau tidak?
- iya
- tidak",iya
7007,id_hatespeech,id_hatespeech_nusantara_text,fd489c1d-f519-4d6f-9de4-9a9ed872720a,hate_or_noHate_zs_opt_kategori,train,"Menurutmu, apakah teks berikut: ahmad dhani itu borok, sampah, babi, anjing. Saya adalah orang pertama yg sangat muak liat muka dhani dan saya berbangga., termasuk dalam kategori ujaran kebencian atau tidak?
- iya
- tidak",iya
7008,id_hatespeech,id_hatespeech_nusantara_text,fd489c1d-f519-4d6f-9de4-9a9ed872720a,hate_or_noHate_zs_opt_kategori,train,"Menurutmu, apakah teks berikut: Lah emang sdh jelas2 si ahok terdakwa penista agama. Malu woy! https://t.co/2K0HlMpR9t, termasuk dalam kategori ujaran kebencian atau tidak?
- iya
- tidak",iya
7009,id_hatespeech,id_hatespeech_nusantara_text,fd489c1d-f519-4d6f-9de4-9a9ed872720a,hate_or_noHate_zs_opt_kategori,train,"Menurutmu, apakah teks berikut: Keputusan ERKA hari ini harus kita HORMATI, begitupun sebaliknya KAMI tidak akan memilih partai pendukung PENISTA AGAMA., termasuk dalam kategori ujaran kebencian atau tidak?
- iya
- tidak",iya
7010,id_hatespeech,id_hatespeech_nusantara_text,fd489c1d-f519-4d6f-9de4-9a9ed872720a,hate_or_noHate_zs_opt_kategori,train,"Menurutmu, apakah teks berikut: Lupakan @ridwankamil biarkan karam dg kapal munafiknya. kita bangun jabar dg kapal yg bersih. Delete partai pendukung penista agama dari hati, termasuk dalam kategori ujaran kebencian atau tidak?
- iya
- tidak",iya
7011,id_hatespeech,id_hatespeech_nusantara_text,fd489c1d-f519-4d6f-9de4-9a9ed872720a,hate_or_noHate_zs_opt_kategori,train,"Menurutmu, apakah teks berikut: Masalah dunia dan masalah nafsu ya kang @ridwankamil . Kata2 kok bersayap kayak burung hantu. https://t.co/mwClbkU4sT, termasuk dalam kategori ujaran kebencian atau tidak?
- iya
- tidak",iya
7012,id_hatespeech,id_hatespeech_nusantara_text,fd489c1d-f519-4d6f-9de4-9a9ed872720a,hate_or_noHate_zs_opt_kategori,train,"Menurutmu, apakah teks berikut: Penista Agama menjadi Santri Kehormatan.Yang kasih ini ke ahok otaknya perlu direparasi.Demi Pulkada nama Santri yg baik kailan jual belikan, termasuk dalam kategori ujaran kebencian atau tidak?
- iya
- tidak",iya
7013,id_hatespeech,id_hatespeech_nusantara_text,fd489c1d-f519-4d6f-9de4-9a9ed872720a,hate_or_noHate_zs_opt_kategori,train,"Menurutmu, apakah teks berikut: Payah banget @ridwankamil maju Jabar1 pakai partai Nasdem pendukung penista agama, ente lagi butuh uang ya kang? Payah loe!!, termasuk dalam kategori ujaran kebencian atau tidak?
- iya
- tidak",iya
7014,id_hatespeech,id_hatespeech_nusantara_text,fd489c1d-f519-4d6f-9de4-9a9ed872720a,hate_or_noHate_zs_opt_kategori,train,"Menurutmu, apakah teks berikut: polisi yg jadi imam sholat ini adalah seorang penista agama, bodoh, BERISLAM cuma ikut2an. COPOT KAPOLRES JAKBAR !! https://t.co/s2h2Ybrthm, termasuk dalam kategori ujaran kebencian atau tidak?
- iya
- tidak",iya
7015,id_hatespeech,id_hatespeech_nusantara_text,fd489c1d-f519-4d6f-9de4-9a9ed872720a,hate_or_noHate_zs_opt_kategori,train,"Menurutmu, apakah teks berikut: RT @ferdyfrodoo: @bayprio Itulah kebodohan para penista agama, sudah saatnya pilih pemimpin yg mengerjakan shalat 5 waktu, termasuk dalam kategori ujaran kebencian atau tidak?
- iya
- tidak",iya
7016,id_hatespeech,id_hatespeech_nusantara_text,fd489c1d-f519-4d6f-9de4-9a9ed872720a,hate_or_noHate_zs_opt_kategori,train,"Menurutmu, apakah teks berikut: RT @Ra_Ria_Rana: GAK HABIS PIKIR???\n\nTINGGAL NUNGGU ADZAB ALLAH NIH NEGERI,,,, PEMIMPINNYA SDH DZALIM https://t.co/UmZK4bTyi4, termasuk dalam kategori ujaran kebencian atau tidak?
- iya
- tidak",iya
7017,id_hatespeech,id_hatespeech_nusantara_text,fd489c1d-f519-4d6f-9de4-9a9ed872720a,hate_or_noHate_zs_opt_kategori,train,"Menurutmu, apakah teks berikut: Sini lu, kami enggak mau kampung kami didatangi sama penista agama, https://t.co/1z3MtHs9ck, termasuk dalam kategori ujaran kebencian atau tidak?
- iya
- tidak",iya
7018,id_hatespeech,id_hatespeech_nusantara_text,fd489c1d-f519-4d6f-9de4-9a9ed872720a,hate_or_noHate_zs_opt_kategori,train,"Menurutmu, apakah teks berikut: SETUJU SAYA,KLAU AHOK DAPAT GELAR SANTRI KEHORMATAN.... TAPI SANTRI KEHORMATAN BABI.... https://t.co/uD16d7Gwhd, termasuk dalam kategori ujaran kebencian atau tidak?
- iya
- tidak",iya
7019,id_hatespeech,id_hatespeech_nusantara_text,fd489c1d-f519-4d6f-9de4-9a9ed872720a,hate_or_noHate_zs_opt_kategori,train,"Menurutmu, apakah teks berikut: Senang dong ada yg fans mati sampai lupa kalau dia bego banget https://t.co/ctJFC5a8Zz, termasuk dalam kategori ujaran kebencian atau tidak?
- iya
- tidak",iya
7020,id_hatespeech,id_hatespeech_nusantara_text,fd489c1d-f519-4d6f-9de4-9a9ed872720a,hate_or_noHate_zs_opt_kategori,train,"Menurutmu, apakah teks berikut: @AHMADDHANIPRAST LO TUH BABI ANJING. Mampus kalah jatuh miskin deh #bekasisah, termasuk dalam kategori ujaran kebencian atau tidak?
- iya
- tidak",iya
7021,id_hatespeech,id_hatespeech_nusantara_text,fd489c1d-f519-4d6f-9de4-9a9ed872720a,hate_or_noHate_zs_opt_kategori,train,"Menurutmu, apakah teks berikut: @bayprio : Si AHOAK @basuki_btp CINA ANJING KAFIR PENISTA AGAMA ISLAM....!!!, termasuk dalam kategori ujaran kebencian atau tidak?
- iya
- tidak",iya
7022,id_hatespeech,id_hatespeech_nusantara_text,fd489c1d-f519-4d6f-9de4-9a9ed872720a,hate_or_noHate_zs_opt_kategori,train,"Menurutmu, apakah teks berikut: @AHMADDHANIPRAST aku katakan anjing kpd ahmad dani, boleh....aku katakan babi kpd ahmad dhani, boleh..., termasuk dalam kategori ujaran kebencian atau tidak?
- iya
- tidak",iya
7023,id_hatespeech,id_hatespeech_nusantara_text,fd489c1d-f519-4d6f-9de4-9a9ed872720a,hate_or_noHate_zs_opt_kategori,train,"Menurutmu, apakah teks berikut: @Bisniscom haha memaki untuk melawan mah harus, drpd ditindas pemimpin munafik melindungi penista agama, dll. Agama no 1 (islam), taubat rot, termasuk dalam kategori ujaran kebencian atau tidak?
- iya
- tidak",iya
7024,id_hatespeech,id_hatespeech_nusantara_text,fd489c1d-f519-4d6f-9de4-9a9ed872720a,hate_or_noHate_zs_opt_kategori,train,"Menurutmu, apakah teks berikut: @Anakran63208433 @5ec4a1e80d3c48c @aniesbaswedan pikiran anak bani kampret g beda jauh sma penista agama. Penfitnah, Penipu Dan Garong.., termasuk dalam kategori ujaran kebencian atau tidak?
- iya
- tidak",iya
7025,id_hatespeech,id_hatespeech_nusantara_text,fd489c1d-f519-4d6f-9de4-9a9ed872720a,hate_or_noHate_zs_opt_kategori,train,"Menurutmu, apakah teks berikut: @Gemacan70 itu yg cewe pake kerudung ngapain ya? Setiap kali konfrensi pers ada aja.. Pencitraan Islami kaliiii... Bwahaha..!!, termasuk dalam kategori ujaran kebencian atau tidak?
- iya
- tidak",iya
7026,id_hatespeech,id_hatespeech_nusantara_text,fd489c1d-f519-4d6f-9de4-9a9ed872720a,hate_or_noHate_zs_opt_kategori,train,"Menurutmu, apakah teks berikut: @republikaonline spt ahok dulu .. nasdem disusul dg cs nya .. yg mendukung paslon penista agama dan tukang caci maki tai tai .., termasuk dalam kategori ujaran kebencian atau tidak?
- iya
- tidak",iya
7027,id_hatespeech,id_hatespeech_nusantara_text,fd489c1d-f519-4d6f-9de4-9a9ed872720a,hate_or_noHate_zs_opt_kategori,train,"Menurutmu, apakah teks berikut: @topan_julian1 kalo mecin jangan dijadiin cemilan mangkannya kang. Jadi begonya bego banget., termasuk dalam kategori ujaran kebencian atau tidak?
- iya
- tidak",iya
7028,id_hatespeech,id_hatespeech_nusantara_text,fd489c1d-f519-4d6f-9de4-9a9ed872720a,hate_or_noHate_zs_opt_kategori,train,"Menurutmu, apakah teks berikut: @ulinyusron cm didoain kalau saya mah ketemu si penista agama langsung saya ceburin laut yg direklamasi ijin sembunyi2 buat tumbal reklamasi, termasuk dalam kategori ujaran kebencian atau tidak?
- iya
- tidak",iya
7029,id_hatespeech,id_hatespeech_nusantara_text,fd489c1d-f519-4d6f-9de4-9a9ed872720a,hate_or_noHate_zs_opt_kategori,train,"Menurutmu, apakah teks berikut: @ymerdeka33 @ach_qodr @basuki_btp cabe2an bisa nya hanya bbm.n facrbook.n!! Masalah politik mana tau doi, tau nya berita2 sampah pencitraan, termasuk dalam kategori ujaran kebencian atau tidak?
- iya
- tidak",iya
7030,id_hatespeech,id_hatespeech_nusantara_text,fd489c1d-f519-4d6f-9de4-9a9ed872720a,hate_or_noHate_zs_opt_kategori,train,"Menurutmu, apakah teks berikut: INI MANUSIA APA ANJING MATI-MATIAN RELA JADI MURTADZ DEMI BABI AHOK KAFIR. https://t.co/2XXN5CFdVM, termasuk dalam kategori ujaran kebencian atau tidak?
- iya
- tidak",iya
7031,id_hatespeech,id_hatespeech_nusantara_text,fd489c1d-f519-4d6f-9de4-9a9ed872720a,hate_or_noHate_zs_opt_kategori,train,"Menurutmu, apakah teks berikut: ini semua berawal dari AHOK JAMBAN yg dibela aparat, para kristen serta china kafir yang lain semakin berani menghi https://t.co/qUutkrlsP3, termasuk dalam kategori ujaran kebencian atau tidak?
- iya
- tidak",iya
7032,id_hatespeech,id_hatespeech_nusantara_text,fd489c1d-f519-4d6f-9de4-9a9ed872720a,hate_or_noHate_zs_opt_kategori,train,"Menurutmu, apakah teks berikut: Kami lebih resah anda jd presiden!!!! hidup anda penuh drama dan pencitraan, main FTV aja joko judulnya https://t.co/T2BUgLTnUO, termasuk dalam kategori ujaran kebencian atau tidak?
- iya
- tidak",iya
7033,id_hatespeech,id_hatespeech_nusantara_text,fd489c1d-f519-4d6f-9de4-9a9ed872720a,hate_or_noHate_zs_opt_kategori,train,"Menurutmu, apakah teks berikut: Mana bisa percya lagi,sdgkan induknya penista smp skrg lum ditahan tp malah dibela. https://t.co/Oc1vGdX0Z4, termasuk dalam kategori ujaran kebencian atau tidak?
- iya
- tidak",iya
7034,id_hatespeech,id_hatespeech_nusantara_text,fd489c1d-f519-4d6f-9de4-9a9ed872720a,hate_or_noHate_zs_opt_kategori,train,"Menurutmu, apakah teks berikut: Mari seluruh Muslim CYBER Army mulai skrg ganti semua sebutan A....K menjadi Terdakwa Penista Agama !, termasuk dalam kategori ujaran kebencian atau tidak?
- iya
- tidak",iya
7035,id_hatespeech,id_hatespeech_nusantara_text,fd489c1d-f519-4d6f-9de4-9a9ed872720a,hate_or_noHate_zs_opt_kategori,train,"Menurutmu, apakah teks berikut: Orang Islam lebih suka si HOAX penista agama, menjaga lisan dan tindakan dari hal-hal yang merusak hubungan... https://t.co/FLhW31wXdU, termasuk dalam kategori ujaran kebencian atau tidak?
- iya
- tidak",iya
7036,id_hatespeech,id_hatespeech_nusantara_text,fd489c1d-f519-4d6f-9de4-9a9ed872720a,hate_or_noHate_zs_opt_kategori,train,"Menurutmu, apakah teks berikut: RT @izzah_pandeka: #Nomor2Koruptor negeri para korup diasuh cino babi https://t.co/wJXalyPxPn, termasuk dalam kategori ujaran kebencian atau tidak?
- iya
- tidak",iya
7037,id_hatespeech,id_hatespeech_nusantara_text,fd489c1d-f519-4d6f-9de4-9a9ed872720a,hate_or_noHate_zs_opt_kategori,train,"Menurutmu, apakah teks berikut: RT @Gemacan70: Hajar bleh hanya untuk bela #Nomor2Koruptor...cuihhhhhh https://t.co/o4nnZBkNYS, termasuk dalam kategori ujaran kebencian atau tidak?
- iya
- tidak",iya
7038,id_hatespeech,id_hatespeech_nusantara_text,fd489c1d-f519-4d6f-9de4-9a9ed872720a,hate_or_noHate_zs_opt_kategori,train,"Menurutmu, apakah teks berikut: RT @korban_gusur: @RakyatBiasa1945 Ada CEBONG GENDHENG NGAMUK2 belain si HOMO PENISTA AGAMA!! HAHAHA @OshMuslim @RebusKentang @m3g4, termasuk dalam kategori ujaran kebencian atau tidak?
- iya
- tidak",iya
7039,id_hatespeech,id_hatespeech_nusantara_text,fd489c1d-f519-4d6f-9de4-9a9ed872720a,hate_or_noHate_zs_opt_kategori,train,"Menurutmu, apakah teks berikut: RT @Ustadtengku1: @RizieqSyihabFPI tolol itu banyak yg bela penista agama walau sudah tersangka, termasuk dalam kategori ujaran kebencian atau tidak?
- iya
- tidak",iya
7040,id_hatespeech,id_hatespeech_nusantara_text,fd489c1d-f519-4d6f-9de4-9a9ed872720a,hate_or_noHate_zs_opt_kategori,train,"Menurutmu, apakah teks berikut: Orang punya saksi anjing dikasus babi.. Tolol https://t.co/ssePg5FCXm, termasuk dalam kategori ujaran kebencian atau tidak?
- iya
- tidak",iya
7041,id_hatespeech,id_hatespeech_nusantara_text,fd489c1d-f519-4d6f-9de4-9a9ed872720a,hate_or_noHate_zs_opt_kategori,train,"Menurutmu, apakah teks berikut: Si Ahok kampret emang gak becus kerja. Pencitraan mlulu tuh si Ahok kampret. https://t.co/yM5ViOFvpc, termasuk dalam kategori ujaran kebencian atau tidak?
- iya
- tidak",iya
7042,id_hatespeech,id_hatespeech_nusantara_text,fd489c1d-f519-4d6f-9de4-9a9ed872720a,hate_or_noHate_zs_opt_kategori,train,"Menurutmu, apakah teks berikut: Sini lu, kami enggak mau kampung kami didatangi sama penista agama, https://t.co/1z3MtHs9ck, termasuk dalam kategori ujaran kebencian atau tidak?
- iya
- tidak",iya
7043,id_hatespeech,id_hatespeech_nusantara_text,fd489c1d-f519-4d6f-9de4-9a9ed872720a,hate_or_noHate_zs_opt_kategori,train,"Menurutmu, apakah teks berikut: Tanda2 kiamat x yak, masih banyak aja orang muslim yg mengingkari Al-Quran dan pilih Penista Agama. #Nomor2Koruptor #Nomor2Koruptor, termasuk dalam kategori ujaran kebencian atau tidak?
- iya
- tidak",iya
7044,id_hatespeech,id_hatespeech_nusantara_text,fd489c1d-f519-4d6f-9de4-9a9ed872720a,hate_or_noHate_zs_opt_kategori,train,"Menurutmu, apakah teks berikut: #JanganMauDibohongiAhok sebab Ahok Sumber Kekacauan Politik, Ramaikan Aski 313 FIGHT!! https://t.co/WOBxlxvZnx, termasuk dalam kategori ujaran kebencian atau tidak?
- iya
- tidak",iya
7045,id_hatespeech,id_hatespeech_nusantara_text,fd489c1d-f519-4d6f-9de4-9a9ed872720a,hate_or_noHate_zs_opt_kategori,train,"Menurutmu, apakah teks berikut: #MataNajwaDebatJakarta Anies anda SADIS. Topengmu terbuka lebar malam ini. Biar warga DKI yg menilai...apa yg anda katakan adalah PENGECUT, termasuk dalam kategori ujaran kebencian atau tidak?
- iya
- tidak",iya
7046,id_hatespeech,id_hatespeech_nusantara_text,fd489c1d-f519-4d6f-9de4-9a9ed872720a,hate_or_noHate_zs_opt_kategori,train,"Menurutmu, apakah teks berikut: Anies congornya aja gede. Realisasinya gak ada. Janji terus dari awal bisanya paling korupsi. Balik jadi dosen aja bangsat., termasuk dalam kategori ujaran kebencian atau tidak?
- iya
- tidak",iya
7047,id_hatespeech,id_hatespeech_nusantara_text,fd489c1d-f519-4d6f-9de4-9a9ed872720a,hate_or_noHate_zs_opt_kategori,train,"Menurutmu, apakah teks berikut: #MataNajwaDebatJakarta Hebatnya, Ahok masih mau salaman loh sm Pak Anies yang Amat terhormat. Idih gw sih ogah., termasuk dalam kategori ujaran kebencian atau tidak?
- iya
- tidak",iya
7048,id_hatespeech,id_hatespeech_nusantara_text,fd489c1d-f519-4d6f-9de4-9a9ed872720a,hate_or_noHate_zs_opt_kategori,train,"Menurutmu, apakah teks berikut: #MataNajwaDebatJakarta kalau untuk urusan bacot memang anis nya juaranya..memang kita bakal makan bacot di jakarta..haha..paslon yg aneh gede bacot doang., termasuk dalam kategori ujaran kebencian atau tidak?
- iya
- tidak",iya
7049,id_hatespeech,id_hatespeech_nusantara_text,fd489c1d-f519-4d6f-9de4-9a9ed872720a,hate_or_noHate_zs_opt_kategori,train,"Menurutmu, apakah teks berikut: #MataNajwaDebatJakarta pak anies banyak omdo dulu waktu jd menteri terobosannya apa?? skrg ngomong ky sok Jago bgt, termasuk dalam kategori ujaran kebencian atau tidak?
- iya
- tidak",iya
7050,id_hatespeech,id_hatespeech_nusantara_text,fd489c1d-f519-4d6f-9de4-9a9ed872720a,hate_or_noHate_zs_opt_kategori,train,"Menurutmu, apakah teks berikut: #MataNajwaDebatJakarta si Cina Babi ahok bloon banget. Sok pinter banget lagi. Asal bukan Ahok, termasuk dalam kategori ujaran kebencian atau tidak?
- iya
- tidak",iya
7051,id_hatespeech,id_hatespeech_nusantara_text,fd489c1d-f519-4d6f-9de4-9a9ed872720a,hate_or_noHate_zs_opt_kategori,train,"Menurutmu, apakah teks berikut: #MataNajwaDebatJakarta lucu banget jawaban ahok.. gak nyambung. Ditanya apa di jawab apa. Kena skak mat d pertanyaan isu agama tdi. Dasar cina tolol hahaha, termasuk dalam kategori ujaran kebencian atau tidak?
- iya
- tidak",iya
7052,id_hatespeech,id_hatespeech_nusantara_text,fd489c1d-f519-4d6f-9de4-9a9ed872720a,hate_or_noHate_zs_opt_kategori,train,"Menurutmu, apakah teks berikut: #MataNajwaDebatJakarta topeng anda hari ini fix terbuka @aniesbaswedan .. anda sama dgn yg mendukung anda.. BAU BUSUK, termasuk dalam kategori ujaran kebencian atau tidak?
- iya
- tidak",iya
7053,id_hatespeech,id_hatespeech_nusantara_text,fd489c1d-f519-4d6f-9de4-9a9ed872720a,hate_or_noHate_zs_opt_kategori,train,"Menurutmu, apakah teks berikut: #MataNajwaDebatJakarta Pak Anies suka nyinyir, suka memutar balik kan fakta, ga punya program yg jelas bisanya jelekkan kinerja pak Basuki, termasuk dalam kategori ujaran kebencian atau tidak?
- iya
- tidak",iya
7054,id_hatespeech,id_hatespeech_nusantara_text,fd489c1d-f519-4d6f-9de4-9a9ed872720a,hate_or_noHate_zs_opt_kategori,train,"Menurutmu, apakah teks berikut: Babi... iya memang si Ahok gak jauh kayak Babi.., termasuk dalam kategori ujaran kebencian atau tidak?
- iya
- tidak",iya
7055,id_hatespeech,id_hatespeech_nusantara_text,fd489c1d-f519-4d6f-9de4-9a9ed872720a,hate_or_noHate_zs_opt_kategori,train,"Menurutmu, apakah teks berikut: Si tengkuk babi sipit bangke agen dajjal mau jadi onta hahaha. Orang waras juga tau kasus ahok dipaksakan!!, termasuk dalam kategori ujaran kebencian atau tidak?
- iya
- tidak",iya
7056,id_hatespeech,id_hatespeech_nusantara_text,fd489c1d-f519-4d6f-9de4-9a9ed872720a,hate_or_noHate_zs_opt_kategori,train,"Menurutmu, apakah teks berikut: itu kan kata ahok kafir..umat islam anti ahok karena ahok itu kafr ditambah ahok itu cina yg suka makan babi & bir, termasuk dalam kategori ujaran kebencian atau tidak?
- iya
- tidak",iya
7057,id_hatespeech,id_hatespeech_nusantara_text,fd489c1d-f519-4d6f-9de4-9a9ed872720a,hate_or_noHate_zs_opt_kategori,train,"Menurutmu, apakah teks berikut: gw harus bilang Babi Ahok apa dong selain kafir, gw hanya pengen gerombolannyA Babi Ahok merasakan bagaiamana klo di anjing2in, Bangsat2in, termasuk dalam kategori ujaran kebencian atau tidak?
- iya
- tidak",iya
7058,id_hatespeech,id_hatespeech_nusantara_text,fd489c1d-f519-4d6f-9de4-9a9ed872720a,hate_or_noHate_zs_opt_kategori,train,"Menurutmu, apakah teks berikut: sibabi china sangat biadab memperlakukan kaum PRIBUMI, dan para jongon2 spt banser & nu nusantara mendukung ketimpangan ini, biadabnya mrk!, termasuk dalam kategori ujaran kebencian atau tidak?
- iya
- tidak",iya
7059,id_hatespeech,id_hatespeech_nusantara_text,fd489c1d-f519-4d6f-9de4-9a9ed872720a,hate_or_noHate_zs_opt_kategori,train,"Menurutmu, apakah teks berikut: ahok kafir takut debat dengan rakyat asli pribumi nelayan dan para pakar reklamasi dari rakyat.. ahok kafir bencong, termasuk dalam kategori ujaran kebencian atau tidak?
- iya
- tidak",iya
7060,id_hatespeech,id_hatespeech_nusantara_text,fd489c1d-f519-4d6f-9de4-9a9ed872720a,hate_or_noHate_zs_opt_kategori,train,"Menurutmu, apakah teks berikut: nampaknya sudah satu paket penyokong cina babi pasti juga sokong LGBT, termasuk dalam kategori ujaran kebencian atau tidak?
- iya
- tidak",iya
7061,id_hatespeech,id_hatespeech_nusantara_text,fd489c1d-f519-4d6f-9de4-9a9ed872720a,hate_or_noHate_zs_opt_kategori,train,"Menurutmu, apakah teks berikut: kebiadaban ahok cina kafir anak2 rakyat kecil pribumi dan ibu2 islam semua digusur dari rumahnya serta kehidupannya, termasuk dalam kategori ujaran kebencian atau tidak?
- iya
- tidak",iya
7062,id_hatespeech,id_hatespeech_nusantara_text,fd489c1d-f519-4d6f-9de4-9a9ed872720a,hate_or_noHate_zs_opt_kategori,train,"Menurutmu, apakah teks berikut: tim ahok yg otak wc otak tumpul justru anies itu sdh komit sekali dgn pancasila ,ahok kafir sgt tdk bs berpancasila, termasuk dalam kategori ujaran kebencian atau tidak?
- iya
- tidak",iya
7063,id_hatespeech,id_hatespeech_nusantara_text,fd489c1d-f519-4d6f-9de4-9a9ed872720a,hate_or_noHate_zs_opt_kategori,train,"Menurutmu, apakah teks berikut: #MataNajwaDebatJakarta Pak Anies sudah meninggalkan ketenangan dan ketulusannya dalam debat malam ini, mjd agitatif dan licik. semoga kalah kau anjing, termasuk dalam kategori ujaran kebencian atau tidak?
- iya
- tidak",iya
7064,id_hatespeech,id_hatespeech_nusantara_text,fd489c1d-f519-4d6f-9de4-9a9ed872720a,hate_or_noHate_zs_opt_kategori,train,"Menurutmu, apakah teks berikut: SELAMA PROSES #SidangAhok WASPADAI ULAMA2 KUBU AHOK..YAKNI ULAMA2 ""MUNAFIK"" YANG SESAT DAN MENYESATKAN..!!, termasuk dalam kategori ujaran kebencian atau tidak?
- iya
- tidak",iya
7065,id_hatespeech,id_hatespeech_nusantara_text,fd489c1d-f519-4d6f-9de4-9a9ed872720a,hate_or_noHate_zs_opt_kategori,train,"Menurutmu, apakah teks berikut: anies akan merangkul dua2nya untuk persatuan tidak spt ente dangkal & cekak intelektual hanya jadi budak ahok kafir., termasuk dalam kategori ujaran kebencian atau tidak?
- iya
- tidak",iya
7066,id_hatespeech,id_hatespeech_nusantara_text,fd489c1d-f519-4d6f-9de4-9a9ed872720a,hate_or_noHate_zs_opt_kategori,train,"Menurutmu, apakah teks berikut: kebiadaban ahok cina kafir rakyat kecil yg jadi PKL & asongan2 digusur2 dan dianiaya spt teroris, ahok kafir biadab, termasuk dalam kategori ujaran kebencian atau tidak?
- iya
- tidak",iya
7067,id_hatespeech,id_hatespeech_nusantara_text,fd489c1d-f519-4d6f-9de4-9a9ed872720a,hate_or_noHate_zs_opt_kategori,train,"Menurutmu, apakah teks berikut: RT @LeonartoRabono: tapi kenyataanya jutaan rakyat kecil asli pribumi yg miskin justru semakin dimiskinkan oleh ahok cina kafir...., termasuk dalam kategori ujaran kebencian atau tidak?
- iya
- tidak",iya
7068,id_hatespeech,id_hatespeech_nusantara_text,fd489c1d-f519-4d6f-9de4-9a9ed872720a,hate_or_noHate_zs_opt_kategori,train,"Menurutmu, apakah teks berikut: Itulah Indonesia. Yg dibully org yg bener.Yg salah dan binatang2 seperti nomor tiga dibiarin berkeliaran #matanajwadebatjakarta pak an https://t.co/jYSg6x1A, termasuk dalam kategori ujaran kebencian atau tidak?
- iya
- tidak",iya
7069,id_hatespeech,id_hatespeech_nusantara_text,fd489c1d-f519-4d6f-9de4-9a9ed872720a,hate_or_noHate_zs_opt_kategori,train,"Menurutmu, apakah teks berikut: #SidangAhok smg sipenista agama n ateknya matinya tdk wjar n jasadnya tdk dtrma tnh n dia tdk prnh mrs kn sorga,aamiin semoga tuhan setuju, termasuk dalam kategori ujaran kebencian atau tidak?
- iya
- tidak",iya
7070,id_hatespeech,id_hatespeech_nusantara_text,fd489c1d-f519-4d6f-9de4-9a9ed872720a,hate_or_noHate_zs_opt_kategori,train,"Menurutmu, apakah teks berikut: iya,kelasnya penista agama,bs nya cm ngebacot doang yg arogan sk blg taik"" nenek lu,oh ya sumber waras n nama d kasus E ktp apkabar?skakmat, termasuk dalam kategori ujaran kebencian atau tidak?
- iya
- tidak",iya
7071,id_hatespeech,id_hatespeech_nusantara_text,fd489c1d-f519-4d6f-9de4-9a9ed872720a,hate_or_noHate_zs_opt_kategori,train,"Menurutmu, apakah teks berikut: Penjarakan semua cina kafir dan ateis! Termasuk Ahok pemimpin babi tukang korupsi!, termasuk dalam kategori ujaran kebencian atau tidak?
- iya
- tidak",iya
7072,id_hatespeech,id_hatespeech_nusantara_text,fd489c1d-f519-4d6f-9de4-9a9ed872720a,hate_or_noHate_zs_opt_kategori,train,"Menurutmu, apakah teks berikut: Kampanye rasis ngmg nya pihak ahok yg di untungkan.. Goblok kafir mana ada di untungkan.. Kalau pada di perkosa bunuh lu enak berduit, termasuk dalam kategori ujaran kebencian atau tidak?
- iya
- tidak",iya
7073,id_hatespeech,id_hatespeech_nusantara_text,fd489c1d-f519-4d6f-9de4-9a9ed872720a,hate_or_noHate_zs_opt_kategori,train,"Menurutmu, apakah teks berikut: hahaha idiot bilang kpd orang2 kafir terurama para nasrani pendukung2 ahok kafir jangan memasuki wilayah2 syariat islam, termasuk dalam kategori ujaran kebencian atau tidak?
- iya
- tidak",iya
7074,id_hatespeech,id_hatespeech_nusantara_text,fd489c1d-f519-4d6f-9de4-9a9ed872720a,hate_or_noHate_zs_opt_kategori,train,"Menurutmu, apakah teks berikut: I HASIL MAKMAK KALIAN JUAL PUKINYA. BAGI KSLIAN YG BERPIHAK KEPADA PKI DAN SI AHOK ANAK CHINA ANJING KAFIR INI. SERTA NKRI BUKAN DIDAPAT, termasuk dalam kategori ujaran kebencian atau tidak?
- iya
- tidak",iya
7075,id_hatespeech,id_hatespeech_nusantara_text,fd489c1d-f519-4d6f-9de4-9a9ed872720a,hate_or_noHate_zs_opt_kategori,train,"Menurutmu, apakah teks berikut: Tim pendukung sakit jiwa, kehilangan akal sehat & ide #IklanAhokJahat, termasuk dalam kategori ujaran kebencian atau tidak?
- iya
- tidak",iya
7076,id_hatespeech,id_hatespeech_nusantara_text,fd489c1d-f519-4d6f-9de4-9a9ed872720a,hate_or_noHate_zs_opt_kategori,train,"Menurutmu, apakah teks berikut: #IklanAhokJahat Hati hati Mereka Mulai Prustasi dan Memainkan Cara cara Kasar !! Karena hasil dari berbagai survei si penista agama kalah!!, termasuk dalam kategori ujaran kebencian atau tidak?
- iya
- tidak",iya
7077,id_hatespeech,id_hatespeech_nusantara_text,fd489c1d-f519-4d6f-9de4-9a9ed872720a,hate_or_noHate_zs_opt_kategori,train,"Menurutmu, apakah teks berikut: HOOKK, masuk gorong"" aja loe #IklanAhokJahat, termasuk dalam kategori ujaran kebencian atau tidak?
- iya
- tidak",iya
7078,id_hatespeech,id_hatespeech_nusantara_text,fd489c1d-f519-4d6f-9de4-9a9ed872720a,hate_or_noHate_zs_opt_kategori,train,"Menurutmu, apakah teks berikut: Kayak gini nih kampanye Tim AniesSandiUno ke kampung2 mengintimidasi masyarakat. Kampungan ye? #ASUtenan, termasuk dalam kategori ujaran kebencian atau tidak?
- iya
- tidak",iya
7079,id_hatespeech,id_hatespeech_nusantara_text,fd489c1d-f519-4d6f-9de4-9a9ed872720a,hate_or_noHate_zs_opt_kategori,train,"Menurutmu, apakah teks berikut: SI KUTIL BABI TELAH MELECEHKAN PRIBUMI DAN UMAT ISLAM #IklanAhokJahat, termasuk dalam kategori ujaran kebencian atau tidak?
- iya
- tidak",iya
7080,id_hatespeech,id_hatespeech_nusantara_text,fd489c1d-f519-4d6f-9de4-9a9ed872720a,hate_or_noHate_zs_opt_kategori,train,"Menurutmu, apakah teks berikut: NGOMONG AJA ENTE SAMA KACA! MEMECAH BELAH KERUKUNAN LAGI HOK ENTE BISANYA. NGACO! #IklanAhokJahat, termasuk dalam kategori ujaran kebencian atau tidak?
- iya
- tidak",iya
7081,id_hatespeech,id_hatespeech_nusantara_text,fd489c1d-f519-4d6f-9de4-9a9ed872720a,hate_or_noHate_zs_opt_kategori,train,"Menurutmu, apakah teks berikut: #iklanahokjahat Terorist nyata di Indonesia... Bukan wahabi, bukan Onta Tapi Babi Babi milik Cina Penebar Teror sesungguhnya...., termasuk dalam kategori ujaran kebencian atau tidak?
- iya
- tidak",iya
7082,id_hatespeech,id_hatespeech_nusantara_text,fd489c1d-f519-4d6f-9de4-9a9ed872720a,hate_or_noHate_zs_opt_kategori,train,"Menurutmu, apakah teks berikut: RT @TerorisSocmed: Sadarlah wahai anak Bangsa, Ibu Pertiwi Sedang Diporakporandakan Oleh Manusia BIADAB @basuki_btp Sebagai Aktor Utama, termasuk dalam kategori ujaran kebencian atau tidak?
- iya
- tidak",iya
7083,id_hatespeech,id_hatespeech_nusantara_text,fd489c1d-f519-4d6f-9de4-9a9ed872720a,hate_or_noHate_zs_opt_kategori,train,"Menurutmu, apakah teks berikut: Sepertinya gerombolan @basuki_btp rindu kerusuhan, hati2 dikabul Tuhan #IklanAhokJahat, termasuk dalam kategori ujaran kebencian atau tidak?
- iya
- tidak",iya
7084,id_hatespeech,id_hatespeech_nusantara_text,fd489c1d-f519-4d6f-9de4-9a9ed872720a,hate_or_noHate_zs_opt_kategori,train,"Menurutmu, apakah teks berikut: Ahok and Bani serbet and wereng Coklat MEMANCING UMAT MUSLIM supaya marah? dengan #IklanAhokJahat. KALIAN ITU KUMPULAN ORANG SINTING, termasuk dalam kategori ujaran kebencian atau tidak?
- iya
- tidak",iya
7085,id_hatespeech,id_hatespeech_nusantara_text,fd489c1d-f519-4d6f-9de4-9a9ed872720a,hate_or_noHate_zs_opt_kategori,train,"Menurutmu, apakah teks berikut: #IklanAhokJahat baru ada direzim jokopret,setan,iblis,dajjal dibangkitkan dr kuburnya. Mereka gembira berpesta pora setelah lama dibelenggu, termasuk dalam kategori ujaran kebencian atau tidak?
- iya
- tidak",iya
7086,id_hatespeech,id_hatespeech_nusantara_text,fd489c1d-f519-4d6f-9de4-9a9ed872720a,hate_or_noHate_zs_opt_kategori,train,"Menurutmu, apakah teks berikut: Yang anti cina & mau ganyang cina tuh siapaaaa..??? kami cuma anti AHOK sang Penista Agama! #kampanyeAhokJahat #IklanAhokJahat #kampanyeSARA, termasuk dalam kategori ujaran kebencian atau tidak?
- iya
- tidak",iya
7087,id_hatespeech,id_hatespeech_nusantara_text,fd489c1d-f519-4d6f-9de4-9a9ed872720a,hate_or_noHate_zs_opt_kategori,train,"Menurutmu, apakah teks berikut: Udah bingung kalik mau pakai cara apa untuk kampanye. Sampai2 bikin fitnah yang kayak begituan. Depresi ya takut kalah? #IklanAhokJahat, termasuk dalam kategori ujaran kebencian atau tidak?
- iya
- tidak",iya
7088,id_hatespeech,id_hatespeech_nusantara_text,fd489c1d-f519-4d6f-9de4-9a9ed872720a,hate_or_noHate_zs_opt_kategori,train,"Menurutmu, apakah teks berikut: Tahukah Anda apa persamaan antara malin kundang dengan Ahok? mereka berdua sama-sam DURHAKA!!!!!!! #ASBAK #iklanahokjahat #kampanyeahokjahat, termasuk dalam kategori ujaran kebencian atau tidak?
- iya
- tidak",iya
7089,id_hatespeech,id_hatespeech_nusantara_text,fd489c1d-f519-4d6f-9de4-9a9ed872720a,hate_or_noHate_zs_opt_kategori,train,"Menurutmu, apakah teks berikut: HADUH KELAKUANMU HOK, SOK-SOKAN MENJAGA KEBERAGAMAN PADAHAL PROVOKATOR & RASIS!! #IklanAhokJahat, termasuk dalam kategori ujaran kebencian atau tidak?
- iya
- tidak",iya
7090,id_hatespeech,id_hatespeech_nusantara_text,fd489c1d-f519-4d6f-9de4-9a9ed872720a,hate_or_noHate_zs_opt_kategori,train,"Menurutmu, apakah teks berikut: RT @sarwandi_sr: #IklanAhokJahat bikin darah mendidih. bangsat penuh dengan propaganda. emang lo kira islam radikal ?Kalau kami mau, termasuk dalam kategori ujaran kebencian atau tidak?
- iya
- tidak",iya
7091,id_hatespeech,id_hatespeech_nusantara_text,fd489c1d-f519-4d6f-9de4-9a9ed872720a,hate_or_noHate_zs_opt_kategori,train,"Menurutmu, apakah teks berikut: Kapolda Babi! Biadap dan Bodoh! Gak punya otak kali., termasuk dalam kategori ujaran kebencian atau tidak?
- iya
- tidak",iya
7092,id_hatespeech,id_hatespeech_nusantara_text,fd489c1d-f519-4d6f-9de4-9a9ed872720a,hate_or_noHate_zs_opt_kategori,train,"Menurutmu, apakah teks berikut: Jangan2 lagi deh @basuki_btp hina islam, anda itu manusia hina dibandingkan agama yang mulia, anda bukan siapa2 & bukan apa2 #IklanAhokJahat, termasuk dalam kategori ujaran kebencian atau tidak?
- iya
- tidak",iya
7093,id_hatespeech,id_hatespeech_nusantara_text,fd489c1d-f519-4d6f-9de4-9a9ed872720a,hate_or_noHate_zs_opt_kategori,train,"Menurutmu, apakah teks berikut: AHOK KAFIR DAN BUDAK2NYA ATAU ANJING2 NYA HANYA SEBAGAI SAMPAH AGAMA ISLAM DAN SAMPAH MASYARAKAT, termasuk dalam kategori ujaran kebencian atau tidak?
- iya
- tidak",iya
7094,id_hatespeech,id_hatespeech_nusantara_text,fd489c1d-f519-4d6f-9de4-9a9ed872720a,hate_or_noHate_zs_opt_kategori,train,"Menurutmu, apakah teks berikut: umat agama islam dijakarta sangat haram dan sangat najis sekali dengan ahok kafir kristen..., termasuk dalam kategori ujaran kebencian atau tidak?
- iya
- tidak",iya
7095,id_hatespeech,id_hatespeech_nusantara_text,fd489c1d-f519-4d6f-9de4-9a9ed872720a,hate_or_noHate_zs_opt_kategori,train,"Menurutmu, apakah teks berikut: 19 april CNN kibarkan bendera kuning atas kematian ahok-djarot...., termasuk dalam kategori ujaran kebencian atau tidak?
- iya
- tidak",iya
7096,id_hatespeech,id_hatespeech_nusantara_text,fd489c1d-f519-4d6f-9de4-9a9ed872720a,hate_or_noHate_zs_opt_kategori,train,"Menurutmu, apakah teks berikut: itulah akibat ulah orang2 kafir nasrani persis seperti ahok kafir yg melarang jilbab kepada anak2 sekokah di jakarta...., termasuk dalam kategori ujaran kebencian atau tidak?
- iya
- tidak",iya
7097,id_hatespeech,id_hatespeech_nusantara_text,fd489c1d-f519-4d6f-9de4-9a9ed872720a,hate_or_noHate_zs_opt_kategori,train,"Menurutmu, apakah teks berikut: baswedan pantas jadi gubernur jakarta dan komisioner KPK..... ahok kafir pantasnya jadi germo di alexis...., termasuk dalam kategori ujaran kebencian atau tidak?
- iya
- tidak",iya
7098,id_hatespeech,id_hatespeech_nusantara_text,fd489c1d-f519-4d6f-9de4-9a9ed872720a,hate_or_noHate_zs_opt_kategori,train,"Menurutmu, apakah teks berikut: RT @yudijannis: #IklanAhokJahat bagaimana klo kita ganyang beneran hok?itu sih maunya elo ya hok,adu domba pribumi dengan tionghoa!!jangan, termasuk dalam kategori ujaran kebencian atau tidak?
- iya
- tidak",iya
7099,id_hatespeech,id_hatespeech_nusantara_text,fd489c1d-f519-4d6f-9de4-9a9ed872720a,hate_or_noHate_zs_opt_kategori,train,"Menurutmu, apakah teks berikut: masalahnya djarot tidak bisa memikirkan rakyat kecil pribumi bisanya hanya membabu kpd cina2 betul2 songong jongkok., termasuk dalam kategori ujaran kebencian atau tidak?
- iya
- tidak",iya
7100,id_hatespeech,id_hatespeech_nusantara_text,fd489c1d-f519-4d6f-9de4-9a9ed872720a,hate_or_noHate_zs_opt_kategori,train,"Menurutmu, apakah teks berikut: otak wc otak babi yg menerima ahok kafir & kamu, ahok kafir bkn sekedar menghina sdh anggap islam itu sampah, termasuk dalam kategori ujaran kebencian atau tidak?
- iya
- tidak",iya
7101,id_hatespeech,id_hatespeech_nusantara_text,fd489c1d-f519-4d6f-9de4-9a9ed872720a,hate_or_noHate_zs_opt_kategori,train,"Menurutmu, apakah teks berikut: DALAM PUTARAN DUA NANTI JIKA SAMPAI AHOK KAFIR CURANG UMAT ISLAM SUDAH KOMITMEN JAKARTA AKAN DIJADIKAN LAUTAN API, SUDAH TIDAK MIKIR HUKUM, termasuk dalam kategori ujaran kebencian atau tidak?
- iya
- tidak",iya
7102,id_hatespeech,id_hatespeech_nusantara_text,fd489c1d-f519-4d6f-9de4-9a9ed872720a,hate_or_noHate_zs_opt_kategori,train,"Menurutmu, apakah teks berikut: #IKLANAHOKJAHAT AHOK MENCIPTAKAN BARA API ANTARA RAKYAT PRIBUMI DENGAN TIONGHOA YG DIBALUT DENGAN PHOBIA.... AHOK KAFIR RASIS..., termasuk dalam kategori ujaran kebencian atau tidak?
- iya
- tidak",iya
7103,id_hatespeech,id_hatespeech_nusantara_text,fd489c1d-f519-4d6f-9de4-9a9ed872720a,hate_or_noHate_zs_opt_kategori,train,"Menurutmu, apakah teks berikut: jangan heran pemerintahan jokowi sekarang ini budaknya kulinya cina2 ahok kafir dan 9 naga..., termasuk dalam kategori ujaran kebencian atau tidak?
- iya
- tidak",iya
7104,id_hatespeech,id_hatespeech_nusantara_text,fd489c1d-f519-4d6f-9de4-9a9ed872720a,hate_or_noHate_zs_opt_kategori,train,"Menurutmu, apakah teks berikut: Ya itu namanya cawgub goblok gak ngerti peraturan debat....kelihatan bego dan liciknya itu sandiaga uno., termasuk dalam kategori ujaran kebencian atau tidak?
- iya
- tidak",iya
7105,id_hatespeech,id_hatespeech_nusantara_text,fd489c1d-f519-4d6f-9de4-9a9ed872720a,hate_or_noHate_zs_opt_kategori,train,"Menurutmu, apakah teks berikut: BODOH jika para pendukung ahok yg Muslim tidak tersinggung sama sekali ! Tapi bisa aja sih Qur'an d hina saja mrka diam #IklanAhokJahat, termasuk dalam kategori ujaran kebencian atau tidak?
- iya
- tidak",iya
7106,id_hatespeech,id_hatespeech_nusantara_text,fd489c1d-f519-4d6f-9de4-9a9ed872720a,hate_or_noHate_zs_opt_kategori,train,"Menurutmu, apakah teks berikut: Gubraaaaak!!!! Malu liatnya... Untung semalem debat ga kaya MATA NAJWA.. Coba kalo formatnya sama pasti Ringsek dah pasangan ASU..., termasuk dalam kategori ujaran kebencian atau tidak?
- iya
- tidak",iya
7107,id_hatespeech,id_hatespeech_nusantara_text,fd489c1d-f519-4d6f-9de4-9a9ed872720a,hate_or_noHate_zs_opt_kategori,train,"Menurutmu, apakah teks berikut: YG JELAS OTAK AHOK-DJAROT SUDAH SANGAT TUMPUL SANGAT LOYO DAN STRESS..... SUDAH JEBOL HARUS DICOPOT DAN DIGANTI....., termasuk dalam kategori ujaran kebencian atau tidak?
- iya
- tidak",iya
7108,id_hatespeech,id_hatespeech_nusantara_text,fd489c1d-f519-4d6f-9de4-9a9ed872720a,hate_or_noHate_zs_opt_kategori,train,"Menurutmu, apakah teks berikut: AHOK KAFIR BUKAN HANYA MALING TAPI JUGA GARONG, LAHAN LAUT MILIK NELAYAN DIRAMPOK & DIRAMPAS UNTUK REKLAMASI YG MENGUNTUNGKAN CINA2 KAFIR.., termasuk dalam kategori ujaran kebencian atau tidak?
- iya
- tidak",iya
7109,id_hatespeech,id_hatespeech_nusantara_text,fd489c1d-f519-4d6f-9de4-9a9ed872720a,hate_or_noHate_zs_opt_kategori,train,"Menurutmu, apakah teks berikut: Sumpah bego bgt sih kesel gue. Kenapa ada org yg vote makhluk kayak Sandiaga Uno coba. Oh agama, termasuk dalam kategori ujaran kebencian atau tidak?
- iya
- tidak",iya
7110,id_hatespeech,id_hatespeech_nusantara_text,fd489c1d-f519-4d6f-9de4-9a9ed872720a,hate_or_noHate_zs_opt_kategori,train,"Menurutmu, apakah teks berikut: responden2 yangg goblok2 belum faham & juga wartawan beritasatu juga goblok, nanti klo anies-sandy sudah memimpin sangat mudah, termasuk dalam kategori ujaran kebencian atau tidak?
- iya
- tidak",iya
7111,id_hatespeech,id_hatespeech_nusantara_text,fd489c1d-f519-4d6f-9de4-9a9ed872720a,hate_or_noHate_zs_opt_kategori,train,"Menurutmu, apakah teks berikut: FPI RENOVASI MASJID ITU SANGAT TEPAT, AHOK KAFIR KRISTEN NGAPAIN NGURUSI MASJID2 APA HUBUNGANNYA....., termasuk dalam kategori ujaran kebencian atau tidak?
- iya
- tidak",iya
7112,id_hatespeech,id_hatespeech_nusantara_text,fd489c1d-f519-4d6f-9de4-9a9ed872720a,hate_or_noHate_zs_opt_kategori,train,"Menurutmu, apakah teks berikut: MENGAPA ahoker KRISTEN & MUNAFIK tidak berhenti mengolok2 GEREJA stiap hari? Apakah mereka memang dibriefing ahok untuk menghina si BUMI DATAR?, termasuk dalam kategori ujaran kebencian atau tidak?
- iya
- tidak",iya
7113,id_hatespeech,id_hatespeech_nusantara_text,fd489c1d-f519-4d6f-9de4-9a9ed872720a,hate_or_noHate_zs_opt_kategori,train,"Menurutmu, apakah teks berikut: uma surveynya si Botak yg menangkan Ahok. Karena apa? Karena dia Cina Kristen. Bukti kalo si Botak dukung sesama Cina Kristen, termasuk dalam kategori ujaran kebencian atau tidak?
- iya
- tidak",iya
7114,id_hatespeech,id_hatespeech_nusantara_text,fd489c1d-f519-4d6f-9de4-9a9ed872720a,hate_or_noHate_zs_opt_kategori,train,"Menurutmu, apakah teks berikut: AHOK PEMECAH BELAH UMMAT, AJARAN KRISTEN KONYOL, demi meraup suara muslim, JELAS AHOK INI RASIS, PKI TULEN, termasuk dalam kategori ujaran kebencian atau tidak?
- iya
- tidak",iya
7115,id_hatespeech,id_hatespeech_nusantara_text,fd489c1d-f519-4d6f-9de4-9a9ed872720a,hate_or_noHate_zs_opt_kategori,train,"Menurutmu, apakah teks berikut: Woy @aagym lu udah nonton yang ini? Fitnah? Pale lu peyang gym. https://t.co/U3QhuJpwg, termasuk dalam kategori ujaran kebencian atau tidak?
- iya
- tidak",iya
7116,id_hatespeech,id_hatespeech_nusantara_text,fd489c1d-f519-4d6f-9de4-9a9ed872720a,hate_or_noHate_zs_opt_kategori,train,"Menurutmu, apakah teks berikut: Ahok :memilih pemimpin Berdasarkan agama melanggar konstitusi. Sebaiknya BABI INI DI BUNGKUS aja, CONGORNYAPECAH BELAH UMAT BERAGAMA., termasuk dalam kategori ujaran kebencian atau tidak?
- iya
- tidak",iya
7117,id_hatespeech,id_hatespeech_nusantara_text,fd489c1d-f519-4d6f-9de4-9a9ed872720a,hate_or_noHate_zs_opt_kategori,train,"Menurutmu, apakah teks berikut: Saya pribumi, Kristen dan mendukung Ahok. Tapi saya paling anti dengan manusia2 bodoh dan goblok seperti Steven Hadisurya Sulistyo., termasuk dalam kategori ujaran kebencian atau tidak?
- iya
- tidak",iya
7118,id_hatespeech,id_hatespeech_nusantara_text,fd489c1d-f519-4d6f-9de4-9a9ed872720a,hate_or_noHate_zs_opt_kategori,train,"Menurutmu, apakah teks berikut: Maksudnya terbukti KORUPSI dan PENISTAAN agama nya ya om, Bangsat lo, TAIK LO, maaf gw pake Bahasa Babi Ahok., termasuk dalam kategori ujaran kebencian atau tidak?
- iya
- tidak",iya
7119,id_hatespeech,id_hatespeech_nusantara_text,fd489c1d-f519-4d6f-9de4-9a9ed872720a,hate_or_noHate_zs_opt_kategori,train,"Menurutmu, apakah teks berikut: Ehh TAIK, Bangsat lo, Omongan elo kayak IwAn bopeng, yg MO potong leher TNI, Bangsat lo IwAn bopeng, baek2in TNI. TAIK LO,, termasuk dalam kategori ujaran kebencian atau tidak?
- iya
- tidak",iya
7120,id_hatespeech,id_hatespeech_nusantara_text,fd489c1d-f519-4d6f-9de4-9a9ed872720a,hate_or_noHate_zs_opt_kategori,train,"Menurutmu, apakah teks berikut: Ehh anak anjing Ahok, Kelan itu blon siuman, mending emut2 bool basuki lagi aja sana, kasih tau sama Babi yg lain, bool basuki wangi gitu, termasuk dalam kategori ujaran kebencian atau tidak?
- iya
- tidak",iya
7121,id_hatespeech,id_hatespeech_nusantara_text,fd489c1d-f519-4d6f-9de4-9a9ed872720a,hate_or_noHate_zs_opt_kategori,train,"Menurutmu, apakah teks berikut: CWE CAKEP TP BEGO.PANTES GK LAKU.SI AHOK CINA BAU TAI.MAKAN BUBUR ENCER.AHOK FAHAM KOMUNIS.MENISTA ISLAM & KRISTEN, termasuk dalam kategori ujaran kebencian atau tidak?
- iya
- tidak",iya
7122,id_hatespeech,id_hatespeech_nusantara_text,fd489c1d-f519-4d6f-9de4-9a9ed872720a,hate_or_noHate_zs_opt_kategori,train,"Menurutmu, apakah teks berikut: Dan ajeng pasti paham si Babi Ahok klo bicara santun, BANGSAT, TAIK, ANJING, SETAN LO, dngn intonasi yg familiar tuntuna, termasuk dalam kategori ujaran kebencian atau tidak?
- iya
- tidak",iya
7123,id_hatespeech,id_hatespeech_nusantara_text,fd489c1d-f519-4d6f-9de4-9a9ed872720a,hate_or_noHate_zs_opt_kategori,train,"Menurutmu, apakah teks berikut: Itu dia, BUNUH AJA YG DIDEPAN MATA, DIA MAFIA KORUPTOR NYA, PENISTA AGAMA PULA, PANGGILAN POPULAR NYA BABI AHOK, termasuk dalam kategori ujaran kebencian atau tidak?
- iya
- tidak",iya
7124,id_hatespeech,id_hatespeech_nusantara_text,fd489c1d-f519-4d6f-9de4-9a9ed872720a,hate_or_noHate_zs_opt_kategori,train,"Menurutmu, apakah teks berikut: Gimana dgn Sumber waras.. Trans Jakarta ko jokowi diem ajah.... Harusnya si kutil babi ahok di ganyang, termasuk dalam kategori ujaran kebencian atau tidak?
- iya
- tidak",iya
7125,id_hatespeech,id_hatespeech_nusantara_text,fd489c1d-f519-4d6f-9de4-9a9ed872720a,hate_or_noHate_zs_opt_kategori,train,"Menurutmu, apakah teks berikut: Muka Si BABi Ahok Tuh Yg Mirip SERBET Lantai....@basuki_btp..., termasuk dalam kategori ujaran kebencian atau tidak?
- iya
- tidak",iya
7126,id_hatespeech,id_hatespeech_nusantara_text,fd489c1d-f519-4d6f-9de4-9a9ed872720a,hate_or_noHate_zs_opt_kategori,train,"Menurutmu, apakah teks berikut: Betul bang hancurkan merka bang, musnahkan china babi dibumi pertiwi indonesia, berkedok reklamasi itu ahok, termasuk dalam kategori ujaran kebencian atau tidak?
- iya
- tidak",iya
7127,id_hatespeech,id_hatespeech_nusantara_text,fd489c1d-f519-4d6f-9de4-9a9ed872720a,hate_or_noHate_zs_opt_kategori,train,"Menurutmu, apakah teks berikut: Sapa Yg bilang Ahok anti korupsi!?, klo grombolannyA NGOMONG gtu wajar, AHOK ITU MAFIA KORUPTOR SANG PENISTA AGAMA YG DILINDUNGI ISTANA PKI, termasuk dalam kategori ujaran kebencian atau tidak?
- iya
- tidak",iya
7128,id_hatespeech,id_hatespeech_nusantara_text,fd489c1d-f519-4d6f-9de4-9a9ed872720a,hate_or_noHate_zs_opt_kategori,train,"Menurutmu, apakah teks berikut: Gw juga ngimpi SENTILIN BIJI BABI AHOK, pcetar Pcetar, langsung kejang2 die, ngadu ke Jkw, Jkw: makanye sunat dulu, bru NGOMONG Almaidah., termasuk dalam kategori ujaran kebencian atau tidak?
- iya
- tidak",iya
7129,id_hatespeech,id_hatespeech_nusantara_text,fd489c1d-f519-4d6f-9de4-9a9ed872720a,hate_or_noHate_zs_opt_kategori,train,"Menurutmu, apakah teks berikut: Mudah2an gw ketemu sama SI BABI IWAN BOPENG DI TPS nya anjing Ahok, termasuk dalam kategori ujaran kebencian atau tidak?
- iya
- tidak",iya
